1 1 1 1 1 1 1 1 1 1 1 1 1 1 1 1 1 1 1 1 
0 0 0 0 0 0 0 0 0 0 0 0 0 0 0 0 0 0 0 0 
0.790231 0.790231 0.790231 0.790231 0.790231 0.790231 0.790231 0.790231 0.790231 0.790231 0.790231 0.790231 0.790231 0.790231 0.790231 0.790231 0.790231 0.790231 0.790231 0.790231 
0.00181726 0.00181726 0.00181726 0.00181726 0.00181726 0.00181726 0.00181726 0.00181726 0.00181726 0.00181726 0.00181726 0.00181726 0.00181726 0.00181726 0.00181726 0.00181726 0.00181726 0.00181726 0.00181726 0.00181726 
0.564514 0.564514 0.564514 0.564514 0.564514 0.564514 0.564514 0.564514 0.564514 0.564514 0.564514 0.564514 0.564514 0.564514 0.564514 0.564514 0.564514 0.564514 0.564514 0.564514 
0.00377298 0.00377298 0.00377298 0.00377298 0.00377298 0.00377298 0.00377298 0.00377298 0.00377298 0.00377298 0.00377298 0.00377298 0.00377298 0.00377298 0.00377298 0.00377298 0.00377298 0.00377298 0.00377298 0.00377298 
0.0135 0.0135 0.0135 0.0135 0.0135 0.0135 0.0135 0.0135 0.0135 0.0135 0.0135 0.0135 0.0135 0.0135 0.0135 0.0135 0.0135 0.0135 0.0135 0.0135 
0.000806226 0.000806226 0.000806226 0.000806226 0.000806226 0.000806226 0.000806226 0.000806226 0.000806226 0.000806226 0.000806226 0.000806226 0.000806226 0.000806226 0.000806226 0.000806226 0.000806226 0.000806226 0.000806226 0.000806226 
0.00283314 0.00566936 0.00956666 0.0166656 0.0272304 0.0446224 0.074537 0.128358 0.216374 0.347849 0.5149 0.675064 0.806216 0.891444 0.942241 0.970615 0.98477 0.992205 0.99609 0.998134 
0.00058866 0.000832981 0.000818537 0.00122694 0.00135167 0.00194282 0.00300767 0.00283983 0.0042295 0.00387511 0.00587017 0.00368255 0.00345439 0.00171969 0.000867302 0.000784415 0.000683352 0.00047226 0.00037414 0.000231027 
0.758007 0.767234 0.786565 0.795263 0.800551 0.807907 0.810563 0.811475 0.809739 0.806411 0.800611 0.797581 0.793824 0.792913 0.791481 0.791084 0.790377 0.789967 0.790628 0.790363 
0.00710501 0.0221291 0.00766462 0.00571878 0.003639 0.00313526 0.00293119 0.00266205 0.00150565 0.00174947 0.00225516 0.00161054 0.00163714 0.00139302 0.00149289 0.0013849 0.00119197 0.000971132 0.00124434 0.00115579 
0.22313 0.399537 0.461208 0.528726 0.542089 0.566291 0.580144 0.587388 0.590162 0.587627 0.579353 0.574661 0.569412 0.568744 0.566524 0.565879 0.56466 0.563876 0.565282 0.56474 
0.139754 0.104448 0.032632 0.040807 0.0170543 0.00930951 0.00699623 0.00713898 0.00513636 0.00302169 0.00432151 0.00403178 0.00334743 0.00307449 0.00322987 0.00286632 0.00244788 0.0020347 0.00261424 0.00240837 
0.0132 0.01335 0.01325 0.0132 0.01315 0.0132 0.01335 0.0134 0.0135 0.0138 0.01395 0.01405 0.01445 0.01435 0.01405 0.0141 0.0146 0.01415 0.01425 0.0142 
0.000678233 0.000572276 0.000622495 0.000509902 0.00047697 0.0004 0.00047697 0.000489898 0.000591608 0.000509902 0.000589491 0.000668954 0.000589491 0.000572276 0.000589491 0.000538516 0.000663325 0.000572276 0.00053619 0.0004 
0.0028746 0.00563711 0.00971408 0.0168299 0.0275222 0.0445518 0.0744203 0.128496 0.216722 0.347428 0.514591 0.674317 0.807062 0.891473 0.942341 0.971016 0.984647 0.992073 0.996058 0.998128 
0.000711449 0.00102948 0.00113213 0.00163116 0.00179864 0.00281813 0.00396407 0.00402516 0.00586608 0.00439983 0.00760917 0.00514091 0.00515364 0.00268771 0.00162125 0.00144445 0.00130254 0.000720637 0.000673297 0.000433292 
0.710695 0.74444 0.744906 0.762005 0.766907 0.775058 0.779951 0.783393 0.787944 0.788432 0.788661 0.790238 0.789661 0.790174 0.790148 0.790393 0.789868 0.789811 0.790463 0.79038 
0.0237088 0.0160955 0.00915587 0.00928773 0.00750952 0.00436296 0.00521087 0.00304069 0.0027291 0.00243109 0.00169199 0.00168795 0.0015412 0.00160252 0.00207407 0.00101101 0.00130847 0.00157546 0.00180653 0.000968486 
0.430893 0.453742 0.474653 0.508702 0.521776 0.535277 0.542127 0.550327 0.559173 0.561465 0.562112 0.563865 0.563373 0.564469 0.564582 0.564876 0.563769 0.563659 0.564994 0.564794 
0.0495575 0.0337617 0.0397751 0.022685 0.0135953 0.0107001 0.0123679 0.008523 0.00676693 0.00427114 0.00286682 0.00363049 0.00313805 0.00359469 0.004411 0.00207374 0.00271705 0.00319316 0.00372932 0.00202049 
0.01335 0.01315 0.01335 0.01335 0.0134 0.0133 0.01345 0.0135 0.0135 0.0137 0.0138 0.0142 0.01405 0.0141 0.0143 0.01425 0.0143 0.0145 0.0144 0.01425 
0.000572276 0.00047697 0.000653835 0.000572276 0.000489898 0.000458258 0.000497494 0.000591608 0.0005 0.000640312 0.0004 0.000509902 0.000497494 0.00043589 0.000556776 0.00053619 0.000458258 0.0005 0.000583095 0.000433013 
1 1 1 1 1 1 1 1 1 1 1 1 1 1 1 1 1 1 1 1 
0 0 0 0 0 0 0 0 0 0 0 0 0 0 0 0 0 0 0 0 
0.789378 0.789378 0.789378 0.789378 0.789378 0.789378 0.789378 0.789378 0.789378 0.789378 0.789378 0.789378 0.789378 0.789378 0.789378 0.789378 0.789378 0.789378 0.789378 0.789378 
0.00155613 0.00155613 0.00155613 0.00155613 0.00155613 0.00155613 0.00155613 0.00155613 0.00155613 0.00155613 0.00155613 0.00155613 0.00155613 0.00155613 0.00155613 0.00155613 0.00155613 0.00155613 0.00155613 0.00155613 
0.562575 0.562575 0.562575 0.562575 0.562575 0.562575 0.562575 0.562575 0.562575 0.562575 0.562575 0.562575 0.562575 0.562575 0.562575 0.562575 0.562575 0.562575 0.562575 0.562575 
0.00319971 0.00319971 0.00319971 0.00319971 0.00319971 0.00319971 0.00319971 0.00319971 0.00319971 0.00319971 0.00319971 0.00319971 0.00319971 0.00319971 0.00319971 0.00319971 0.00319971 0.00319971 0.00319971 0.00319971 
0.01485 0.01485 0.01485 0.01485 0.01485 0.01485 0.01485 0.01485 0.01485 0.01485 0.01485 0.01485 0.01485 0.01485 0.01485 0.01485 0.01485 0.01485 0.01485 0.01485 
0.000357071 0.000357071 0.000357071 0.000357071 0.000357071 0.000357071 0.000357071 0.000357071 0.000357071 0.000357071 0.000357071 0.000357071 0.000357071 0.000357071 0.000357071 0.000357071 0.000357071 0.000357071 0.000357071 0.000357071 
0.00253217 0.00391726 0.00703602 0.0120896 0.0192777 0.0312352 0.0505221 0.0859802 0.142666 0.234104 0.369408 0.527144 0.686659 0.811606 0.894578 0.944328 0.970901 0.98504 0.992396 0.996313 
0.000382908 0.000517968 0.000576438 0.000677765 0.00103567 0.0015031 0.00172364 0.0020867 0.003066 0.00272322 0.00428916 0.00412258 0.00388337 0.00225882 0.00145802 0.00116631 0.000891298 0.000699651 0.00056641 0.00033368 
0.76972 0.778947 0.790458 0.802041 0.80504 0.809659 0.811621 0.812524 0.81081 0.808925 0.802764 0.799209 0.795059 0.793325 0.791545 0.79076 0.7902 0.789233 0.789851 0.789114 
0.0127537 0.010725 0.00597079 0.003927 0.00351177 0.00448877 0.00332986 0.00235899 0.00225812 0.00190123 0.00220302 0.00159646 0.00179614 0.0011824 0.00169208 0.00145001 0.00166345 0.0013584 0.00189359 0.00164131 
0.365929 0.398062 0.48398 0.54586 0.549952 0.571421 0.578033 0.587231 0.588559 0.589539 0.58081 0.57575 0.570282 0.56842 0.56659 0.565013 0.563809 0.561921 0.563385 0.562364 
0.100566 0.0998647 0.0472891 0.0223617 0.0164336 0.0170123 0.011073 0.00673945 0.0074867 0.00343119 0.00467396 0.00396994 0.00360868 0.00246775 0.00326245 0.00284338 0.00375835 0.00277925 0.00414141 0.00335976 
0.0134 0.01335 0.0133 0.01335 0.01355 0.0135 0.0135 0.0137 0.01405 0.01425 0.0148 0.01525 0.0152 0.0156 0.0156 0.0157 0.0158 0.01565 0.0156 0.01565 
0.000489898 0.00047697 0.000458258 0.000572276 0.000589491 0.0005 0.0005 0.000458258 0.000497494 0.000433013 0.0006 0.000433013 0.0004 0.000583095 0.000489898 0.000556776 0.0004 0.00047697 0.000663325 0.00047697 
0.00254753 0.0039403 0.0069746 0.0122324 0.0195955 0.031051 0.0502749 0.0861844 0.142797 0.233382 0.369631 0.526965 0.686949 0.812179 0.894675 0.944784 0.970806 0.984848 0.992414 0.996374 
0.000495064 0.00071434 0.000732322 0.00116223 0.00157319 0.00223871 0.00261732 0.00269071 0.00460252 0.00342852 0.00598472 0.00622751 0.00649767 0.00368919 0.00216589 0.00197048 0.00169199 0.00118863 0.000989943 0.000539465 
0.730001 0.751758 0.757876 0.76841 0.773613 0.779193 0.783121 0.784589 0.787491 0.78893 0.788956 0.789492 0.788967 0.789868 0.789709 0.789177 0.789847 0.788706 0.789639 0.78915 
0.0263772 0.0134392 0.00992361 0.00907947 0.00533034 0.00499339 0.00467933 0.00382366 0.00267833 0.00225261 0.00238094 0.00203306 0.00198701 0.00165504 0.00167307 0.00124798 0.00177965 0.00121077 0.00212178 0.00164683 
0.423944 0.439459 0.481584 0.513035 0.522466 0.53933 0.543882 0.549309 0.556877 0.560147 0.561623 0.561712 0.561447 0.563772 0.563766 0.562329 0.563368 0.561114 0.562946 0.562465 
0.0704689 0.0515531 0.038281 0.0223888 0.0129813 0.0113548 0.0114651 0.00956763 0.00754393 0.00543283 0.00470495 0.00327427 0.00384549 0.00313404 0.00327489 0.00245066 0.00393766 0.00233938 0.00443234 0.00335293 
0.01375 0.01365 0.01375 0.01375 0.01365 0.0136 0.01385 0.01375 0.0139 0.01445 0.01445 0.01525 0.01545 0.0159 0.01565 0.0158 0.01595 0.01615 0.0163 0.0162 
0.00053619 0.000572276 0.000622495 0.000433013 0.000792149 0.000489898 0.000357071 0.000698212 0.000538516 0.000497494 0.000497494 0.000622495 0.000497494 0.0006245 0.00047697 0.0004 0.000668954 0.000653835 0.000556776 0.0004 
1 1 1 1 1 1 1 1 1 1 1 1 1 1 1 1 1 1 1 1 
0 0 0 0 0 0 0 0 0 0 0 0 0 0 0 0 0 0 0 0 
0.839507 0.839507 0.839507 0.839507 0.839507 0.839507 0.839507 0.839507 0.839507 0.839507 0.839507 0.839507 0.839507 0.839507 0.839507 0.839507 0.839507 0.839507 0.839507 0.839507 
0.000834632 0.000834632 0.000834632 0.000834632 0.000834632 0.000834632 0.000834632 0.000834632 0.000834632 0.000834632 0.000834632 0.000834632 0.000834632 0.000834632 0.000834632 0.000834632 0.000834632 0.000834632 0.000834632 0.000834632 
0.62079 0.62079 0.62079 0.62079 0.62079 0.62079 0.62079 0.62079 0.62079 0.62079 0.62079 0.62079 0.62079 0.62079 0.62079 0.62079 0.62079 0.62079 0.62079 0.62079 
0.0021831 0.0021831 0.0021831 0.0021831 0.0021831 0.0021831 0.0021831 0.0021831 0.0021831 0.0021831 0.0021831 0.0021831 0.0021831 0.0021831 0.0021831 0.0021831 0.0021831 0.0021831 0.0021831 0.0021831 
0.01565 0.01565 0.01565 0.01565 0.01565 0.01565 0.01565 0.01565 0.01565 0.01565 0.01565 0.01565 0.01565 0.01565 0.01565 0.01565 0.01565 0.01565 0.01565 0.01565 
0.000572276 0.000572276 0.000572276 0.000572276 0.000572276 0.000572276 0.000572276 0.000572276 0.000572276 0.000572276 0.000572276 0.000572276 0.000572276 0.000572276 0.000572276 0.000572276 0.000572276 0.000572276 0.000572276 0.000572276 
0.00334756 0.00551734 0.00842419 0.0176438 0.0331393 0.0565508 0.089254 0.138555 0.212111 0.313949 0.446921 0.591412 0.730966 0.838015 0.909212 0.952243 0.97503 0.987233 0.993652 0.996889 
0.00246199 0.00339293 0.00463582 0.0043415 0.002723 0.0022479 0.00325126 0.00338784 0.00281737 0.00265181 0.00355532 0.00400376 0.00275341 0.00196735 0.00113318 0.000908928 0.000753685 0.000612394 0.000405009 0.000293629 
0.769683 0.776559 0.774413 0.790413 0.806425 0.820634 0.826022 0.831601 0.834346 0.836673 0.83788 0.838488 0.838727 0.839337 0.839226 0.839908 0.839618 0.839481 0.839738 0.839463 
0.0194389 0.0235985 0.0206726 0.0179717 0.00925511 0.00452859 0.00262886 0.00190864 0.00130256 0.0010702 0.00094213 0.000784138 0.000928618 0.000508856 0.0010058 0.00098822 0.000706073 0.000781082 0.000945653 0.000757579 
0.110424 0.166643 0.149568 0.307216 0.434799 0.523895 0.553437 0.580899 0.595673 0.60535 0.612137 0.615046 0.617617 0.619112 0.619742 0.62173 0.620815 0.62034 0.621066 0.62038 
0.19215 0.217392 0.190068 0.153265 0.0643847 0.0281672 0.0142008 0.00989033 0.00765106 0.00515578 0.00416236 0.00291931 0.00278794 0.00208337 0.00326186 0.00321658 0.00245517 0.00224106 0.0033335 0.00260856 
0.01425 0.01405 0.014 0.01405 0.0144 0.01455 0.0144 0.01495 0.01515 0.01535 0.0157 0.016 0.0165 0.01645 0.0165 0.01655 0.0165 0.0163 0.01645 0.01645 
0.000433013 0.000497494 0.000316228 0.000384057 0.000489898 0.000497494 0.000489898 0.000589491 0.000726292 0.00047697 0.000640312 0.000316228 0.0005 0.000497494 0.000591608 0.000497494 0.0005 0.000458258 0.000668954 0.000497494 
0.00333221 0.00549123 0.00855932 0.0177528 0.0334971 0.0565861 0.0892863 0.138651 0.212255 0.313356 0.447213 0.590378 0.731539 0.83831 0.909141 0.9525 0.974875 0.987006 0.993686 0.99692 
0.00236548 0.00325919 0.0047203 0.00439086 0.00300908 0.00300929 0.00388336 0.00473666 0.00445833 0.00404022 0.00595382 0.00672413 0.00463508 0.00317223 0.00209291 0.00175828 0.00153475 0.00103434 0.000807802 0.000479052 
0.748432 0.754358 0.753495 0.765159 0.778354 0.799719 0.810144 0.819966 0.826936 0.831152 0.834627 0.836372 0.837795 0.838806 0.838862 0.839541 0.839395 0.839501 0.839682 0.839492 
0.0105288 0.00628306 0.00789897 0.0079006 0.00844662 0.00777256 0.00495047 0.00284968 0.00156967 0.00110921 0.00118636 0.00105188 0.000706331 0.000543714 0.000920969 0.00100803 0.000751241 0.000837757 0.000942646 0.000851221 
0.0530892 0.0334966 0.0429488 0.0751327 0.187519 0.363337 0.442109 0.507825 0.552776 0.577555 0.595279 0.603546 0.61174 0.615843 0.617716 0.620574 0.619976 0.6202 0.620872 0.620458 
0.0497074 0.0316652 0.0312503 0.0718629 0.0749687 0.0678776 0.0390132 0.0191842 0.00995388 0.0063992 0.00639735 0.00488121 0.00284365 0.00221315 0.00340824 0.00283665 0.00240309 0.00246879 0.00332054 0.00281394 
0.01435 0.0142 0.01445 0.0144 0.01425 0.01445 0.0148 0.01485 0.0149 0.0155 0.0156 0.01605 0.01635 0.01655 0.0163 0.0167 0.0168 0.01665 0.0166 0.0168 
0.000572276 0.000509902 0.000497494 0.000489898 0.000433013 0.000668954 0.0004 0.00047697 0.00043589 0.000591608 0.000489898 0.000497494 0.00047697 0.000589491 0.000640312 0.000458258 0.000509902 0.000572276 0.000489898 0.000509902 
1 1 1 1 1 1 1 1 1 1 1 1 1 1 1 1 1 1 1 1 
0 0 0 0 0 0 0 0 0 0 0 0 0 0 0 0 0 0 0 0 
0.83878 0.83878 0.83878 0.83878 0.83878 0.83878 0.83878 0.83878 0.83878 0.83878 0.83878 0.83878 0.83878 0.83878 0.83878 0.83878 0.83878 0.83878 0.83878 0.83878 
0.000698343 0.000698343 0.000698343 0.000698343 0.000698343 0.000698343 0.000698343 0.000698343 0.000698343 0.000698343 0.000698343 0.000698343 0.000698343 0.000698343 0.000698343 0.000698343 0.000698343 0.000698343 0.000698343 0.000698343 
0.611485 0.611485 0.611485 0.611485 0.611485 0.611485 0.611485 0.611485 0.611485 0.611485 0.611485 0.611485 0.611485 0.611485 0.611485 0.611485 0.611485 0.611485 0.611485 0.611485 
0.00199445 0.00199445 0.00199445 0.00199445 0.00199445 0.00199445 0.00199445 0.00199445 0.00199445 0.00199445 0.00199445 0.00199445 0.00199445 0.00199445 0.00199445 0.00199445 0.00199445 0.00199445 0.00199445 0.00199445 
0.0182 0.0182 0.0182 0.0182 0.0182 0.0182 0.0182 0.0182 0.0182 0.0182 0.0182 0.0182 0.0182 0.0182 0.0182 0.0182 0.0182 0.0182 0.0182 0.0182 
0.0006 0.0006 0.0006 0.0006 0.0006 0.0006 0.0006 0.0006 0.0006 0.0006 0.0006 0.0006 0.0006 0.0006 0.0006 0.0006 0.0006 0.0006 0.0006 0.0006 
0.0100826 0.0163831 0.0265256 0.0461319 0.0726406 0.111382 0.16573 0.245444 0.352919 0.481266 0.621053 0.749126 0.849625 0.915242 0.955198 0.97716 0.988256 0.993784 0.996967 0.998523 
0.00663131 0.0065031 0.00872525 0.00499663 0.00467931 0.00371836 0.00333079 0.00225252 0.00250399 0.00233883 0.00295668 0.00199164 0.00227069 0.00154313 0.000917583 0.000741359 0.00066122 0.000408983 0.000301518 0.000166212 
0.780478 0.788552 0.797044 0.813797 0.819975 0.827074 0.8296 0.833102 0.835222 0.836558 0.837743 0.838319 0.838242 0.838818 0.838807 0.839082 0.838824 0.838838 0.839073 0.838965 
0.0283358 0.0221415 0.022597 0.00999801 0.00639714 0.00218565 0.00118641 0.00102396 0.00075536 0.000910135 0.000651265 0.000642856 0.000645309 0.000554076 0.000662146 0.000938855 0.000943574 0.000766769 0.000774302 0.000738195 
0.189466 0.276268 0.340446 0.475302 0.515629 0.552979 0.566624 0.583634 0.595081 0.601565 0.606608 0.608859 0.610029 0.611165 0.611228 0.612545 0.611505 0.611845 0.612208 0.611709 
0.24598 0.191156 0.183692 0.0651288 0.036449 0.0108963 0.00617192 0.00601387 0.0037006 0.0032425 0.00215538 0.00168769 0.0021559 0.00182678 0.00162358 0.00297602 0.00281757 0.00205149 0.00212528 0.00189789 
0.0152 0.01515 0.0152 0.0152 0.01555 0.01565 0.016 0.0167 0.017 0.0175 0.018 0.0186 0.0186 0.0187 0.01895 0.01905 0.01915 0.019 0.0193 0.0193 
0.000509902 0.00047697 0.0004 0.000509902 0.000497494 0.000572276 0.000447214 0.000640312 0.000547723 0.000591608 0.000447214 0.000583095 0.000489898 0.000640312 0.000384057 0.000384057 0.000357071 0.000316228 0.000556776 0.000640312 
0.0100934 0.0163017 0.026759 0.0460413 0.0725024 0.111305 0.165838 0.245829 0.353131 0.480793 0.620672 0.748451 0.850903 0.915086 0.955183 0.977576 0.988124 0.99361 0.997004 0.998504 
0.00650513 0.00626635 0.00886503 0.00532424 0.00478202 0.00415496 0.00469286 0.00315938 0.00450073 0.00399071 0.00474975 0.00424699 0.00438888 0.00260062 0.00167937 0.0010198 0.00118238 0.000649859 0.000542429 0.000363527 
0.754446 0.758834 0.767269 0.784219 0.800318 0.811079 0.81845 0.825452 0.829803 0.833284 0.835444 0.837012 0.837539 0.838591 0.838581 0.839013 0.838792 0.83889 0.839085 0.838925 
0.00738942 0.00507113 0.00877173 0.00685789 0.00417884 0.00254103 0.00164909 0.0014567 0.00108419 0.000900718 0.000699179 0.000736148 0.000561098 0.000599567 0.000636884 0.000863094 0.000915695 0.000841794 0.000831568 0.000724551 
0.0443255 0.0359294 0.0983696 0.242221 0.376658 0.452024 0.498731 0.539839 0.565912 0.582932 0.594969 0.601538 0.605917 0.609504 0.610096 0.612094 0.611342 0.611876 0.612226 0.611578 
0.0494369 0.0276793 0.068293 0.0643395 0.0368696 0.018136 0.0132573 0.0089645 0.00523668 0.00407081 0.00241864 0.00201519 0.00245603 0.00209715 0.00158417 0.00273605 0.00280461 0.00217144 0.00224873 0.00181696 
0.0154 0.0155 0.01555 0.01545 0.01575 0.0158 0.0164 0.0165 0.01725 0.0178 0.01825 0.0185 0.0189 0.0192 0.0194 0.01905 0.0195 0.01925 0.0193 0.0195 
0.000489898 0.0005 0.000497494 0.000497494 0.000433013 0.0006 0.000489898 0.0005 0.00053619 0.0004 0.000433013 0.0005 0.0003 0.0006 0.000583095 0.000589491 0.000591608 0.00053619 0.000556776 0.000591608 
0.0115245 0.0194619 0.0364562 0.0809419 0.201706 0.412421 0.621833 0.778268 0.877356 0.934598 0.966641 0.982709 0.991548 0.995683 0.997772 0.998876 0.99939 0.999673 0.99986 0.999923 
0.000773534 0.00146073 0.00307336 0.00446154 0.00856643 0.0126428 0.0073245 0.00600235 0.00246678 0.00198957 0.0014803 0.000870336 0.000569665 0.000379692 0.000236992 0.000195785 0.000143813 7.90637e-005 5.53448e-005 4.99948e-005 
0.8002 0.808784 0.81681 0.818181 0.814227 0.806967 0.801109 0.798274 0.796106 0.794804 0.794384 0.794478 0.794102 0.793985 0.793948 0.793217 0.794082 0.794199 0.794441 0.793985 
0.00640478 0.00436751 0.00372134 0.00347868 0.00229363 0.00140128 0.00137019 0.00128954 0.000830633 0.00156823 0.00148415 0.00104306 0.00144804 0.00172186 0.00148851 0.0016587 0.00149758 0.00153754 0.00142532 0.00135679 
0.544938 0.573314 0.593188 0.602855 0.600261 0.589054 0.581114 0.578055 0.575204 0.573539 0.573162 0.573614 0.5729 0.57268 0.572674 0.5712 0.572991 0.573217 0.573747 0.572772 
0.0263913 0.0173031 0.0128321 0.00633118 0.00580465 0.00414191 0.00276631 0.00281642 0.00173793 0.00326317 0.00310376 0.00219463 0.00303512 0.00354874 0.00308999 0.00340923 0.00309118 0.00317025 0.00290952 0.00281977 
1.0872 1.08315 1.0825 1.0857 1.09105 1.10155 1.10685 1.1116 1.1127 1.1138 1.11555 1.11255 1.11455 1.1163 1.1149 1.11435 1.11695 1.1148 1.11335 1.1171 
0.00568859 0.00463977 0.0056701 0.00509019 0.00641463 0.00628868 0.00556125 0.00509313 0.00681982 0.00472864 0.00559888 0.00582645 0.00591164 0.0047655 0.00432319 0.00511151 0.0046095 0.00656963 0.00605207 0.00664756 
1 1 1 1 1 1 1 1 1 1 1 1 1 1 1 1 1 1 1 1 
0 0 0 0 0 0 0 0 0 0 0 0 0 0 0 0 0 0 0 0 
0.844371 0.844371 0.844371 0.844371 0.844371 0.844371 0.844371 0.844371 0.844371 0.844371 0.844371 0.844371 0.844371 0.844371 0.844371 0.844371 0.844371 0.844371 0.844371 0.844371 
0.000729714 0.000729714 0.000729714 0.000729714 0.000729714 0.000729714 0.000729714 0.000729714 0.000729714 0.000729714 0.000729714 0.000729714 0.000729714 0.000729714 0.000729714 0.000729714 0.000729714 0.000729714 0.000729714 0.000729714 
0.644104 0.644104 0.644104 0.644104 0.644104 0.644104 0.644104 0.644104 0.644104 0.644104 0.644104 0.644104 0.644104 0.644104 0.644104 0.644104 0.644104 0.644104 0.644104 0.644104 
0.00201862 0.00201862 0.00201862 0.00201862 0.00201862 0.00201862 0.00201862 0.00201862 0.00201862 0.00201862 0.00201862 0.00201862 0.00201862 0.00201862 0.00201862 0.00201862 0.00201862 0.00201862 0.00201862 0.00201862 
0.2673 0.2673 0.2673 0.2673 0.2673 0.2673 0.2673 0.2673 0.2673 0.2673 0.2673 0.2673 0.2673 0.2673 0.2673 0.2673 0.2673 0.2673 0.2673 0.2673 
0.00207605 0.00207605 0.00207605 0.00207605 0.00207605 0.00207605 0.00207605 0.00207605 0.00207605 0.00207605 0.00207605 0.00207605 0.00207605 0.00207605 0.00207605 0.00207605 0.00207605 0.00207605 0.00207605 0.00207605 
0.00237093 0.00423513 0.00731857 0.0133012 0.0220724 0.0373914 0.0612435 0.103177 0.168404 0.264852 0.395184 0.548185 0.694515 0.813347 0.894378 0.943171 0.970667 0.984752 0.992543 0.996296 
0.00111516 0.000824588 0.00119021 0.00104197 0.00117088 0.00194083 0.00230016 0.00316793 0.00306332 0.0034139 0.0039623 0.00253374 0.00261988 0.0026104 0.00206274 0.0014411 0.00109911 0.000687521 0.000470559 0.00035357 
0.778749 0.791112 0.800273 0.8162 0.82561 0.831756 0.835627 0.838793 0.841193 0.842185 0.843618 0.843973 0.844048 0.844539 0.84438 0.844166 0.844125 0.844553 0.844721 0.844156 
0.0182822 0.0116189 0.0124394 0.00562587 0.00356335 0.00182628 0.0012136 0.00103218 0.000727346 0.000783741 0.000853842 0.000569068 0.000710592 0.000774546 0.000521399 0.000873252 0.000882736 0.000608407 0.000826563 0.000674291 
0.28456 0.37344 0.428792 0.529807 0.572347 0.597998 0.613704 0.627472 0.635465 0.63806 0.643166 0.643016 0.644199 0.644768 0.644016 0.644324 0.643786 0.644381 0.645344 0.64379 
0.219833 0.111101 0.10716 0.0364099 0.0210361 0.0119188 0.00684742 0.0062962 0.00320914 0.00391194 0.00322107 0.00254883 0.00224703 0.00263099 0.00157827 0.00235229 0.00286281 0.00180736 0.00248888 0.00223561 
0.0156 0.0175 0.01925 0.02285 0.02815 0.03585 0.04755 0.06635 0.0923 0.1259 0.1645 0.1999 0.22705 0.2469 0.25655 0.2623 0.26405 0.26485 0.26625 0.26835 
0.00142829 0.0011619 0.00113468 0.00106184 0.00106184 0.00152561 0.00153216 0.00224221 0.00192614 0.00271846 0.00208567 0.00197231 0.00267348 0.00236432 0.00224666 0.00275862 0.00229074 0.00247538 0.00202176 0.00241402 
0.0189091 0.0228525 0.0165843 0.0226421 0.0136421 0.0212447 0.0283975 0.0308252 0.0354965 0.0422776 0.0591428 0.0999217 0.184032 0.341479 0.557669 0.764711 0.897234 0.960132 0.985652 0.994825 
0.014095 0.013166 0.0150215 0.0132253 0.0143046 0.0121009 0.00799158 0.00384788 0.00225408 0.00135446 0.00151707 0.00298177 0.00280844 0.00391753 0.00376452 0.00242277 0.00128715 0.00113406 0.000572802 0.000364486 
0.804863 0.813883 0.794449 0.813091 0.790562 0.808794 0.82608 0.828506 0.833463 0.836441 0.838151 0.840258 0.842508 0.843792 0.844239 0.844295 0.844093 0.844652 0.844801 0.844265 
0.0354692 0.0324924 0.0390908 0.0324496 0.0353071 0.0310507 0.0219909 0.0135845 0.00556931 0.00201081 0.00101048 0.000843662 0.000799204 0.000733943 0.000675925 0.000724683 0.000874148 0.000599395 0.000724981 0.000554248 
0.374465 0.447131 0.323246 0.441161 0.259416 0.416442 0.543049 0.570694 0.603399 0.612017 0.622304 0.631127 0.639369 0.642865 0.644469 0.644564 0.643856 0.64447 0.64556 0.643991 
0.284267 0.261019 0.295451 0.259959 0.282304 0.24456 0.16217 0.0800858 0.0296346 0.00972873 0.00514553 0.00553605 0.00370921 0.00287671 0.0020809 0.00208454 0.00233523 0.00182332 0.00244544 0.00192893 
0.05675 0.0596 0.0554 0.05965 0.05295 0.05875 0.0632 0.0653 0.0678 0.0711 0.0792 0.0971 0.1279 0.17585 0.2258 0.2604 0.27755 0.2844 0.28665 0.28775 
0.0102366 0.00976422 0.0108462 0.0097482 0.0104042 0.00883105 0.00560892 0.0031 0.00174929 0.00141067 0.00163095 0.00252784 0.00181384 0.0024955 0.00310805 0.00257682 0.00285438 0.00208327 0.0023297 0.00260528 
0.0188492 0.02255 0.0168284 0.0227189 0.0138878 0.021148 0.0280289 0.0308851 0.0361199 0.0422115 0.0592196 0.100603 0.184013 0.341791 0.558272 0.764055 0.897029 0.959877 0.985848 0.994782 
0.0140446 0.0130217 0.0153317 0.0132596 0.0144826 0.0120744 0.00807433 0.00395763 0.00257895 0.00167825 0.00168273 0.00453923 0.00411908 0.00550991 0.00558344 0.00495451 0.00275083 0.00197859 0.000924546 0.000723445 
0.767837 0.781205 0.736083 0.772049 0.752242 0.774367 0.814814 0.82112 0.822564 0.824262 0.828496 0.833637 0.837043 0.840281 0.842529 0.843689 0.843875 0.844391 0.844761 0.844351 
0.0784721 0.0794454 0.100731 0.116469 0.0924081 0.0976414 0.0160608 0.00320209 0.00355305 0.00320028 0.00185497 0.00158727 0.00109862 0.00120542 0.00092326 0.000940962 0.00070826 0.00067346 0.000837975 0.000641564 
0.439644 0.476281 0.415371 0.463809 0.382711 0.486289 0.531541 0.569721 0.571563 0.577326 0.596218 0.60884 0.62368 0.632236 0.639798 0.642329 0.643334 0.643778 0.64518 0.644121 
0.190443 0.16464 0.162263 0.17321 0.198809 0.128399 0.0903286 0.0213779 0.01357 0.0244063 0.0142904 0.0112081 0.00845095 0.00478957 0.00451673 0.00310855 0.00277022 0.00204931 0.00263974 0.00200793 
0.0212 0.0228 0.02025 0.02235 0.0193 0.0217 0.02485 0.0254 0.02685 0.0291 0.03465 0.04775 0.0742 0.1222 0.18925 0.25095 0.2936 0.31175 0.3202 0.32195 
0.0054 0.00474974 0.00573476 0.00469335 0.005245 0.00425558 0.00313488 0.0012 0.00123592 0.000943398 0.00119478 0.0023211 0.0021587 0.00283901 0.00372659 0.00272901 0.00251794 0.00301455 0.00295973 0.00349964 
0 0 0 0 0 0 0 0 0 0 0 0 0 0 0 0 0 0 0 0 
0 0 0 0 0 0 0 0 0 0 0 0 0 0 0 0 0 0 0 0 
0 0 0 0 0 0 0 0 0 0 0 0 0 0 0 0 0 0 0 0 
0 0 0 0 0 0 0 0 0 0 0 0 0 0 0 0 0 0 0 0 
0 0 0 0 0 0 0 0 0 0 0 0 0 0 0 0 0 0 0 0 
0 0 0 0 0 0 0 0 0 0 0 0 0 0 0 0 0 0 0 0 
0 0 0 0 0 0 0 0 0 0 0 0 0 0 0 0 0 0 0 0 
0 0 0 0 0 0 0 0 0 0 0 0 0 0 0 0 0 0 0 0 
