/******************************************/
PAI_C	 Acc	 F1	 Max_F1
1e-005	0.501219	0.0657382	0.501219
0.0001	0.500231	0.0471571	0.501219
0.001	0.505139	0.145457	0.505139
0.01	0.539413	0.507163	0.539413
0.1	0.569934	0.560901	0.569934
1	0.554347	0.554032	0.569934
10	0.537593	0.537284	0.569934
100	0.53844	0.538515	0.569934
1000	0.539253	0.53878	0.569934
10000	0.537426	0.537227	0.569934
100000	0.538005	0.537788	0.569934
/******************************************/
/******************************************/
PAII_C	 Acc	 F1	 Max_F1 
1e-005	0.510188	0.297039	0.510188
0.0001	0.524056	0.504275	0.524056
0.001	0.541874	0.532999	0.541874
0.01	0.56879	0.562466	0.56879
0.1	0.563557	0.561769	0.56879
1	0.545493	0.545469	0.56879
10	0.540088	0.539762	0.56879
100	0.538872	0.538965	0.56879
1000	0.539896	0.53982	0.56879
10000	0.539988	0.540076	0.56879
100000	0.537278	0.537543	0.56879
/******************************************/
/******************************************/
r	 eta	 acc	 f1	 max_F1
1e-005	1e-005	0.521153	0.51099	0.521153
1e-005	0.0001	0.521515	0.487665	0.521515
1e-005	0.001	0.522254	0.525992	0.522254
1e-005	0.01	0.523856	0.509965	0.523856
1e-005	0.1	0.519676	0.539544	0.523856
1e-005	1	0.525226	0.550068	0.525226
1e-005	10	0.525007	0.5033	0.525226
1e-005	100	0.521481	0.528285	0.525226
1e-005	1000	0.523844	0.508438	0.525226
1e-005	10000	0.522544	0.504681	0.525226
1e-005	100000	0.549036	0.549101	0.549036
0.0001	1e-005	0.523913	0.532687	0.549036
0.0001	0.0001	0.527534	0.54931	0.549036
0.0001	0.001	0.525356	0.52014	0.549036
0.0001	0.01	0.526539	0.512985	0.549036
0.0001	0.1	0.524976	0.509133	0.549036
0.0001	1	0.527557	0.513621	0.549036
0.0001	10	0.526062	0.507261	0.549036
0.0001	100	0.529563	0.507772	0.549036
0.0001	1000	0.52861	0.522928	0.549036
0.0001	10000	0.557518	0.55083	0.557518
0.0001	100000	0.594705	0.597542	0.594705
0.001	1e-005	0.534983	0.553018	0.594705
0.001	0.0001	0.528086	0.518341	0.594705
0.001	0.001	0.533821	0.535682	0.594705
0.001	0.01	0.532585	0.472033	0.594705
0.001	0.1	0.532091	0.488211	0.594705
0.001	1	0.532648	0.488945	0.594705
0.001	10	0.532024	0.479173	0.594705
0.001	100	0.531552	0.493039	0.594705
0.001	1000	0.565167	0.562732	0.594705
0.001	10000	0.604023	0.605549	0.604023
0.001	100000	0.587672	0.58763	0.604023
0.01	1e-005	0.536128	0.492142	0.604023
0.01	0.0001	0.54066	0.509506	0.604023
0.01	0.001	0.537605	0.53917	0.604023
0.01	0.01	0.538793	0.479894	0.604023
0.01	0.1	0.535843	0.451126	0.604023
0.01	1	0.539294	0.551353	0.604023
0.01	10	0.53595	0.467646	0.604023
0.01	100	0.569373	0.554151	0.604023
0.01	1000	0.605113	0.606671	0.605113
0.01	10000	0.588544	0.588885	0.605113
0.01	100000	0.557703	0.557461	0.605113
0.1	1e-005	0.540091	0.438429	0.605113
0.1	0.0001	0.540446	0.468505	0.605113
0.1	0.001	0.545159	0.49944	0.605113
0.1	0.01	0.54099	0.547208	0.605113
0.1	0.1	0.539673	0.496993	0.605113
0.1	1	0.543609	0.521173	0.605113
0.1	10	0.568423	0.543428	0.605113
0.1	100	0.604692	0.60543	0.605113
0.1	1000	0.588596	0.589075	0.605113
0.1	10000	0.557175	0.557207	0.605113
0.1	100000	0.549673	0.549332	0.605113
1	1e-005	0.537917	0.389136	0.605113
1	0.0001	0.541478	0.44779	0.605113
1	0.001	0.542443	0.437192	0.605113
1	0.01	0.540887	0.43936	0.605113
1	0.1	0.544648	0.511178	0.605113
1	1	0.55775	0.476925	0.605113
1	10	0.603963	0.604053	0.605113
1	100	0.590317	0.590137	0.605113
1	1000	0.558271	0.558012	0.605113
1	10000	0.549884	0.549601	0.605113
1	100000	0.548594	0.548261	0.605113
10	1e-005	0.531877	0.364073	0.605113
10	0.0001	0.53906	0.44935	0.605113
10	0.001	0.53671	0.408812	0.605113
10	0.01	0.539381	0.45213	0.605113
10	0.1	0.539101	0.42267	0.605113
10	1	0.598678	0.593653	0.605113
10	10	0.595103	0.594102	0.605113
10	100	0.560589	0.560505	0.605113
10	1000	0.548335	0.548131	0.605113
10	10000	0.54757	0.547269	0.605113
10	100000	0.54736	0.547032	0.605113
100	1e-005	0.521886	0.301865	0.605113
100	0.0001	0.519701	0.278063	0.605113
100	0.001	0.521721	0.309968	0.605113
100	0.01	0.520806	0.297651	0.605113
100	0.1	0.574364	0.531265	0.605113
100	1	0.597073	0.593732	0.605113
100	10	0.569966	0.569374	0.605113
100	100	0.549047	0.548885	0.605113
100	1000	0.545864	0.545559	0.605113
100	10000	0.54624	0.545915	0.605113
100	100000	0.546031	0.545726	0.605113
1000	1e-005	0.500915	0.0527381	0.605113
1000	0.0001	0.501012	0.0461732	0.605113
1000	0.001	0.501125	0.054802	0.605113
1000	0.01	0.516941	0.205397	0.605113
1000	0.1	0.579677	0.560938	0.605113
1000	1	0.58234	0.580284	0.605113
1000	10	0.55312	0.553042	0.605113
1000	100	0.54428	0.543899	0.605113
1000	1000	0.543254	0.54295	0.605113
1000	10000	0.543601	0.543289	0.605113
1000	100000	0.543688	0.543378	0.605113
10000	1e-005	0.500155	0.00959849	0.605113
10000	0.0001	0.500179	0.00985051	0.605113
10000	0.001	0.500129	0.0063336	0.605113
10000	0.01	0.53744	0.471466	0.605113
10000	0.1	0.576504	0.562092	0.605113
10000	1	0.566976	0.566607	0.605113
10000	10	0.545779	0.545621	0.605113
10000	100	0.541749	0.541489	0.605113
10000	1000	0.541025	0.540725	0.605113
10000	10000	0.541102	0.540799	0.605113
10000	100000	0.540765	0.540461	0.605113
100000	1e-005	0.499719	0.0214958	0.605113
100000	0.0001	0.499704	0.0185583	0.605113
100000	0.001	0.500364	0.0479677	0.605113
100000	0.01	0.538588	0.495374	0.605113
100000	0.1	0.571402	0.560383	0.605113
100000	1	0.558972	0.558305	0.605113
100000	10	0.543111	0.542828	0.605113
100000	100	0.540191	0.53994	0.605113
100000	1000	0.540107	0.539813	0.605113
100000	10000	0.540132	0.539853	0.605113
100000	100000	0.539825	0.539539	0.605113
/******************************************/
/******************************************/
r	 acc	 f1	 max_F1
1e-005	0.589525	0.577687	0.589525
0.0001	0.589524	0.576756	0.589525
0.001	0.589577	0.576816	0.589577
0.01	0.589883	0.576807	0.589883
0.1	0.588809	0.57558	0.589883
1	0.586317	0.569893	0.589883
10	0.577921	0.553206	0.589883
100	0.557588	0.505475	0.589883
1000	0.531766	0.411647	0.589883
10000	0.511657	0.238746	0.589883
100000	0.502491	0.0844615	0.589883
/******************************************/

Best PAI_C: 	0.1
Best PAII_C:	0.01
Best AROW_r=0.01	 AROW_eta=1000
Best AROWC_r=0.01
