1 1 1 1 1 1 1 1 1 1 1 1 1 1 1 1 1 1 1 1 
0 0 0 0 0 0 0 0 0 0 0 0 0 0 0 0 0 0 0 0 
0.539119 0.539119 0.539119 0.539119 0.539119 0.539119 0.539119 0.539119 0.539119 0.539119 0.539119 0.539119 0.539119 0.539119 0.539119 0.539119 0.539119 0.539119 0.539119 0.539119 
0.00129394 0.00129394 0.00129394 0.00129394 0.00129394 0.00129394 0.00129394 0.00129394 0.00129394 0.00129394 0.00129394 0.00129394 0.00129394 0.00129394 0.00129394 0.00129394 0.00129394 0.00129394 0.00129394 0.00129394 
0.538842 0.538842 0.538842 0.538842 0.538842 0.538842 0.538842 0.538842 0.538842 0.538842 0.538842 0.538842 0.538842 0.538842 0.538842 0.538842 0.538842 0.538842 0.538842 0.538842 
0.0013014 0.0013014 0.0013014 0.0013014 0.0013014 0.0013014 0.0013014 0.0013014 0.0013014 0.0013014 0.0013014 0.0013014 0.0013014 0.0013014 0.0013014 0.0013014 0.0013014 0.0013014 0.0013014 0.0013014 
0.06515 0.06515 0.06515 0.06515 0.06515 0.06515 0.06515 0.06515 0.06515 0.06515 0.06515 0.06515 0.06515 0.06515 0.06515 0.06515 0.06515 0.06515 0.06515 0.06515 
0.0014239 0.0014239 0.0014239 0.0014239 0.0014239 0.0014239 0.0014239 0.0014239 0.0014239 0.0014239 0.0014239 0.0014239 0.0014239 0.0014239 0.0014239 0.0014239 0.0014239 0.0014239 0.0014239 0.0014239 
0.0028588 0.0053125 0.00961806 0.0183069 0.0336102 0.0628384 0.11486 0.201065 0.328244 0.490902 0.6572 0.792167 0.884376 0.938477 0.968139 0.983838 0.991818 0.995953 0.997915 0.998918 
0.000323821 0.000589495 0.000677755 0.000907191 0.0014829 0.000894784 0.0017248 0.00219997 0.00202211 0.00226225 0.00186348 0.00134509 0.00119275 0.00062194 0.000464059 0.000324953 0.000258814 0.000202299 0.000145391 0.000102058 
0.505872 0.508646 0.509456 0.514911 0.519305 0.526116 0.531754 0.538669 0.541625 0.542256 0.541271 0.540797 0.540288 0.539672 0.539356 0.53984 0.539404 0.539675 0.539516 0.539006 
0.00348499 0.00395754 0.00376025 0.00387008 0.0019336 0.00300006 0.00172793 0.00186496 0.0014037 0.00140343 0.00142585 0.00127648 0.00135845 0.00164425 0.0016298 0.00149995 0.00126541 0.00100702 0.00119773 0.00117645 
0.472287 0.524816 0.509756 0.508797 0.518855 0.522816 0.532903 0.537964 0.541376 0.54193 0.540802 0.540487 0.539997 0.539331 0.539048 0.539591 0.539135 0.539429 0.539202 0.538733 
0.084969 0.0442224 0.0394989 0.0219095 0.015146 0.00785274 0.00630333 0.00369799 0.00186051 0.00189904 0.0014035 0.00129787 0.00138981 0.0016942 0.00172656 0.00146291 0.00126602 0.000992653 0.00120159 0.0011762 
0.0616 0.06145 0.0617 0.0619 0.06235 0.0629 0.06315 0.0634 0.06475 0.06555 0.0662 0.06705 0.06705 0.06685 0.06715 0.06755 0.06815 0.0674 0.068 0.0677 
0.00124097 0.00102347 0.00122882 0.00147986 0.00158981 0.000888819 0.00135185 0.00128062 0.00147902 0.00102347 0.000927362 0.00146544 0.00132193 0.00106184 0.00115217 0.00156445 0.00110793 0.00156205 0.00148324 0.00138203 
0.00290278 0.00540139 0.00961204 0.0182597 0.0335995 0.0627569 0.114868 0.20098 0.328239 0.490443 0.657134 0.791933 0.884799 0.938556 0.96816 0.983641 0.99192 0.995937 0.997906 0.998877 
0.00040281 0.000733192 0.000833919 0.000981518 0.00193199 0.00105181 0.00213952 0.00341305 0.00293965 0.00368097 0.00297117 0.00222004 0.00194119 0.00111212 0.000854073 0.000597883 0.000496649 0.000369005 0.000266246 0.000166128 
0.505282 0.506146 0.510024 0.513978 0.518276 0.522251 0.52715 0.531569 0.533708 0.536099 0.537492 0.5386 0.538786 0.538921 0.539297 0.539134 0.53907 0.540011 0.5395 0.539072 
0.00423915 0.00323071 0.00302382 0.00343927 0.00266284 0.00203818 0.00132811 0.00143149 0.00131849 0.00148964 0.00163246 0.00132894 0.00167709 0.00115558 0.00176778 0.00127554 0.00125654 0.00122582 0.00144714 0.00136395 
0.510729 0.503961 0.505992 0.512355 0.517109 0.52164 0.525875 0.531447 0.532916 0.535664 0.536982 0.538234 0.53855 0.538584 0.539042 0.538861 0.538826 0.539743 0.5392 0.538811 
0.0144345 0.0147072 0.0100976 0.00779626 0.00738906 0.0055627 0.00207955 0.00245286 0.00211764 0.00135921 0.00129413 0.00135846 0.00166245 0.00115614 0.0018164 0.00124808 0.00128426 0.00121239 0.00144194 0.00135838 
0.06225 0.0614 0.0617 0.0618 0.06155 0.06245 0.06285 0.06295 0.0648 0.06625 0.06665 0.06675 0.06725 0.0673 0.0671 0.06775 0.0678 0.0671 0.0672 0.0677 
0.00157718 0.0012 0.00181934 0.001249 0.00102347 0.000920598 0.00138834 0.00107121 0.0012083 0.00181315 0.0014239 0.00137386 0.00157718 0.00134536 0.00151327 0.00175713 0.001249 0.00147986 0.00143527 0.00118743 
1 1 1 1 1 1 1 1 1 1 1 1 1 1 1 1 1 1 1 1 
0 0 0 0 0 0 0 0 0 0 0 0 0 0 0 0 0 0 0 0 
0.538145 0.538145 0.538145 0.538145 0.538145 0.538145 0.538145 0.538145 0.538145 0.538145 0.538145 0.538145 0.538145 0.538145 0.538145 0.538145 0.538145 0.538145 0.538145 0.538145 
0.0013121 0.0013121 0.0013121 0.0013121 0.0013121 0.0013121 0.0013121 0.0013121 0.0013121 0.0013121 0.0013121 0.0013121 0.0013121 0.0013121 0.0013121 0.0013121 0.0013121 0.0013121 0.0013121 0.0013121 
0.538046 0.538046 0.538046 0.538046 0.538046 0.538046 0.538046 0.538046 0.538046 0.538046 0.538046 0.538046 0.538046 0.538046 0.538046 0.538046 0.538046 0.538046 0.538046 0.538046 
0.00139455 0.00139455 0.00139455 0.00139455 0.00139455 0.00139455 0.00139455 0.00139455 0.00139455 0.00139455 0.00139455 0.00139455 0.00139455 0.00139455 0.00139455 0.00139455 0.00139455 0.00139455 0.00139455 0.00139455 
0.0728 0.0728 0.0728 0.0728 0.0728 0.0728 0.0728 0.0728 0.0728 0.0728 0.0728 0.0728 0.0728 0.0728 0.0728 0.0728 0.0728 0.0728 0.0728 0.0728 
0.00136382 0.00136382 0.00136382 0.00136382 0.00136382 0.00136382 0.00136382 0.00136382 0.00136382 0.00136382 0.00136382 0.00136382 0.00136382 0.00136382 0.00136382 0.00136382 0.00136382 0.00136382 0.00136382 0.00136382 
0.00220556 0.00391574 0.00712731 0.0131722 0.0236463 0.0429338 0.0769218 0.133529 0.223908 0.352646 0.511813 0.670867 0.801433 0.888554 0.94074 0.969344 0.984496 0.992152 0.996098 0.997993 
0.000267697 0.000386122 0.000483329 0.000720912 0.000853042 0.00121973 0.00134143 0.00160722 0.00126064 0.00170596 0.00225755 0.00196342 0.00117457 0.000986128 0.000693591 0.000557993 0.000317425 0.000285171 0.000205138 0.00012998 
0.507138 0.507527 0.511267 0.512834 0.518273 0.52359 0.529591 0.535248 0.538439 0.54143 0.541188 0.540463 0.539742 0.539148 0.53837 0.538399 0.538 0.538319 0.537943 0.538166 
0.00278148 0.00490288 0.00426562 0.00309377 0.00336489 0.00294598 0.00205067 0.00208156 0.00147041 0.00155874 0.00137737 0.00137744 0.00146717 0.00152859 0.00160529 0.00141531 0.00109929 0.00117772 0.00155322 0.00113238 
0.509224 0.50156 0.493054 0.514787 0.515815 0.522086 0.525595 0.535865 0.537408 0.540619 0.540545 0.539893 0.539186 0.538718 0.538084 0.538147 0.537724 0.537888 0.537615 0.537961 
0.0706214 0.0453149 0.034907 0.0159693 0.0122597 0.0101202 0.00664759 0.00475502 0.00251767 0.00262831 0.00146832 0.00155293 0.00149497 0.00183632 0.00166811 0.00154371 0.00113506 0.00131802 0.0015988 0.00107602 
0.0611 0.0611 0.06115 0.0621 0.0618 0.0628 0.0631 0.06305 0.06565 0.06665 0.0697 0.0718 0.07365 0.07415 0.0745 0.0764 0.0763 0.0753 0.07565 0.0752 
0.00160935 0.00109087 0.00155804 0.00151327 0.00132665 0.00196469 0.00137477 0.00156445 0.00106184 0.00119478 0.00138203 0.00132665 0.0014586 0.00110793 0.00146629 0.00149666 0.00184662 0.00141774 0.00179652 0.00146969 
0.00223796 0.00393519 0.00710417 0.0131116 0.0235708 0.0429111 0.0769491 0.133452 0.223705 0.352404 0.511404 0.670585 0.801924 0.888554 0.94069 0.969235 0.984589 0.992171 0.996108 0.997941 
0.000321832 0.000533803 0.00062692 0.000795335 0.00115258 0.00148201 0.00174844 0.00232871 0.00255944 0.00300523 0.00305841 0.00295556 0.00214704 0.00172985 0.0013065 0.00100795 0.00069126 0.000520775 0.000375464 0.000195859 
0.504388 0.507226 0.508916 0.512766 0.515613 0.519562 0.523965 0.527637 0.531045 0.533816 0.535325 0.536427 0.537294 0.537559 0.53755 0.537962 0.537864 0.53814 0.53785 0.538157 
0.00311135 0.00333058 0.00230506 0.00297577 0.002497 0.0022251 0.00182085 0.00189741 0.0016059 0.00171241 0.00161757 0.00119197 0.00148005 0.00163199 0.00160224 0.00147077 0.0012132 0.00123218 0.00157257 0.00117278 
0.510895 0.505064 0.509737 0.511092 0.514913 0.518556 0.523313 0.527093 0.530392 0.533534 0.53479 0.535757 0.536892 0.537066 0.537403 0.537665 0.537618 0.537733 0.537557 0.537947 
0.0243906 0.0178736 0.00818264 0.00712484 0.00641658 0.00446698 0.00244305 0.00319728 0.00250899 0.00206807 0.00176778 0.00142306 0.0016985 0.00186769 0.00177113 0.00162006 0.00132478 0.00138791 0.00160699 0.00114778 
0.06155 0.0615 0.0617 0.06215 0.06245 0.06255 0.06365 0.06415 0.0663 0.06805 0.07045 0.0724 0.0737 0.07495 0.075 0.07645 0.07655 0.07555 0.07675 0.07645 
0.00168745 0.00146629 0.00151987 0.00115217 0.00180208 0.00168745 0.00155804 0.00090967 0.00161555 0.00143091 0.00174571 0.00208327 0.00114455 0.00143091 0.00170294 0.00139553 0.00159609 0.00143091 0.00160857 0.00146544 
1 1 1 1 1 1 1 1 1 1 1 1 1 1 1 1 1 1 1 1 
0 0 0 0 0 0 0 0 0 0 0 0 0 0 0 0 0 0 0 0 
0.57041 0.57041 0.57041 0.57041 0.57041 0.57041 0.57041 0.57041 0.57041 0.57041 0.57041 0.57041 0.57041 0.57041 0.57041 0.57041 0.57041 0.57041 0.57041 0.57041 
0.000840815 0.000840815 0.000840815 0.000840815 0.000840815 0.000840815 0.000840815 0.000840815 0.000840815 0.000840815 0.000840815 0.000840815 0.000840815 0.000840815 0.000840815 0.000840815 0.000840815 0.000840815 0.000840815 0.000840815 
0.560939 0.560939 0.560939 0.560939 0.560939 0.560939 0.560939 0.560939 0.560939 0.560939 0.560939 0.560939 0.560939 0.560939 0.560939 0.560939 0.560939 0.560939 0.560939 0.560939 
0.00166976 0.00166976 0.00166976 0.00166976 0.00166976 0.00166976 0.00166976 0.00166976 0.00166976 0.00166976 0.00166976 0.00166976 0.00166976 0.00166976 0.00166976 0.00166976 0.00166976 0.00166976 0.00166976 0.00166976 
0.0784 0.0784 0.0784 0.0784 0.0784 0.0784 0.0784 0.0784 0.0784 0.0784 0.0784 0.0784 0.0784 0.0784 0.0784 0.0784 0.0784 0.0784 0.0784 0.0784 
0.00128062 0.00128062 0.00128062 0.00128062 0.00128062 0.00128062 0.00128062 0.00128062 0.00128062 0.00128062 0.00128062 0.00128062 0.00128062 0.00128062 0.00128062 0.00128062 0.00128062 0.00128062 0.00128062 0.00128062 
0.00421944 0.00777731 0.0155037 0.030219 0.0544671 0.0968324 0.161089 0.255727 0.378564 0.52576 0.67179 0.794323 0.882426 0.936336 0.966482 0.982852 0.991426 0.99566 0.997824 0.998876 
0.00135245 0.00262633 0.00284093 0.00353244 0.0045613 0.00404238 0.00363216 0.00384149 0.00371617 0.00252321 0.00234453 0.00111283 0.00136863 0.000730977 0.000551403 0.000316762 0.000303309 0.000194243 0.000150331 7.89634e-005 
0.505333 0.508261 0.513188 0.517006 0.526633 0.536047 0.545219 0.550757 0.557842 0.562084 0.565877 0.567753 0.568858 0.569718 0.570058 0.570009 0.570502 0.570181 0.569996 0.570769 
0.00530426 0.00638376 0.00513527 0.00523837 0.00420635 0.00302666 0.00202454 0.00179322 0.00152125 0.00148068 0.00107466 0.00115016 0.000762275 0.00133888 0.00108683 0.00111447 0.00111457 0.000991158 0.00117973 0.00133622 
0.310203 0.37528 0.468213 0.488498 0.506233 0.513455 0.533694 0.542171 0.551068 0.552999 0.556136 0.558399 0.559256 0.559246 0.560294 0.560347 0.561019 0.560094 0.560324 0.561218 
0.202471 0.200048 0.112654 0.0664485 0.0279699 0.019718 0.013514 0.00951252 0.00666925 0.00528742 0.0039982 0.00343643 0.00174954 0.00284902 0.00270779 0.00246307 0.00269266 0.00203647 0.00182811 0.00266166 
0.0644 0.06375 0.0639 0.06525 0.065 0.06635 0.0675 0.0697 0.072 0.0745 0.0771 0.07885 0.07915 0.0799 0.0806 0.0806 0.08125 0.08 0.0812 0.0805 
0.00131909 0.00160857 0.00104403 0.00181315 0.00126491 0.00173997 0.00143178 0.00164621 0.0013784 0.00156525 0.00109087 0.00115217 0.00110793 0.0013 0.0012 0.00149666 0.00160857 0.00126491 0.00169115 0.00139642 
0.00428889 0.00785046 0.0155227 0.0302278 0.0542037 0.0966856 0.16081 0.255631 0.378745 0.525691 0.671556 0.794086 0.882836 0.936348 0.966485 0.982715 0.991466 0.995665 0.997779 0.998842 
0.00144262 0.00277839 0.00284532 0.00348546 0.00454353 0.00433003 0.00387335 0.0042494 0.00480458 0.00357828 0.00279228 0.0019858 0.00206781 0.00134043 0.00091078 0.000606645 0.000558788 0.000336311 0.000260347 0.000135638 
0.503183 0.508232 0.511636 0.51569 0.522721 0.530322 0.538203 0.54453 0.552833 0.558765 0.563431 0.566151 0.568121 0.569114 0.569704 0.569881 0.570345 0.570075 0.570056 0.570663 
0.00533928 0.00699279 0.00261812 0.00343345 0.00340518 0.00242903 0.00155296 0.00173947 0.00125725 0.00189421 0.00118573 0.00130467 0.000960286 0.00121377 0.00108277 0.00118182 0.00110697 0.000999487 0.00129108 0.00131891 
0.463097 0.450249 0.494688 0.503149 0.507153 0.515606 0.522893 0.532652 0.539712 0.545571 0.550757 0.555354 0.557815 0.558706 0.559782 0.560133 0.560845 0.559932 0.560402 0.561087 
0.137309 0.163526 0.0648212 0.0524074 0.0252863 0.0236908 0.0109866 0.00838135 0.00706086 0.00438565 0.00462514 0.00331704 0.00206521 0.00284842 0.00253468 0.00238287 0.00289729 0.00203742 0.001867 0.00262232 
0.06455 0.0643 0.0653 0.06605 0.0653 0.06655 0.0681 0.07065 0.0726 0.0747 0.07755 0.0791 0.07975 0.08085 0.0808 0.08195 0.0814 0.08195 0.08165 0.08115 
0.00188348 0.00114455 0.00151987 0.00213249 0.00164621 0.00135923 0.00175784 0.00135185 0.00168523 0.00126886 0.00165756 0.00141067 0.00140979 0.00135185 0.000927362 0.00120312 0.00152971 0.00153216 0.00138834 0.00106184 
1 1 1 1 1 1 1 1 1 1 1 1 1 1 1 1 1 1 1 1 
0 0 0 0 0 0 0 0 0 0 0 0 0 0 0 0 0 0 0 0 
0.56768 0.56768 0.56768 0.56768 0.56768 0.56768 0.56768 0.56768 0.56768 0.56768 0.56768 0.56768 0.56768 0.56768 0.56768 0.56768 0.56768 0.56768 0.56768 0.56768 
0.00095717 0.00095717 0.00095717 0.00095717 0.00095717 0.00095717 0.00095717 0.00095717 0.00095717 0.00095717 0.00095717 0.00095717 0.00095717 0.00095717 0.00095717 0.00095717 0.00095717 0.00095717 0.00095717 0.00095717 
0.561614 0.561614 0.561614 0.561614 0.561614 0.561614 0.561614 0.561614 0.561614 0.561614 0.561614 0.561614 0.561614 0.561614 0.561614 0.561614 0.561614 0.561614 0.561614 0.561614 
0.00122166 0.00122166 0.00122166 0.00122166 0.00122166 0.00122166 0.00122166 0.00122166 0.00122166 0.00122166 0.00122166 0.00122166 0.00122166 0.00122166 0.00122166 0.00122166 0.00122166 0.00122166 0.00122166 0.00122166 
0.08265 0.08265 0.08265 0.08265 0.08265 0.08265 0.08265 0.08265 0.08265 0.08265 0.08265 0.08265 0.08265 0.08265 0.08265 0.08265 0.08265 0.08265 0.08265 0.08265 
0.00162096 0.00162096 0.00162096 0.00162096 0.00162096 0.00162096 0.00162096 0.00162096 0.00162096 0.00162096 0.00162096 0.00162096 0.00162096 0.00162096 0.00162096 0.00162096 0.00162096 0.00162096 0.00162096 0.00162096 
0.020869 0.0402301 0.0697657 0.116364 0.184488 0.286186 0.408033 0.549238 0.683718 0.798629 0.881598 0.934447 0.965568 0.982175 0.990843 0.995419 0.997651 0.998851 0.999429 0.999676 
0.00474731 0.00337073 0.0037188 0.00436107 0.00612469 0.00407741 0.00405636 0.00406058 0.00302785 0.0016051 0.00109801 0.0012167 0.000738585 0.000363547 0.000282142 0.000205695 0.000117861 0.000126038 7.2096e-005 5.15534e-005 
0.515886 0.523006 0.53064 0.53869 0.546519 0.552081 0.55758 0.561431 0.564227 0.566295 0.567129 0.567225 0.567819 0.567621 0.567543 0.567681 0.568225 0.567653 0.567806 0.568187 
0.00475195 0.0043145 0.0044853 0.00279249 0.00244203 0.00131103 0.00133969 0.00122124 0.00138207 0.00137435 0.000943145 0.00094311 0.000982636 0.00114952 0.0012903 0.00107355 0.00116136 0.00103472 0.00107221 0.000939374 
0.484206 0.515667 0.514633 0.52683 0.537476 0.546573 0.554774 0.556582 0.559108 0.560292 0.560934 0.560956 0.56182 0.561296 0.561448 0.561592 0.562344 0.561136 0.561588 0.56227 
0.079446 0.0443446 0.0279234 0.017611 0.0124643 0.00844862 0.00381946 0.00462061 0.00317926 0.00193554 0.00184332 0.0013768 0.00129461 0.0014876 0.00173895 0.00150072 0.00156902 0.00123975 0.00123923 0.00137023 
0.0678 0.0678 0.06875 0.0701 0.07075 0.07275 0.07605 0.07835 0.08075 0.0826 0.08395 0.0848 0.0854 0.0856 0.08585 0.0861 0.08605 0.08585 0.08645 0.0862 
0.00193907 0.0012083 0.00133697 0.00147986 0.00117792 0.00151245 0.00128355 0.00158981 0.00144482 0.00146287 0.00159609 0.00150333 0.0012 0.00146287 0.00138834 0.00133791 0.00143091 0.00123592 0.00182962 0.00169115 
0.0211148 0.0403023 0.0695949 0.115872 0.184563 0.286289 0.407965 0.549288 0.68395 0.798679 0.881793 0.934336 0.9657 0.982172 0.990802 0.995477 0.99765 0.998851 0.999413 0.999656 
0.00476199 0.00342482 0.00364792 0.00426094 0.00637521 0.00443241 0.00441168 0.0041584 0.00358509 0.00266621 0.001576 0.00176746 0.00121279 0.000552091 0.000470643 0.00039027 0.000207545 0.0002094 0.000152859 0.000101117 
0.51451 0.519788 0.52737 0.53343 0.540142 0.54611 0.552558 0.557232 0.561505 0.564361 0.565847 0.566469 0.567588 0.567574 0.56752 0.567651 0.56822 0.56763 0.567831 0.568214 
0.0041139 0.0041662 0.00300979 0.00162991 0.00166488 0.00144859 0.000935268 0.00133567 0.00110501 0.00127563 0.00109768 0.00103856 0.000857567 0.00124387 0.00115464 0.00115433 0.00116086 0.00102387 0.00103758 0.000917704 
0.472574 0.510668 0.522323 0.523437 0.533775 0.536723 0.546058 0.549527 0.555526 0.55763 0.559421 0.55995 0.561431 0.561207 0.561426 0.561603 0.562319 0.561118 0.561622 0.562326 
0.060964 0.0153125 0.015966 0.010222 0.0089461 0.00825392 0.00398171 0.00418549 0.00271402 0.00200458 0.0022683 0.0013549 0.00102816 0.00153803 0.00157615 0.00162788 0.00149588 0.00124785 0.00123221 0.0013185 
0.06865 0.06845 0.0696 0.07045 0.0722 0.07365 0.07715 0.0793 0.0821 0.0833 0.0849 0.086 0.0865 0.08725 0.08655 0.0869 0.08745 0.08735 0.0875 0.08695 
0.00182414 0.00143091 0.00165529 0.00188348 0.00146969 0.00162096 0.00127574 0.00145258 0.0018412 0.00138203 0.00122066 0.00134164 0.00146629 0.00189407 0.00135923 0.00147986 0.00182962 0.00171099 0.0011619 0.00174571 
0.0401431 0.124784 0.335346 0.583526 0.763534 0.871369 0.9328 0.965124 0.982361 0.991188 0.995542 0.997737 0.998889 0.999417 0.999704 0.999843 0.999922 0.999951 0.999965 0.999963 
0.00273415 0.00563618 0.00798862 0.0047108 0.00313913 0.00175955 0.0011385 0.00068097 0.000330589 0.00024019 0.000153057 0.000116365 8.62653e-005 8.46096e-005 6.06093e-005 3.34457e-005 2.52686e-005 1.93948e-005 1.88853e-005 1.6427e-005 
0.546617 0.556494 0.558158 0.555514 0.552571 0.550681 0.549157 0.549132 0.548605 0.548333 0.547815 0.54842 0.548111 0.547719 0.548397 0.548131 0.547744 0.548299 0.548081 0.54807 
0.00593409 0.00405239 0.00188458 0.00170883 0.00117628 0.00125858 0.00177816 0.00164868 0.00172077 0.00143644 0.00122215 0.00162865 0.00149711 0.00121365 0.00185671 0.00131975 0.00155612 0.00163752 0.00144353 0.00162398 
0.54077 0.55411 0.557584 0.554362 0.551688 0.550057 0.548726 0.548688 0.548255 0.547998 0.547484 0.548104 0.547764 0.547415 0.548067 0.5478 0.547417 0.54796 0.547761 0.547745 
0.00960028 0.00800974 0.0041969 0.00196996 0.00155412 0.00118497 0.00181665 0.00169491 0.00171116 0.00140348 0.00120984 0.00162944 0.00150928 0.00120402 0.00186641 0.00131428 0.00154841 0.0016482 0.00145084 0.00163007 
5.21085 5.2434 5.28965 5.3546 5.40505 5.43145 5.44585 5.45265 5.45545 5.4621 5.46045 5.4551 5.4595 5.4551 5.4599 5.4629 5.4644 5.46135 5.4608 5.4608 
0.0108272 0.0217403 0.011757 0.0122041 0.0127455 0.0172496 0.0110647 0.0112262 0.0106606 0.00949158 0.00903037 0.0108116 0.0115909 0.0100544 0.0122797 0.0168431 0.0124836 0.0112351 0.0120938 0.00903659 
1 1 1 1 1 1 1 1 1 1 1 1 1 1 1 1 1 1 1 1 
0 0 0 0 0 0 0 0 0 0 0 0 0 0 0 0 0 0 0 0 
0.604713 0.604713 0.604713 0.604713 0.604713 0.604713 0.604713 0.604713 0.604713 0.604713 0.604713 0.604713 0.604713 0.604713 0.604713 0.604713 0.604713 0.604713 0.604713 0.604713 
0.000880691 0.000880691 0.000880691 0.000880691 0.000880691 0.000880691 0.000880691 0.000880691 0.000880691 0.000880691 0.000880691 0.000880691 0.000880691 0.000880691 0.000880691 0.000880691 0.000880691 0.000880691 0.000880691 0.000880691 
0.605166 0.605166 0.605166 0.605166 0.605166 0.605166 0.605166 0.605166 0.605166 0.605166 0.605166 0.605166 0.605166 0.605166 0.605166 0.605166 0.605166 0.605166 0.605166 0.605166 
0.00150634 0.00150634 0.00150634 0.00150634 0.00150634 0.00150634 0.00150634 0.00150634 0.00150634 0.00150634 0.00150634 0.00150634 0.00150634 0.00150634 0.00150634 0.00150634 0.00150634 0.00150634 0.00150634 0.00150634 
3.71355 3.71355 3.71355 3.71355 3.71355 3.71355 3.71355 3.71355 3.71355 3.71355 3.71355 3.71355 3.71355 3.71355 3.71355 3.71355 3.71355 3.71355 3.71355 3.71355 
0.0185781 0.0185781 0.0185781 0.0185781 0.0185781 0.0185781 0.0185781 0.0185781 0.0185781 0.0185781 0.0185781 0.0185781 0.0185781 0.0185781 0.0185781 0.0185781 0.0185781 0.0185781 0.0185781 0.0185781 
0.000569907 0.00105787 0.00175648 0.00358889 0.00764861 0.017794 0.0548958 0.140442 0.268203 0.429475 0.598319 0.743505 0.850181 0.917295 0.956028 0.977296 0.988507 0.99425 0.997107 0.998584 
0.000106882 0.000128028 0.000204042 0.000329146 0.000964749 0.00180222 0.00390744 0.00409728 0.00317693 0.00354501 0.00268836 0.00184461 0.00130048 0.00102786 0.000713915 0.000595007 0.000304299 0.0002477 0.000105791 0.00010062 
0.503907 0.50809 0.51489 0.515494 0.527201 0.535963 0.557918 0.58045 0.593716 0.600775 0.603524 0.604701 0.605121 0.60489 0.604802 0.60487 0.604544 0.604867 0.604591 0.60474 
0.00594557 0.0076213 0.00635178 0.0075949 0.00763687 0.00799157 0.00559999 0.00342803 0.00212128 0.00112633 0.00136693 0.00128914 0.000825856 0.000966785 0.00109619 0.000868146 0.00106003 0.000877469 0.00121595 0.000728631 
0.467148 0.437307 0.460275 0.492591 0.516963 0.515861 0.545745 0.582359 0.596749 0.602672 0.606231 0.606882 0.606618 0.606082 0.605961 0.606066 0.606187 0.605868 0.606219 0.606441 
0.121844 0.0937369 0.0807282 0.0500674 0.0401331 0.0410278 0.0237171 0.00818295 0.00494326 0.00303847 0.00287758 0.0022201 0.00167547 0.00201836 0.00184173 0.0018396 0.00146369 0.00148176 0.00191947 0.00171726 
0.06575 0.0665 0.0692 0.07705 0.09125 0.1295 0.2681 0.6019 1.1001 1.71985 2.3457 2.85745 3.23405 3.44975 3.5772 3.6489 3.68395 3.6997 3.71 3.71435 
0.00151245 0.00174642 0.00146969 0.00180208 0.00505841 0.00660681 0.0158111 0.0196135 0.014734 0.0190296 0.0164533 0.0109383 0.014281 0.00982281 0.0150917 0.0120246 0.0121798 0.00970618 0.0122882 0.0146228 
0.0276204 0.0277102 0.027519 0.0280301 0.0271685 0.0283718 0.0281329 0.02975 0.0314875 0.0373116 0.0623569 0.146186 0.31724 0.549688 0.762808 0.896563 0.959906 0.985257 0.994753 0.998082 
0.00158944 0.00150354 0.0021272 0.00110687 0.00214689 0.0015938 0.00166947 0.00143853 0.00156345 0.00256698 0.00437522 0.00499502 0.0038131 0.00248922 0.00164183 0.00119545 0.000521787 0.000360658 0.000252306 0.000104384 
0.551497 0.549904 0.550715 0.550649 0.547877 0.551919 0.552365 0.550735 0.553978 0.559794 0.56902 0.588726 0.601285 0.605472 0.606168 0.605662 0.604838 0.6049 0.604553 0.604816 
0.00784322 0.0054674 0.00716976 0.00718266 0.00710122 0.00446391 0.00572794 0.00674361 0.00690174 0.00595247 0.00431962 0.0027839 0.00194316 0.00123619 0.00101036 0.000938888 0.00100438 0.00103197 0.00108848 0.00073588 
0.531421 0.526741 0.52878 0.533481 0.526438 0.537958 0.538675 0.536218 0.543319 0.550232 0.562277 0.58836 0.603714 0.607391 0.607718 0.606532 0.606623 0.60627 0.606025 0.606571 
0.0366811 0.0369268 0.0334582 0.0348825 0.0446132 0.0274869 0.036317 0.0304251 0.0341322 0.0254119 0.021783 0.010475 0.00525968 0.00269287 0.00202339 0.00205244 0.00158317 0.00177785 0.00163775 0.00169526 
0.3348 0.3345 0.3339 0.3366 0.3328 0.33735 0.3359 0.3415 0.3492 0.36815 0.4593 0.77385 1.41975 2.2596 2.9927 3.4249 3.627 3.7059 3.73605 3.748 
0.00758683 0.00673424 0.00965867 0.0044317 0.00850059 0.00758469 0.0072519 0.00667458 0.00708237 0.0104989 0.0175046 0.0227953 0.0177338 0.0175311 0.0149803 0.014163 0.0132966 0.0115408 0.011711 0.0158777 
0.0275032 0.0278681 0.0274583 0.0280764 0.0272139 0.0283931 0.0281491 0.0297241 0.0315551 0.0371532 0.0621977 0.146618 0.317173 0.550153 0.763417 0.896298 0.959998 0.985258 0.994799 0.99806 
0.00150735 0.00157827 0.00221143 0.00116964 0.00231582 0.00158185 0.00180463 0.00159256 0.00145209 0.00260127 0.00428998 0.00540717 0.00419603 0.00286253 0.00249153 0.00160598 0.000728396 0.000528207 0.000293857 0.000135245 
0.549771 0.548007 0.547196 0.549438 0.546801 0.548268 0.548168 0.549919 0.552949 0.555045 0.565699 0.584303 0.595411 0.600212 0.60313 0.604056 0.604318 0.604775 0.604657 0.604831 
0.00441242 0.00536458 0.00420818 0.00442048 0.00477168 0.00499834 0.00445205 0.00428195 0.00381836 0.00400374 0.00411132 0.00201987 0.00163384 0.000924315 0.00141473 0.000986239 0.00100509 0.00106371 0.00131308 0.000829164 
0.551911 0.549482 0.549536 0.549185 0.548404 0.547496 0.546805 0.550075 0.552268 0.555811 0.568037 0.587493 0.597433 0.602215 0.603246 0.605064 0.605658 0.606147 0.60619 0.606581 
0.00970892 0.00883158 0.0110512 0.0126818 0.00800012 0.010905 0.00852122 0.0108205 0.00853292 0.0112147 0.00962926 0.00662328 0.00289625 0.00347319 0.00259004 0.00216402 0.00191865 0.00183134 0.00159885 0.00191921 
0.15975 0.1607 0.16025 0.16105 0.15795 0.1631 0.16255 0.16855 0.1743 0.1963 0.2945 0.63715 1.3366 2.30155 3.1855 3.73735 4.00015 4.1074 4.15095 4.15845 
0.00631566 0.00630952 0.00899375 0.00431828 0.00845858 0.00660984 0.00769074 0.00720052 0.00610819 0.0106447 0.0169101 0.0222694 0.0154803 0.0114389 0.0192471 0.0105512 0.0150542 0.0188611 0.011307 0.0129749 
0 0 0 0 0 0 0 0 0 0 0 0 0 0 0 0 0 0 0 0 
0 0 0 0 0 0 0 0 0 0 0 0 0 0 0 0 0 0 0 0 
0 0 0 0 0 0 0 0 0 0 0 0 0 0 0 0 0 0 0 0 
0 0 0 0 0 0 0 0 0 0 0 0 0 0 0 0 0 0 0 0 
0 0 0 0 0 0 0 0 0 0 0 0 0 0 0 0 0 0 0 0 
0 0 0 0 0 0 0 0 0 0 0 0 0 0 0 0 0 0 0 0 
0 0 0 0 0 0 0 0 0 0 0 0 0 0 0 0 0 0 0 0 
0 0 0 0 0 0 0 0 0 0 0 0 0 0 0 0 0 0 0 0 
