1 1 1 1 1 1 1 1 1 1 1 1 1 1 1 1 1 1 1 1 
0 0 0 0 0 0 0 0 0 0 0 0 0 0 0 0 0 0 0 0 
0.642762 0.642762 0.642762 0.642762 0.642762 0.642762 0.642762 0.642762 0.642762 0.642762 0.642762 0.642762 0.642762 0.642762 0.642762 0.642762 0.642762 0.642762 0.642762 0.642762 
0.0045465 0.0045465 0.0045465 0.0045465 0.0045465 0.0045465 0.0045465 0.0045465 0.0045465 0.0045465 0.0045465 0.0045465 0.0045465 0.0045465 0.0045465 0.0045465 0.0045465 0.0045465 0.0045465 0.0045465 
0.728119 0.728119 0.728119 0.728119 0.728119 0.728119 0.728119 0.728119 0.728119 0.728119 0.728119 0.728119 0.728119 0.728119 0.728119 0.728119 0.728119 0.728119 0.728119 0.728119 
0.00347976 0.00347976 0.00347976 0.00347976 0.00347976 0.00347976 0.00347976 0.00347976 0.00347976 0.00347976 0.00347976 0.00347976 0.00347976 0.00347976 0.00347976 0.00347976 0.00347976 0.00347976 0.00347976 0.00347976 
0.0057 0.0057 0.0057 0.0057 0.0057 0.0057 0.0057 0.0057 0.0057 0.0057 0.0057 0.0057 0.0057 0.0057 0.0057 0.0057 0.0057 0.0057 0.0057 0.0057 
0.000714143 0.000714143 0.000714143 0.000714143 0.000714143 0.000714143 0.000714143 0.000714143 0.000714143 0.000714143 0.000714143 0.000714143 0.000714143 0.000714143 0.000714143 0.000714143 0.000714143 0.000714143 0.000714143 0.000714143 
0.0035058 0.00572519 0.0117826 0.0202714 0.0377226 0.0689002 0.125884 0.212044 0.339949 0.49072 0.651025 0.783249 0.876138 0.932754 0.9649 0.982535 0.991172 0.995512 0.997922 0.998975 
0.00117646 0.00160464 0.00249427 0.00402881 0.00486014 0.00403377 0.00577298 0.00687363 0.00824396 0.00801344 0.007389 0.00678587 0.00407669 0.00226052 0.00246478 0.00158268 0.00104022 0.00056346 0.000545851 0.000360059 
0.57447 0.581927 0.579615 0.5865 0.59578 0.603944 0.609146 0.616956 0.624583 0.63069 0.638451 0.64055 0.641412 0.643144 0.642161 0.642077 0.643321 0.642084 0.642388 0.643589 
0.0652576 0.0502445 0.0431652 0.0274648 0.0172803 0.0124602 0.00738367 0.00915876 0.00572983 0.00555261 0.00525451 0.00671508 0.00437409 0.0050018 0.00560504 0.00385676 0.00596565 0.00335209 0.0034928 0.00336784 
0.673905 0.694214 0.692344 0.705858 0.715587 0.72196 0.720142 0.721253 0.721448 0.723329 0.727425 0.727717 0.727851 0.728656 0.727832 0.727658 0.728601 0.727606 0.727845 0.728771 
0.140155 0.0790359 0.0706429 0.0391839 0.0248777 0.0156498 0.00871059 0.00915682 0.00604633 0.0051852 0.00396666 0.00549103 0.00334327 0.003927 0.00420142 0.00290561 0.00454808 0.00252498 0.00266195 0.00256268 
0.00525 0.0053 0.00525 0.00515 0.0055 0.00515 0.00525 0.00545 0.0053 0.00545 0.0055 0.00555 0.0054 0.0057 0.00575 0.0057 0.00595 0.00595 0.00585 0.00585 
0.000433013 0.000458258 0.00053619 0.000572276 0.000974679 0.00047697 0.00053619 0.000497494 0.000458258 0.000589491 0.0005 0.000589491 0.000489898 0.000640312 0.000433013 0.000640312 0.000589491 0.000589491 0.00047697 0.000572276 
0.00361182 0.00540006 0.0118321 0.0198261 0.0379206 0.0685963 0.125664 0.212087 0.34067 0.491356 0.651244 0.782867 0.875346 0.932167 0.964136 0.983072 0.991356 0.99542 0.997964 0.998968 
0.00181885 0.00221656 0.00314357 0.00535257 0.00629356 0.00419632 0.00712677 0.00891988 0.0117769 0.0145661 0.0117458 0.0135539 0.00697244 0.00472208 0.00396121 0.00302954 0.00197416 0.00106858 0.00100497 0.000635504 
0.560136 0.538825 0.545766 0.559683 0.569861 0.5804 0.592041 0.602446 0.614362 0.6223 0.631948 0.638189 0.637913 0.641342 0.641766 0.641872 0.64207 0.643165 0.642091 0.641073 
0.0390096 0.0253131 0.0249414 0.0143393 0.0156952 0.00771766 0.00805717 0.00831954 0.00438657 0.00426983 0.00699158 0.00650368 0.00426494 0.00371391 0.00394508 0.00413795 0.00575261 0.00472665 0.00469449 0.00341515 
0.663948 0.634233 0.641318 0.66449 0.672748 0.68127 0.688119 0.696173 0.706481 0.7122 0.71962 0.724517 0.724436 0.726883 0.727189 0.72738 0.727563 0.728384 0.727601 0.726838 
0.0693312 0.0427428 0.0408826 0.0243481 0.0238392 0.0108307 0.00919546 0.00862596 0.00462803 0.00362613 0.00561836 0.00503196 0.00344719 0.00291876 0.00308618 0.0031901 0.00440951 0.00360077 0.00357307 0.0026174 
0.0053 0.0052 0.00525 0.00525 0.0053 0.0056 0.00545 0.0054 0.00545 0.0055 0.0057 0.0057 0.00585 0.0056 0.0057 0.0058 0.0061 0.00585 0.0058 0.0058 
0.000714143 0.0004 0.00053619 0.00053619 0.000458258 0.000583095 0.000589491 0.000583095 0.000497494 0.0005 0.000458258 0.000640312 0.000572276 0.000583095 0.000458258 0.0006 0.000768115 0.000572276 0.00087178 0.000509902 
1 1 1 1 1 1 1 1 1 1 1 1 1 1 1 1 1 1 1 1 
0 0 0 0 0 0 0 0 0 0 0 0 0 0 0 0 0 0 0 0 
0.648601 0.648601 0.648601 0.648601 0.648601 0.648601 0.648601 0.648601 0.648601 0.648601 0.648601 0.648601 0.648601 0.648601 0.648601 0.648601 0.648601 0.648601 0.648601 0.648601 
0.00519969 0.00519969 0.00519969 0.00519969 0.00519969 0.00519969 0.00519969 0.00519969 0.00519969 0.00519969 0.00519969 0.00519969 0.00519969 0.00519969 0.00519969 0.00519969 0.00519969 0.00519969 0.00519969 0.00519969 
0.733546 0.733546 0.733546 0.733546 0.733546 0.733546 0.733546 0.733546 0.733546 0.733546 0.733546 0.733546 0.733546 0.733546 0.733546 0.733546 0.733546 0.733546 0.733546 0.733546 
0.00397028 0.00397028 0.00397028 0.00397028 0.00397028 0.00397028 0.00397028 0.00397028 0.00397028 0.00397028 0.00397028 0.00397028 0.00397028 0.00397028 0.00397028 0.00397028 0.00397028 0.00397028 0.00397028 0.00397028 
0.0065 0.0065 0.0065 0.0065 0.0065 0.0065 0.0065 0.0065 0.0065 0.0065 0.0065 0.0065 0.0065 0.0065 0.0065 0.0065 0.0065 0.0065 0.0065 0.0065 
0.000806226 0.000806226 0.000806226 0.000806226 0.000806226 0.000806226 0.000806226 0.000806226 0.000806226 0.000806226 0.000806226 0.000806226 0.000806226 0.000806226 0.000806226 0.000806226 0.000806226 0.000806226 0.000806226 0.000806226 
0.00248092 0.00353407 0.00714589 0.0131679 0.0246183 0.0438012 0.0828103 0.143879 0.235411 0.359478 0.514468 0.664956 0.791992 0.881906 0.935927 0.967741 0.983022 0.991066 0.995731 0.997766 
0.000683054 0.00110498 0.00223803 0.00249947 0.00340484 0.00407612 0.00481103 0.00452992 0.0074301 0.00605232 0.00791395 0.00715942 0.00510992 0.00359 0.00299037 0.00234193 0.00105018 0.000721643 0.000889126 0.000457194 
0.578972 0.581178 0.595293 0.595667 0.603746 0.605944 0.610037 0.618978 0.626463 0.635447 0.641532 0.647463 0.646897 0.649731 0.649321 0.647484 0.649399 0.648205 0.648148 0.647731 
0.0477493 0.0595084 0.0383614 0.0256355 0.0186627 0.0147983 0.0145683 0.00914643 0.00530108 0.00541592 0.0038555 0.00556138 0.00536215 0.0036045 0.00507177 0.00441792 0.00434797 0.00421877 0.00373315 0.00387305 
0.69242 0.687483 0.716119 0.717739 0.726599 0.725901 0.72191 0.725543 0.72646 0.729856 0.731974 0.735093 0.733858 0.734825 0.734216 0.733037 0.734092 0.733127 0.733237 0.732885 
0.0706101 0.0921898 0.0541673 0.0355814 0.0244337 0.0199548 0.0170694 0.0102069 0.00576261 0.00494498 0.00329445 0.00472237 0.003858 0.00309837 0.00392746 0.00350243 0.00315987 0.00330566 0.00304226 0.00299289 
0.00555 0.0053 0.00565 0.0052 0.00565 0.0054 0.00535 0.0053 0.00545 0.00585 0.0059 0.0062 0.006 0.0063 0.0062 0.00615 0.00655 0.0065 0.0062 0.0066 
0.000739932 0.000714143 0.000726292 0.000509902 0.000653835 0.000489898 0.00047697 0.000458258 0.000668954 0.000572276 0.0006245 0.0006 0.000316228 0.000458258 0.000678233 0.00047697 0.000589491 0.00074162 0.000678233 0.000860233 
0.0024173 0.00327255 0.00716709 0.0130831 0.0247385 0.0436104 0.0820116 0.14496 0.235652 0.359782 0.515345 0.664419 0.790147 0.88163 0.935765 0.968589 0.983376 0.990889 0.99578 0.997759 
0.000897292 0.0014747 0.00262116 0.00348896 0.00428844 0.00446816 0.00590234 0.00633842 0.0120732 0.0111123 0.0128569 0.0129429 0.00888265 0.00579178 0.00452127 0.00389341 0.00253248 0.00154821 0.00149689 0.000804992 
0.581383 0.560991 0.556411 0.557619 0.576343 0.574413 0.583206 0.600375 0.609853 0.620434 0.633086 0.639582 0.642331 0.646664 0.647724 0.646975 0.649095 0.648586 0.648205 0.647795 
0.0400262 0.038119 0.0251706 0.0223034 0.0167613 0.00918057 0.012262 0.00774978 0.00647264 0.00569702 0.00627011 0.00521864 0.00605542 0.00406636 0.00493577 0.00474 0.00401259 0.0045612 0.00354181 0.00384509 
0.697787 0.668124 0.660155 0.663634 0.683528 0.676947 0.680781 0.696223 0.703991 0.711616 0.721583 0.726371 0.729026 0.731686 0.732664 0.732463 0.733771 0.733322 0.733257 0.732967 
0.0587603 0.0592359 0.0417924 0.0329884 0.0228755 0.0123382 0.0148719 0.00847461 0.00714832 0.00523997 0.00515331 0.00453482 0.00483108 0.00351604 0.00368884 0.00374346 0.00287359 0.00356114 0.00295056 0.00288381 
0.0054 0.0054 0.00545 0.0052 0.0056 0.00545 0.00565 0.0058 0.0058 0.0057 0.006 0.00615 0.0062 0.0062 0.0063 0.0062 0.0067 0.0068 0.00655 0.0067 
0.000663325 0.000583095 0.000589491 0.0004 0.000969536 0.000589491 0.000653835 0.000678233 0.0006 0.000556776 0.000447214 0.000572276 0.000509902 0.000678233 0.000556776 0.0006 0.000842615 0.000678233 0.000589491 0.000556776 
1 1 1 1 1 1 1 1 1 1 1 1 1 1 1 1 1 1 1 1 
0 0 0 0 0 0 0 0 0 0 0 0 0 0 0 0 0 0 0 0 
0.660263 0.660263 0.660263 0.660263 0.660263 0.660263 0.660263 0.660263 0.660263 0.660263 0.660263 0.660263 0.660263 0.660263 0.660263 0.660263 0.660263 0.660263 0.660263 0.660263 
0.0016661 0.0016661 0.0016661 0.0016661 0.0016661 0.0016661 0.0016661 0.0016661 0.0016661 0.0016661 0.0016661 0.0016661 0.0016661 0.0016661 0.0016661 0.0016661 0.0016661 0.0016661 0.0016661 0.0016661 
0.79338 0.79338 0.79338 0.79338 0.79338 0.79338 0.79338 0.79338 0.79338 0.79338 0.79338 0.79338 0.79338 0.79338 0.79338 0.79338 0.79338 0.79338 0.79338 0.79338 
0.000977579 0.000977579 0.000977579 0.000977579 0.000977579 0.000977579 0.000977579 0.000977579 0.000977579 0.000977579 0.000977579 0.000977579 0.000977579 0.000977579 0.000977579 0.000977579 0.000977579 0.000977579 0.000977579 0.000977579 
0.0067 0.0067 0.0067 0.0067 0.0067 0.0067 0.0067 0.0067 0.0067 0.0067 0.0067 0.0067 0.0067 0.0067 0.0067 0.0067 0.0067 0.0067 0.0067 0.0067 
0.000781025 0.000781025 0.000781025 0.000781025 0.000781025 0.000781025 0.000781025 0.000781025 0.000781025 0.000781025 0.000781025 0.000781025 0.000781025 0.000781025 0.000781025 0.000781025 0.000781025 0.000781025 0.000781025 0.000781025 
0.00558383 0.00785977 0.0101074 0.0137687 0.0216497 0.0377651 0.0701018 0.127912 0.228796 0.374307 0.546798 0.706086 0.824569 0.903923 0.948827 0.975127 0.98727 0.993306 0.99672 0.99836 
0.00199041 0.00257746 0.00266666 0.00231568 0.00248464 0.00250865 0.0040073 0.00426725 0.00891578 0.00857983 0.00528222 0.00725361 0.00435067 0.00228215 0.00217533 0.00188997 0.00146873 0.000691486 0.00059406 0.000467567 
0.625905 0.631291 0.654156 0.657096 0.657188 0.658008 0.658142 0.658277 0.658637 0.658885 0.661012 0.661026 0.660122 0.661026 0.661026 0.66015 0.660772 0.660722 0.660574 0.660729 
0.0477675 0.0575656 0.00962975 0.00285682 0.00244826 0.000855069 0.00064796 0.000732192 0.00121078 0.000918831 0.00222034 0.00171154 0.00184157 0.00149263 0.00227673 0.00170335 0.00148539 0.00232647 0.00176726 0.00182845 
0.752653 0.752727 0.789357 0.792563 0.792784 0.79355 0.793656 0.793831 0.793772 0.793824 0.794412 0.794095 0.793706 0.793915 0.793842 0.793573 0.793815 0.793818 0.793657 0.793792 
0.0694429 0.113506 0.0109764 0.00281502 0.00236084 0.00100106 0.00075239 0.000657836 0.000673482 0.000429957 0.000856332 0.000756107 0.000968112 0.000830656 0.00103813 0.000821435 0.00087879 0.000963702 0.000844168 0.000904735 
0.0056 0.00575 0.0054 0.0057 0.00545 0.00565 0.0056 0.0055 0.00595 0.00605 0.0063 0.0065 0.0067 0.00655 0.0068 0.00655 0.0068 0.0069 0.00675 0.00695 
0.000583095 0.000698212 0.000489898 0.000640312 0.000589491 0.00047697 0.000734847 0.00067082 0.000668954 0.000497494 0.000640312 0.000591608 0.000640312 0.000497494 0.000748331 0.000589491 0.000678233 0.0007 0.000622495 0.000589491 
0.00565451 0.00784563 0.0101852 0.0136768 0.021473 0.0370653 0.0696918 0.128895 0.229184 0.375346 0.547279 0.70552 0.823791 0.90323 0.948191 0.975792 0.987532 0.993144 0.996706 0.998367 
0.00240317 0.0031456 0.00279293 0.00335506 0.00399732 0.00348097 0.0061086 0.00702924 0.0116693 0.0138121 0.0101631 0.0139964 0.00797372 0.00481868 0.00395803 0.00357144 0.00272599 0.0012797 0.00120374 0.000759257 
0.623042 0.610687 0.624555 0.638521 0.643243 0.654743 0.653343 0.656262 0.657817 0.657711 0.658595 0.658637 0.65863 0.660037 0.660433 0.65986 0.660715 0.660736 0.660708 0.660708 
0.0298462 0.0670531 0.0358175 0.0215348 0.0179833 0.0043622 0.00632381 0.00339165 0.00197878 0.00100385 0.00141143 0.00104321 0.00123906 0.00132452 0.00208092 0.00160574 0.0014697 0.00230186 0.00184925 0.00182422 
0.754122 0.725172 0.755117 0.772398 0.777906 0.79043 0.788804 0.791913 0.793246 0.793267 0.793565 0.79332 0.793179 0.793587 0.793662 0.79346 0.793802 0.793853 0.793727 0.793787 
0.0384469 0.124782 0.0438052 0.0244214 0.020693 0.00438904 0.00659474 0.00331859 0.0017102 0.00102979 0.000875966 0.000714157 0.000715429 0.000733472 0.000971206 0.000774046 0.000833494 0.000950203 0.000880154 0.000900584 
0.0057 0.00545 0.0055 0.0057 0.00595 0.0054 0.00575 0.00555 0.00585 0.00605 0.00635 0.00645 0.0068 0.007 0.00685 0.00685 0.00685 0.007 0.00685 0.00705 
0.000556776 0.000497494 0.000591608 0.000556776 0.000804674 0.000489898 0.000622495 0.000497494 0.000572276 0.000589491 0.000792149 0.000589491 0.0006 0.000707107 0.000726292 0.000653835 0.000572276 0.000707107 0.000792149 0.000739932 
1 1 1 1 1 1 1 1 1 1 1 1 1 1 1 1 1 1 1 1 
0 0 0 0 0 0 0 0 0 0 0 0 0 0 0 0 0 0 0 0 
0.675975 0.675975 0.675975 0.675975 0.675975 0.675975 0.675975 0.675975 0.675975 0.675975 0.675975 0.675975 0.675975 0.675975 0.675975 0.675975 0.675975 0.675975 0.675975 0.675975 
0.00318561 0.00318561 0.00318561 0.00318561 0.00318561 0.00318561 0.00318561 0.00318561 0.00318561 0.00318561 0.00318561 0.00318561 0.00318561 0.00318561 0.00318561 0.00318561 0.00318561 0.00318561 0.00318561 0.00318561 
0.774851 0.774851 0.774851 0.774851 0.774851 0.774851 0.774851 0.774851 0.774851 0.774851 0.774851 0.774851 0.774851 0.774851 0.774851 0.774851 0.774851 0.774851 0.774851 0.774851 
0.00204495 0.00204495 0.00204495 0.00204495 0.00204495 0.00204495 0.00204495 0.00204495 0.00204495 0.00204495 0.00204495 0.00204495 0.00204495 0.00204495 0.00204495 0.00204495 0.00204495 0.00204495 0.00204495 0.00204495 
0.0076 0.0076 0.0076 0.0076 0.0076 0.0076 0.0076 0.0076 0.0076 0.0076 0.0076 0.0076 0.0076 0.0076 0.0076 0.0076 0.0076 0.0076 0.0076 0.0076 
0.0008 0.0008 0.0008 0.0008 0.0008 0.0008 0.0008 0.0008 0.0008 0.0008 0.0008 0.0008 0.0008 0.0008 0.0008 0.0008 0.0008 0.0008 0.0008 0.0008 
0.00519508 0.00858072 0.0162002 0.0271699 0.0540854 0.10229 0.185623 0.303859 0.447781 0.600629 0.736521 0.841504 0.910044 0.95193 0.974767 0.987864 0.993822 0.996727 0.998403 0.999321 
0.00146764 0.00257657 0.00404317 0.0052227 0.00697527 0.00886 0.0120524 0.00831418 0.00703347 0.00816035 0.00569979 0.00463135 0.00234989 0.00205607 0.00168423 0.00133457 0.000787201 0.000574696 0.000554928 0.000288325 
0.629679 0.634796 0.644664 0.644543 0.650721 0.653294 0.659775 0.662892 0.667296 0.670533 0.671876 0.675686 0.674908 0.674562 0.675898 0.676421 0.678032 0.676802 0.675848 0.674894 
0.0285781 0.0351289 0.0112478 0.0142607 0.00548035 0.00506059 0.0043886 0.00430173 0.00298053 0.00426444 0.00273575 0.00444936 0.00438295 0.0034259 0.00464245 0.00325165 0.00300056 0.0025018 0.00246656 0.00272636 
0.76075 0.765584 0.77853 0.778293 0.782084 0.781659 0.779399 0.776676 0.775782 0.775267 0.773786 0.775506 0.774714 0.774095 0.774999 0.775523 0.776504 0.775594 0.774954 0.774154 
0.0360266 0.0506401 0.0124045 0.0164718 0.00563839 0.00561178 0.00479128 0.00378532 0.00277048 0.00280682 0.00213606 0.0028667 0.00323545 0.00225622 0.00311782 0.00238425 0.00209986 0.00157764 0.00168446 0.00191037 
0.00575 0.00585 0.0058 0.0058 0.00615 0.00605 0.0058 0.00615 0.00655 0.00685 0.00705 0.00725 0.00715 0.0072 0.00735 0.00735 0.0077 0.00735 0.0073 0.00725 
0.000622495 0.000572276 0.000509902 0.000509902 0.000963068 0.000497494 0.000509902 0.00047697 0.000668954 0.000653835 0.000589491 0.000622495 0.00047697 0.00102956 0.000792149 0.000572276 0.000714143 0.000726292 0.000714143 0.00053619 
0.00554142 0.00832627 0.0161719 0.0268801 0.054771 0.102516 0.185235 0.303506 0.449392 0.601385 0.736606 0.841872 0.909464 0.95171 0.974102 0.988154 0.993801 0.996558 0.998396 0.9993 
0.00213153 0.00304469 0.00433696 0.00638645 0.00921979 0.00966549 0.0134538 0.0112191 0.00990326 0.0132907 0.0106849 0.00961427 0.00478058 0.00421996 0.00297319 0.0024755 0.00144597 0.00109159 0.00088876 0.000573304 
0.60904 0.608291 0.610334 0.622293 0.627679 0.630958 0.641808 0.650834 0.657803 0.66461 0.668306 0.672646 0.673226 0.674102 0.675481 0.675975 0.677884 0.676548 0.675848 0.674837 
0.0338842 0.0443941 0.0266491 0.0177275 0.0150966 0.00786317 0.00511145 0.00577082 0.00446024 0.00387872 0.00359612 0.00441769 0.00416898 0.00375966 0.00437021 0.00367985 0.00294709 0.00234462 0.00236058 0.00268016 
0.736683 0.732243 0.737418 0.752563 0.755429 0.755276 0.759709 0.764244 0.767331 0.770035 0.770921 0.773442 0.773627 0.773658 0.774646 0.775186 0.776318 0.775386 0.774945 0.774123 
0.0450411 0.0653119 0.0329071 0.0227682 0.0157736 0.00937929 0.00599264 0.00436777 0.00388256 0.0025554 0.00224912 0.00319256 0.00305955 0.00256154 0.00295857 0.00264693 0.00211471 0.00149766 0.00157673 0.00192247 
0.00615 0.00575 0.00575 0.0059 0.0057 0.0059 0.0061 0.00625 0.00645 0.00675 0.0067 0.0072 0.00725 0.00745 0.0073 0.00725 0.0074 0.0076 0.0074 0.00755 
0.00090967 0.00053619 0.000622495 0.000538516 0.000714143 0.0007 0.00043589 0.00053619 0.000589491 0.000698212 0.000714143 0.000748331 0.000433013 0.000497494 0.000640312 0.000622495 0.000860233 0.000734847 0.000860233 0.000497494 
1 1 1 1 1 1 1 1 1 1 1 1 1 1 1 1 1 1 1 1 
0 0 0 0 0 0 0 0 0 0 0 0 0 0 0 0 0 0 0 0 
0.713557 0.713557 0.713557 0.713557 0.713557 0.713557 0.713557 0.713557 0.713557 0.713557 0.713557 0.713557 0.713557 0.713557 0.713557 0.713557 0.713557 0.713557 0.713557 0.713557 
0.00328196 0.00328196 0.00328196 0.00328196 0.00328196 0.00328196 0.00328196 0.00328196 0.00328196 0.00328196 0.00328196 0.00328196 0.00328196 0.00328196 0.00328196 0.00328196 0.00328196 0.00328196 0.00328196 0.00328196 
0.78214 0.78214 0.78214 0.78214 0.78214 0.78214 0.78214 0.78214 0.78214 0.78214 0.78214 0.78214 0.78214 0.78214 0.78214 0.78214 0.78214 0.78214 0.78214 0.78214 
0.00247341 0.00247341 0.00247341 0.00247341 0.00247341 0.00247341 0.00247341 0.00247341 0.00247341 0.00247341 0.00247341 0.00247341 0.00247341 0.00247341 0.00247341 0.00247341 0.00247341 0.00247341 0.00247341 0.00247341 
0.59 0.59 0.59 0.59 0.59 0.59 0.59 0.59 0.59 0.59 0.59 0.59 0.59 0.59 0.59 0.59 0.59 0.59 0.59 0.59 
0.00940213 0.00940213 0.00940213 0.00940213 0.00940213 0.00940213 0.00940213 0.00940213 0.00940213 0.00940213 0.00940213 0.00940213 0.00940213 0.00940213 0.00940213 0.00940213 0.00940213 0.00940213 0.00940213 0.00940213 
0.000869381 0.00163981 0.00296155 0.00498304 0.00917444 0.0154651 0.0339129 0.0656771 0.125594 0.237242 0.403357 0.596473 0.7547 0.862193 0.926873 0.963578 0.981022 0.990225 0.995293 0.997554 
0.000454289 0.000603736 0.00112423 0.00204653 0.00193873 0.00380982 0.00417006 0.00594269 0.00931145 0.00940831 0.011298 0.0117435 0.00667254 0.0052748 0.00462109 0.00269824 0.00179083 0.00103134 0.000963032 0.000609829 
0.446197 0.503463 0.524159 0.559316 0.561719 0.600226 0.604375 0.634705 0.660532 0.685567 0.702128 0.709139 0.712942 0.714709 0.714044 0.715189 0.714412 0.714285 0.713917 0.714292 
0.0694337 0.0712362 0.0637333 0.0401151 0.0373101 0.0351707 0.0173752 0.0100227 0.00748974 0.00714827 0.00497293 0.00438509 0.00438755 0.00361216 0.00269861 0.00349308 0.00312436 0.00365943 0.00281552 0.00439042 
0.391734 0.542152 0.588005 0.660043 0.660995 0.71289 0.708204 0.735037 0.749118 0.7648 0.775778 0.779847 0.782375 0.783256 0.782597 0.783454 0.782857 0.782738 0.782424 0.782745 
0.213562 0.179404 0.1421 0.0657249 0.0578929 0.0529177 0.0279591 0.0119815 0.00848608 0.006371 0.00373276 0.00390755 0.00356424 0.00292561 0.00209463 0.00270365 0.00235364 0.00284574 0.00216353 0.00332682 
0.57175 0.56895 0.57625 0.5734 0.57055 0.5701 0.56965 0.5682 0.57065 0.5744 0.5783 0.5852 0.58465 0.5855 0.58915 0.5917 0.60875 0.6101 0.6014 0.6137 
0.00522374 0.0022243 0.00971532 0.00504381 0.00617637 0.00286182 0.00342454 0.00191311 0.0025549 0.00251794 0.00473392 0.00647765 0.00431596 0.00446654 0.00805155 0.00712811 0.00993919 0.00340441 0.0115776 0.00530189 
0.000876449 0.00156913 0.0028838 0.00500424 0.00901187 0.0156206 0.0339483 0.0658609 0.125191 0.237044 0.402368 0.593815 0.753364 0.861698 0.926138 0.963896 0.981156 0.990359 0.995123 0.99759 
0.000448367 0.000762442 0.00117883 0.00273908 0.00213354 0.00424006 0.00431568 0.00722969 0.0100483 0.0101152 0.0134109 0.0133695 0.00815714 0.00608275 0.00508366 0.00471152 0.0027302 0.00188845 0.00147621 0.000752649 
0.531439 0.536295 0.546021 0.540472 0.556672 0.571826 0.594416 0.618547 0.64072 0.665854 0.688627 0.702283 0.707238 0.710171 0.712779 0.714002 0.714843 0.713486 0.71408 0.715062 
0.071921 0.0578245 0.0326734 0.0282813 0.0346153 0.0238073 0.0191679 0.0117845 0.00670922 0.00615681 0.00445826 0.00381037 0.00389838 0.00326663 0.00404791 0.00386111 0.00393146 0.00444374 0.00411955 0.0039357 
0.602677 0.62051 0.641491 0.626947 0.652135 0.669405 0.686857 0.706882 0.724421 0.745653 0.762714 0.773658 0.777249 0.779618 0.78148 0.782465 0.783122 0.782148 0.782551 0.783316 
0.130439 0.098877 0.0555616 0.0474136 0.0562585 0.0342384 0.0208942 0.0121222 0.00699544 0.00554298 0.00373797 0.00301081 0.00277984 0.00264644 0.00307016 0.00295273 0.00304073 0.00340835 0.00315645 0.00296255 
0.5707 0.5692 0.5738 0.5743 0.57135 0.57 0.56935 0.5676 0.5715 0.57415 0.5763 0.58175 0.58225 0.5844 0.59295 0.593 0.60635 0.61085 0.60365 0.6137 
0.00345109 0.00292575 0.00550091 0.00782368 0.00425764 0.00293258 0.00274363 0.00210713 0.00338378 0.0024955 0.00356511 0.00385843 0.00282622 0.00427083 0.0207617 0.00710634 0.0116545 0.00431596 0.0124148 0.00416053 
1 1 1 1 1 1 1 1 1 1 1 1 1 1 1 1 1 1 1 1 
0 0 0 0 0 0 0 0 0 0 0 0 0 0 0 0 0 0 0 0 
0.724074 0.724074 0.724074 0.724074 0.724074 0.724074 0.724074 0.724074 0.724074 0.724074 0.724074 0.724074 0.724074 0.724074 0.724074 0.724074 0.724074 0.724074 0.724074 0.724074 
0.00274801 0.00274801 0.00274801 0.00274801 0.00274801 0.00274801 0.00274801 0.00274801 0.00274801 0.00274801 0.00274801 0.00274801 0.00274801 0.00274801 0.00274801 0.00274801 0.00274801 0.00274801 0.00274801 0.00274801 
0.793662 0.793662 0.793662 0.793662 0.793662 0.793662 0.793662 0.793662 0.793662 0.793662 0.793662 0.793662 0.793662 0.793662 0.793662 0.793662 0.793662 0.793662 0.793662 0.793662 
0.0020913 0.0020913 0.0020913 0.0020913 0.0020913 0.0020913 0.0020913 0.0020913 0.0020913 0.0020913 0.0020913 0.0020913 0.0020913 0.0020913 0.0020913 0.0020913 0.0020913 0.0020913 0.0020913 0.0020913 
0.2333 0.2333 0.2333 0.2333 0.2333 0.2333 0.2333 0.2333 0.2333 0.2333 0.2333 0.2333 0.2333 0.2333 0.2333 0.2333 0.2333 0.2333 0.2333 0.2333 
0.00336303 0.00336303 0.00336303 0.00336303 0.00336303 0.00336303 0.00336303 0.00336303 0.00336303 0.00336303 0.00336303 0.00336303 0.00336303 0.00336303 0.00336303 0.00336303 0.00336303 0.00336303 0.00336303 0.00336303 
0.000699746 0.000812836 0.00158326 0.00262228 0.00525869 0.00959146 0.0202785 0.045123 0.0998233 0.192055 0.332068 0.508051 0.671148 0.804092 0.890536 0.941766 0.969777 0.98491 0.992147 0.99624 
0.000320725 0.000278721 0.000568271 0.00106771 0.00197331 0.00280749 0.00382581 0.0057435 0.00595811 0.00795841 0.00863245 0.0101385 0.00600386 0.00478493 0.00387145 0.00164095 0.00192409 0.00133127 0.00116096 0.000603736 
0.524654 0.572858 0.59337 0.619091 0.608602 0.602191 0.622689 0.634316 0.657662 0.677064 0.694925 0.710517 0.719148 0.72172 0.723622 0.724668 0.724682 0.724187 0.725007 0.723537 
0.0990245 0.0908659 0.0822902 0.0415235 0.0426519 0.0324675 0.0228125 0.011364 0.00637953 0.0089881 0.00572177 0.00439081 0.0035394 0.00420004 0.00348479 0.00430358 0.00337836 0.00367595 0.00316794 0.00392141 
0.564345 0.651845 0.693257 0.745698 0.732723 0.725997 0.746886 0.753398 0.763226 0.769792 0.777134 0.786612 0.79124 0.793034 0.793528 0.794239 0.794777 0.794466 0.794605 0.793569 
0.212196 0.192364 0.156284 0.0628495 0.0608836 0.0457887 0.0291836 0.0157515 0.00886185 0.00883258 0.00488342 0.00344688 0.00313365 0.00341902 0.00276223 0.00311778 0.00249249 0.00303394 0.00221462 0.00280381 
0.0056 0.00545 0.0061 0.00625 0.00705 0.00865 0.0122 0.02025 0.03825 0.0645 0.1003 0.1405 0.17355 0.19935 0.2153 0.22505 0.23445 0.2396 0.2377 0.24285 
0.000489898 0.000497494 0.000888819 0.000829156 0.00102347 0.00149248 0.00196469 0.00236379 0.00225555 0.00329393 0.00371618 0.00357071 0.00281913 0.00383764 0.00327261 0.00487314 0.00536167 0.00329242 0.00442832 0.00286836 
0.0361889 0.0358142 0.0419141 0.0462963 0.056538 0.0704976 0.0955117 0.138274 0.221918 0.341214 0.488055 0.642133 0.773989 0.867593 0.927799 0.962284 0.980782 0.990098 0.995448 0.997427 
0.0174487 0.0228034 0.0177765 0.00902848 0.0171195 0.016511 0.0174376 0.0199681 0.0127415 0.0122316 0.00940986 0.00727784 0.00634931 0.00480327 0.00348277 0.00156626 0.00134738 0.000992035 0.000754141 0.00039632 
0.659153 0.666815 0.676357 0.667381 0.68011 0.682506 0.683277 0.696805 0.703682 0.716645 0.720526 0.723629 0.725283 0.724951 0.726498 0.724675 0.72476 0.724724 0.724654 0.723473 
0.0208462 0.0179476 0.0199684 0.0242456 0.0183343 0.0211201 0.0182192 0.0153341 0.00820053 0.00604538 0.00466219 0.00329241 0.00407906 0.00372782 0.00273634 0.00346101 0.00378221 0.00245504 0.00397443 0.00394254 
0.78067 0.789693 0.794558 0.786539 0.795112 0.793006 0.789591 0.797779 0.793881 0.794874 0.793807 0.795023 0.795485 0.794795 0.795874 0.794205 0.794695 0.794656 0.794362 0.79332 
0.0300075 0.0186039 0.0119182 0.0328413 0.0107803 0.0206051 0.0221804 0.00858287 0.00444627 0.00537552 0.00415269 0.00272884 0.00308109 0.00308636 0.00239137 0.00284876 0.00302751 0.00209977 0.00290616 0.00293787 
0.08495 0.08385 0.0856 0.0875 0.09065 0.09425 0.10135 0.11185 0.1334 0.16125 0.1897 0.2176 0.23915 0.253 0.2606 0.2666 0.2769 0.2789 0.2753 0.2809 
0.00680055 0.00790743 0.00631981 0.00391791 0.00656715 0.0058127 0.00735034 0.00742479 0.00439773 0.00421752 0.00529245 0.00355528 0.0040654 0.0031305 0.00394208 0.00527636 0.00613922 0.00349142 0.00684178 0.0027 
0.0358355 0.0357224 0.0414334 0.0461055 0.0569975 0.0707945 0.0954198 0.138945 0.22189 0.341603 0.487786 0.641872 0.772413 0.867564 0.927813 0.962935 0.980711 0.989942 0.995561 0.99747 
0.0177223 0.0237258 0.018299 0.00851319 0.0179553 0.0169462 0.0178673 0.0212822 0.01388 0.0153239 0.0104985 0.0112206 0.00857694 0.00722947 0.00559148 0.00301093 0.00271309 0.00177593 0.00130437 0.000689497 
0.59132 0.588571 0.593936 0.606814 0.601046 0.615451 0.621084 0.640628 0.658044 0.67741 0.692946 0.706029 0.714624 0.718363 0.721742 0.722979 0.723763 0.724272 0.724569 0.724788 
0.0214049 0.0286478 0.0171363 0.0104722 0.0134193 0.0129562 0.0109083 0.00819448 0.00857467 0.00450324 0.00403439 0.00356853 0.00335684 0.00357681 0.00411955 0.00427404 0.00341381 0.00409452 0.00345151 0.00419428 
0.69613 0.691885 0.695009 0.710478 0.699804 0.712812 0.715864 0.732092 0.744912 0.759672 0.770404 0.781273 0.786771 0.790066 0.792316 0.793099 0.793806 0.79436 0.794123 0.794599 
0.0264857 0.0377866 0.0185011 0.0110031 0.0162738 0.0127079 0.012641 0.00767158 0.00786989 0.00363161 0.0038921 0.00290919 0.0027759 0.00270373 0.0030383 0.00325032 0.00267729 0.00313506 0.00251509 0.00314012 
0.01575 0.01615 0.0183 0.01895 0.0227 0.0259 0.0335 0.0443 0.06735 0.09745 0.1356 0.1739 0.20615 0.2303 0.2451 0.2556 0.2672 0.2694 0.26865 0.27455 
0.00526189 0.00705886 0.00553263 0.00263581 0.005469 0.00491833 0.00546352 0.00557763 0.00363696 0.00480078 0.00424735 0.00503885 0.0045086 0.00386135 0.00346266 0.00456508 0.00582752 0.00345543 0.00538772 0.00272901 
1 1 1 1 1 1 1 1 1 1 1 1 1 1 1 1 1 1 1 1 
0 0 0 0 0 0 0 0 0 0 0 0 0 0 0 0 0 0 0 0 
0.800191 0.800191 0.800191 0.800191 0.800191 0.800191 0.800191 0.800191 0.800191 0.800191 0.800191 0.800191 0.800191 0.800191 0.800191 0.800191 0.800191 0.800191 0.800191 0.800191 
0.00149034 0.00149034 0.00149034 0.00149034 0.00149034 0.00149034 0.00149034 0.00149034 0.00149034 0.00149034 0.00149034 0.00149034 0.00149034 0.00149034 0.00149034 0.00149034 0.00149034 0.00149034 0.00149034 0.00149034 
0.849836 0.849836 0.849836 0.849836 0.849836 0.849836 0.849836 0.849836 0.849836 0.849836 0.849836 0.849836 0.849836 0.849836 0.849836 0.849836 0.849836 0.849836 0.849836 0.849836 
0.00118452 0.00118452 0.00118452 0.00118452 0.00118452 0.00118452 0.00118452 0.00118452 0.00118452 0.00118452 0.00118452 0.00118452 0.00118452 0.00118452 0.00118452 0.00118452 0.00118452 0.00118452 0.00118452 0.00118452 
0.3905 0.3905 0.3905 0.3905 0.3905 0.3905 0.3905 0.3905 0.3905 0.3905 0.3905 0.3905 0.3905 0.3905 0.3905 0.3905 0.3905 0.3905 0.3905 0.3905 
0.0057836 0.0057836 0.0057836 0.0057836 0.0057836 0.0057836 0.0057836 0.0057836 0.0057836 0.0057836 0.0057836 0.0057836 0.0057836 0.0057836 0.0057836 0.0057836 0.0057836 0.0057836 0.0057836 0.0057836 
