1 1 1 1 1 1 1 1 1 1 1 1 1 1 1 1 1 1 1 1 
0 0 0 0 0 0 0 0 0 0 0 0 0 0 0 0 0 0 0 0 
0.715652 0.715652 0.715652 0.715652 0.715652 0.715652 0.715652 0.715652 0.715652 0.715652 0.715652 0.715652 0.715652 0.715652 0.715652 0.715652 0.715652 0.715652 0.715652 0.715652 
0.000290307 0.000290307 0.000290307 0.000290307 0.000290307 0.000290307 0.000290307 0.000290307 0.000290307 0.000290307 0.000290307 0.000290307 0.000290307 0.000290307 0.000290307 0.000290307 0.000290307 0.000290307 0.000290307 0.000290307 
0.748581 0.748581 0.748581 0.748581 0.748581 0.748581 0.748581 0.748581 0.748581 0.748581 0.748581 0.748581 0.748581 0.748581 0.748581 0.748581 0.748581 0.748581 0.748581 0.748581 
0.00025666 0.00025666 0.00025666 0.00025666 0.00025666 0.00025666 0.00025666 0.00025666 0.00025666 0.00025666 0.00025666 0.00025666 0.00025666 0.00025666 0.00025666 0.00025666 0.00025666 0.00025666 0.00025666 0.00025666 
0.38 0.38 0.38 0.38 0.38 0.38 0.38 0.38 0.38 0.38 0.38 0.38 0.38 0.38 0.38 0.38 0.38 0.38 0.38 0.38 
0.00441588 0.00441588 0.00441588 0.00441588 0.00441588 0.00441588 0.00441588 0.00441588 0.00441588 0.00441588 0.00441588 0.00441588 0.00441588 0.00441588 0.00441588 0.00441588 0.00441588 0.00441588 0.00441588 0.00441588 
0.00252258 0.00523561 0.0102853 0.0209082 0.042521 0.0845193 0.165308 0.30886 0.508133 0.704037 0.845201 0.926036 0.966369 0.985017 0.993419 0.997124 0.998736 0.999443 0.999745 0.999877 
0.000154238 0.000190871 0.000293312 0.000380947 0.000523821 0.000685609 0.000877015 0.00115931 0.00100879 0.000792541 0.000556992 0.000417394 0.000232765 0.000207512 0.000110696 6.58394e-005 3.52201e-005 2.70902e-005 1.89503e-005 1.10542e-005 
0.656231 0.683064 0.706395 0.722965 0.734604 0.742732 0.745523 0.741311 0.733229 0.725433 0.720728 0.71797 0.716769 0.716184 0.715739 0.715715 0.715691 0.715667 0.715569 0.715926 
0.0109806 0.00724951 0.00290003 0.00184506 0.00148145 0.0010935 0.000467437 0.000627442 0.000498832 0.000271347 0.000504061 0.000551324 0.000552506 0.000365747 0.000404858 0.000372923 0.000529539 0.000517641 0.000356143 0.000471903 
0.704824 0.72928 0.750421 0.763084 0.772188 0.777916 0.778932 0.773998 0.765821 0.758172 0.753534 0.750843 0.749664 0.749095 0.748671 0.748646 0.748619 0.748596 0.748508 0.748823 
0.0142384 0.00891961 0.0037096 0.00207135 0.00160275 0.00106901 0.000444117 0.000573681 0.000394323 0.000293516 0.000464136 0.000480323 0.000499449 0.000328997 0.000352739 0.000329051 0.00046906 0.000457789 0.000314814 0.000417518 
0.38875 0.38925 0.38895 0.3877 0.3917 0.39105 0.39385 0.39585 0.3966 0.39795 0.3985 0.3977 0.3969 0.39815 0.3961 0.3976 0.39735 0.39625 0.3972 0.3971 
0.00406048 0.00303109 0.00501473 0.00375633 0.00563116 0.0039048 0.0040654 0.00346807 0.00372022 0.00363971 0.00410488 0.00441701 0.00368646 0.00338046 0.00449333 0.00315278 0.00365068 0.00275454 0.0047392 0.00221133 
0.00251845 0.00524464 0.0102974 0.0209442 0.0424873 0.0845967 0.165197 0.308737 0.508316 0.704202 0.845208 0.925988 0.966323 0.984991 0.993403 0.997117 0.998707 0.999434 0.999726 0.999857 
0.000168113 0.00023085 0.000351076 0.00052645 0.000558713 0.000766528 0.00104195 0.00134637 0.0012225 0.00124828 0.000782772 0.000598628 0.000372576 0.000349569 0.000109788 0.000120517 6.48036e-005 5.27491e-005 3.82211e-005 2.2704e-005 
0.634928 0.654419 0.667526 0.681469 0.691623 0.700016 0.706606 0.711386 0.713504 0.714715 0.715313 0.715545 0.715706 0.715568 0.715543 0.715665 0.715788 0.715716 0.715557 0.715749 
0.00664545 0.00419583 0.00342381 0.00262843 0.00135575 0.00140313 0.000876755 0.000888231 0.000595878 0.000446339 0.000513854 0.000537674 0.00051826 0.000371818 0.000431221 0.000426467 0.000545041 0.000456878 0.000453076 0.000401734 
0.678842 0.693902 0.706047 0.718354 0.727147 0.73461 0.740527 0.744824 0.746702 0.747809 0.748288 0.748494 0.748623 0.748507 0.748484 0.748595 0.748702 0.748638 0.748497 0.748667 
0.0078089 0.0054429 0.00343461 0.00284795 0.00130245 0.00146638 0.00106993 0.000830881 0.000553296 0.000411573 0.00048316 0.000476572 0.000482321 0.00033368 0.00038181 0.000379198 0.000483654 0.000403211 0.000401048 0.000355583 
0.3865 0.385 0.38815 0.38675 0.38715 0.38995 0.39315 0.39535 0.39775 0.39705 0.3989 0.39645 0.3976 0.39965 0.39745 0.3995 0.3973 0.39795 0.3964 0.3975 
0.00409268 0.003755 0.00540625 0.00377988 0.00349678 0.00349964 0.0044975 0.00459647 0.00535607 0.00339816 0.00450444 0.00231247 0.00450999 0.00462898 0.00294066 0.00520096 0.00483839 0.00486287 0.00142829 0.00417732 
1 1 1 1 1 1 1 1 1 1 1 1 1 1 1 1 1 1 1 1 
0 0 0 0 0 0 0 0 0 0 0 0 0 0 0 0 0 0 0 0 
0.712226 0.712226 0.712226 0.712226 0.712226 0.712226 0.712226 0.712226 0.712226 0.712226 0.712226 0.712226 0.712226 0.712226 0.712226 0.712226 0.712226 0.712226 0.712226 0.712226 
0.000331315 0.000331315 0.000331315 0.000331315 0.000331315 0.000331315 0.000331315 0.000331315 0.000331315 0.000331315 0.000331315 0.000331315 0.000331315 0.000331315 0.000331315 0.000331315 0.000331315 0.000331315 0.000331315 0.000331315 
0.745696 0.745696 0.745696 0.745696 0.745696 0.745696 0.745696 0.745696 0.745696 0.745696 0.745696 0.745696 0.745696 0.745696 0.745696 0.745696 0.745696 0.745696 0.745696 0.745696 
0.00030963 0.00030963 0.00030963 0.00030963 0.00030963 0.00030963 0.00030963 0.00030963 0.00030963 0.00030963 0.00030963 0.00030963 0.00030963 0.00030963 0.00030963 0.00030963 0.00030963 0.00030963 0.00030963 0.00030963 
0.39955 0.39955 0.39955 0.39955 0.39955 0.39955 0.39955 0.39955 0.39955 0.39955 0.39955 0.39955 0.39955 0.39955 0.39955 0.39955 0.39955 0.39955 0.39955 0.39955 
0.00313807 0.00313807 0.00313807 0.00313807 0.00313807 0.00313807 0.00313807 0.00313807 0.00313807 0.00313807 0.00313807 0.00313807 0.00313807 0.00313807 0.00313807 0.00313807 0.00313807 0.00313807 0.00313807 0.00313807 
0.00169119 0.00365449 0.00748676 0.014813 0.0294645 0.0575249 0.110329 0.206679 0.362703 0.559283 0.740237 0.8659 0.936387 0.97111 0.987231 0.994368 0.997508 0.998909 0.999507 0.99978 
0.000117661 0.000118999 0.000193921 0.000329662 0.000367922 0.000445312 0.000490626 0.000888797 0.00114841 0.000757228 0.000591326 0.000475192 0.00034836 0.000191163 0.000141677 9.60453e-005 7.48565e-005 4.93257e-005 2.76898e-005 1.90074e-005 
0.654217 0.682137 0.704646 0.719475 0.730878 0.73798 0.741456 0.740346 0.734594 0.727308 0.721252 0.716777 0.714466 0.713313 0.712611 0.712469 0.71256 0.71235 0.712178 0.712384 
0.0100397 0.00716511 0.0035308 0.00283261 0.00112381 0.000936954 0.000941667 0.000592546 0.000419751 0.000457119 0.000468289 0.000682968 0.00063344 0.000440419 0.000340677 0.000349068 0.000396562 0.00045393 0.000450301 0.000383513 
0.701724 0.728445 0.74754 0.759814 0.768698 0.773574 0.775357 0.773183 0.767228 0.760059 0.754194 0.749997 0.747828 0.746679 0.746028 0.745904 0.745972 0.745803 0.745655 0.745819 
0.0138042 0.00676927 0.00412318 0.00307549 0.00120607 0.0011131 0.000900692 0.000487464 0.000395457 0.000436561 0.000436932 0.000600192 0.000536812 0.000389991 0.000323841 0.000308555 0.000352882 0.000413479 0.00041809 0.000326892 
0.3835 0.38405 0.38525 0.384 0.38825 0.38935 0.3912 0.3963 0.4001 0.40605 0.41105 0.41065 0.41215 0.4134 0.4135 0.4161 0.4137 0.41375 0.4139 0.41395 
0.00305778 0.00281913 0.00584701 0.00298329 0.00458121 0.00509191 0.00423792 0.00480729 0.00322335 0.00339816 0.00300791 0.00292019 0.00369154 0.00342637 0.004995 0.00511762 0.0047655 0.00445954 0.00445982 0.00463114 
0.00169807 0.00367815 0.00751224 0.0148262 0.0294784 0.0574229 0.1102 0.206826 0.362635 0.559402 0.740267 0.865809 0.936368 0.971159 0.987218 0.994328 0.997514 0.998882 0.999496 0.999761 
0.000123834 0.000143454 0.000261155 0.00039326 0.000425088 0.000741045 0.000858792 0.00112031 0.00148854 0.000861582 0.00066718 0.000698686 0.000585372 0.000363292 0.000257349 0.000181153 0.000117237 9.48342e-005 4.98829e-005 3.96549e-005 
0.62108 0.641665 0.656694 0.67105 0.683506 0.692908 0.700272 0.705954 0.709282 0.710674 0.711919 0.712077 0.71223 0.712384 0.712181 0.712338 0.712475 0.712334 0.712162 0.712376 
0.00850378 0.00701518 0.00361747 0.0026289 0.00218802 0.00142117 0.000945238 0.000873464 0.000628295 0.000519335 0.000514845 0.00061397 0.00070304 0.000466632 0.000352034 0.000345016 0.000399235 0.000450251 0.000441541 0.00038413 
0.665971 0.684331 0.69685 0.71004 0.721052 0.72878 0.735385 0.74032 0.7432 0.744368 0.745417 0.745538 0.745728 0.745815 0.745628 0.745778 0.745897 0.745786 0.745638 0.745812 
0.00906813 0.009397 0.00390889 0.00297507 0.00215536 0.0013762 0.000922497 0.000829499 0.000624779 0.000532214 0.000472258 0.000536643 0.000614627 0.000424106 0.000343624 0.000308187 0.000353157 0.000411268 0.00040955 0.00032286 
0.3879 0.389 0.3899 0.391 0.392 0.3919 0.3948 0.4 0.40495 0.4101 0.41375 0.4148 0.4171 0.42015 0.4196 0.42005 0.41925 0.41805 0.41915 0.41955 
0.0031289 0.003937 0.00398623 0.00374166 0.00590762 0.00296479 0.00462169 0.00424264 0.00565221 0.00383275 0.00282622 0.00265707 0.00271846 0.00465054 0.00345543 0.00405555 0.00436892 0.00302448 0.00454175 0.00501473 
1 1 1 1 1 1 1 1 1 1 1 1 1 1 1 1 1 1 1 1 
0 0 0 0 0 0 0 0 0 0 0 0 0 0 0 0 0 0 0 0 
0.77982 0.77982 0.77982 0.77982 0.77982 0.77982 0.77982 0.77982 0.77982 0.77982 0.77982 0.77982 0.77982 0.77982 0.77982 0.77982 0.77982 0.77982 0.77982 0.77982 
0.000268276 0.000268276 0.000268276 0.000268276 0.000268276 0.000268276 0.000268276 0.000268276 0.000268276 0.000268276 0.000268276 0.000268276 0.000268276 0.000268276 0.000268276 0.000268276 0.000268276 0.000268276 0.000268276 0.000268276 
0.815513 0.815513 0.815513 0.815513 0.815513 0.815513 0.815513 0.815513 0.815513 0.815513 0.815513 0.815513 0.815513 0.815513 0.815513 0.815513 0.815513 0.815513 0.815513 0.815513 
0.000273522 0.000273522 0.000273522 0.000273522 0.000273522 0.000273522 0.000273522 0.000273522 0.000273522 0.000273522 0.000273522 0.000273522 0.000273522 0.000273522 0.000273522 0.000273522 0.000273522 0.000273522 0.000273522 0.000273522 
0.4135 0.4135 0.4135 0.4135 0.4135 0.4135 0.4135 0.4135 0.4135 0.4135 0.4135 0.4135 0.4135 0.4135 0.4135 0.4135 0.4135 0.4135 0.4135 0.4135 
0.00341321 0.00341321 0.00341321 0.00341321 0.00341321 0.00341321 0.00341321 0.00341321 0.00341321 0.00341321 0.00341321 0.00341321 0.00341321 0.00341321 0.00341321 0.00341321 0.00341321 0.00341321 0.00341321 0.00341321 
0.00313212 0.0075328 0.0138348 0.025514 0.0502775 0.0929558 0.166469 0.283564 0.444422 0.628153 0.787227 0.892312 0.949524 0.977298 0.989921 0.995582 0.998074 0.999133 0.999621 0.999827 
0.000750856 0.000526356 0.000424633 0.000616082 0.000642796 0.000606136 0.000930861 0.000793542 0.000877383 0.000771552 0.000448351 0.000479663 0.000317993 0.000161531 0.000118183 7.45382e-005 6.18807e-005 4.07203e-005 2.25953e-005 1.59451e-005 
0.674002 0.714639 0.727695 0.738976 0.753599 0.762901 0.770264 0.776388 0.779923 0.780875 0.780779 0.780369 0.780326 0.780133 0.780014 0.780063 0.780035 0.779959 0.780067 0.780229 
0.0144622 0.00753004 0.00184972 0.00227334 0.00131232 0.000789944 0.000592838 0.000422401 0.000334439 0.00035672 0.000365567 0.000265079 0.000237021 0.000417731 0.000290865 0.000301529 0.000280069 0.000336228 0.000326582 0.000245404 
0.742846 0.770648 0.780385 0.787982 0.797108 0.80319 0.808716 0.813677 0.816228 0.816734 0.816416 0.816024 0.815975 0.815815 0.815661 0.815714 0.815737 0.815661 0.815718 0.815874 
0.0115815 0.0044002 0.00174396 0.00132883 0.000774398 0.0007076 0.000581876 0.000288438 0.000303892 0.000269801 0.000335495 0.000238798 0.000218436 0.000353079 0.000254909 0.000236561 0.000242502 0.000254589 0.000278575 0.000211128 
0.40145 0.40315 0.4042 0.4052 0.4065 0.40625 0.4116 0.4167 0.4225 0.4261 0.4293 0.4302 0.4303 0.43155 0.43365 0.43205 0.42955 0.43285 0.4324 0.4308 
0.00329355 0.00322916 0.00400749 0.00374967 0.00400625 0.00361766 0.00356931 0.00353695 0.00416533 0.00286182 0.0041 0.00427317 0.00364829 0.00391759 0.0055792 0.00420089 0.00348533 0.00457466 0.0032 0.00401995 
0.00313539 0.00751998 0.0138387 0.0255875 0.0502162 0.0928582 0.16644 0.283694 0.444303 0.62833 0.787393 0.89243 0.949544 0.977317 0.989877 0.995575 0.998067 0.9991 0.999603 0.999818 
0.000762106 0.000566029 0.000458642 0.000671266 0.000586078 0.000738139 0.00112751 0.00105976 0.00130829 0.00130924 0.000801161 0.000756584 0.000578539 0.000270662 0.000173995 0.000166557 0.000102053 7.5613e-005 3.79489e-005 2.65104e-005 
0.650033 0.683829 0.706802 0.722859 0.73409 0.744149 0.753435 0.761792 0.768244 0.772836 0.776339 0.778157 0.779329 0.779684 0.779809 0.779964 0.780011 0.779939 0.780058 0.780223 
0.0112572 0.006915 0.00292802 0.00151125 0.00119536 0.000743597 0.000730986 0.000626015 0.000341492 0.000392591 0.000329451 0.000261506 0.00026204 0.000392019 0.000280638 0.000305067 0.000281382 0.000351513 0.000324253 0.000248536 
0.728892 0.748222 0.764344 0.776574 0.782751 0.789659 0.796041 0.802546 0.807395 0.810802 0.813154 0.814415 0.815225 0.815486 0.815514 0.815642 0.81572 0.815648 0.815712 0.815869 
0.00916876 0.00715331 0.00391832 0.00176879 0.00102926 0.000935757 0.000662245 0.000691172 0.00031736 0.000317316 0.000338471 0.000260724 0.000258571 0.000316322 0.000241854 0.000251362 0.00024444 0.000267202 0.000275067 0.000213173 
0.4049 0.4052 0.40715 0.40895 0.4101 0.41135 0.4153 0.4195 0.4249 0.4284 0.43295 0.4345 0.43475 0.43615 0.4366 0.4362 0.4354 0.4372 0.4361 0.4349 
0.00311288 0.00248193 0.00288574 0.00551793 0.00439204 0.00579029 0.00293428 0.00327872 0.00541202 0.00329242 0.0039048 0.00522015 0.00399844 0.00358155 0.00338231 0.00391918 0.00348425 0.00436578 0.00393573 0.00346266 
1 1 1 1 1 1 1 1 1 1 1 1 1 1 1 1 1 1 1 1 
0 0 0 0 0 0 0 0 0 0 0 0 0 0 0 0 0 0 0 0 
0.775665 0.775665 0.775665 0.775665 0.775665 0.775665 0.775665 0.775665 0.775665 0.775665 0.775665 0.775665 0.775665 0.775665 0.775665 0.775665 0.775665 0.775665 0.775665 0.775665 
0.000278714 0.000278714 0.000278714 0.000278714 0.000278714 0.000278714 0.000278714 0.000278714 0.000278714 0.000278714 0.000278714 0.000278714 0.000278714 0.000278714 0.000278714 0.000278714 0.000278714 0.000278714 0.000278714 0.000278714 
0.806894 0.806894 0.806894 0.806894 0.806894 0.806894 0.806894 0.806894 0.806894 0.806894 0.806894 0.806894 0.806894 0.806894 0.806894 0.806894 0.806894 0.806894 0.806894 0.806894 
0.00024759 0.00024759 0.00024759 0.00024759 0.00024759 0.00024759 0.00024759 0.00024759 0.00024759 0.00024759 0.00024759 0.00024759 0.00024759 0.00024759 0.00024759 0.00024759 0.00024759 0.00024759 0.00024759 0.00024759 
0.44525 0.44525 0.44525 0.44525 0.44525 0.44525 0.44525 0.44525 0.44525 0.44525 0.44525 0.44525 0.44525 0.44525 0.44525 0.44525 0.44525 0.44525 0.44525 0.44525 
0.00326917 0.00326917 0.00326917 0.00326917 0.00326917 0.00326917 0.00326917 0.00326917 0.00326917 0.00326917 0.00326917 0.00326917 0.00326917 0.00326917 0.00326917 0.00326917 0.00326917 0.00326917 0.00326917 0.00326917 
0.00522313 0.0104048 0.0206323 0.0402393 0.075914 0.137062 0.237877 0.388709 0.570152 0.740385 0.862734 0.933672 0.969645 0.986456 0.993997 0.997403 0.998858 0.99948 0.999776 0.999891 
0.00020124 0.000307548 0.000440159 0.000611838 0.000592505 0.000854218 0.000887191 0.000941052 0.000820908 0.00067225 0.000449038 0.000342126 0.000271269 0.000123369 9.8687e-005 6.14811e-005 4.08751e-005 2.67717e-005 1.74954e-005 1.19814e-005 
0.715717 0.732954 0.746569 0.756864 0.766509 0.773421 0.777678 0.778843 0.778273 0.777275 0.776706 0.775947 0.775914 0.775907 0.775622 0.775891 0.775798 0.775679 0.775654 0.775867 
0.00284942 0.00172789 0.00136207 0.000772938 0.000696607 0.000560405 0.000376681 0.000383841 0.000374448 0.00036342 0.000261142 0.000332303 0.000437128 0.000377476 0.000335916 0.000319606 0.000292538 0.000337908 0.00036639 0.000269839 
0.76537 0.778789 0.78831 0.79566 0.802732 0.807582 0.810309 0.810541 0.809612 0.80855 0.807913 0.807206 0.807135 0.807135 0.806893 0.807103 0.807055 0.806935 0.806899 0.807097 
0.00320134 0.00169256 0.00130548 0.000842501 0.000787741 0.000542177 0.000399678 0.000410513 0.000331088 0.000306093 0.000231526 0.000286084 0.000391703 0.000327551 0.000295432 0.000265754 0.000225717 0.000296351 0.000314323 0.000243429 
0.42285 0.42025 0.42225 0.42165 0.42705 0.42805 0.4359 0.4423 0.4498 0.45335 0.45955 0.4606 0.4611 0.4616 0.46115 0.46115 0.46035 0.4634 0.4627 0.46135 
0.00603552 0.00358992 0.00412159 0.00266974 0.00406786 0.00498473 0.00441475 0.00347994 0.003995 0.00322916 0.00637554 0.00428252 0.00502892 0.002498 0.00385065 0.00313488 0.0026884 0.00439773 0.00545069 0.00480911 
0.0052122 0.0104076 0.0207045 0.040287 0.0759555 0.136871 0.237805 0.389179 0.569858 0.740297 0.862801 0.933589 0.96964 0.986465 0.993989 0.997411 0.998839 0.999466 0.999765 0.999872 
0.000237687 0.000355096 0.000531399 0.000631111 0.000634065 0.00117935 0.00125656 0.00141476 0.00123643 0.000904451 0.000765983 0.000626808 0.000434639 0.000197137 0.000172562 0.000100803 7.45057e-005 4.85607e-005 2.41969e-005 2.72096e-005 
0.701018 0.718881 0.731595 0.742626 0.751356 0.758545 0.764582 0.769151 0.772173 0.774035 0.775081 0.775255 0.775557 0.775782 0.775563 0.775864 0.775796 0.775694 0.77566 0.775863 
0.00323948 0.00234631 0.00110272 0.00119944 0.000802872 0.000609615 0.000303577 0.000447935 0.000442118 0.000399293 0.000412714 0.000352449 0.000384809 0.000356015 0.000312391 0.000326584 0.000303933 0.000330227 0.000366525 0.000270982 
0.75227 0.764813 0.773787 0.782401 0.788596 0.793981 0.798547 0.8019 0.804162 0.805666 0.806462 0.806578 0.806805 0.807025 0.806841 0.807082 0.80705 0.80695 0.806904 0.807095 
0.00349005 0.00322146 0.00186554 0.00145122 0.000960392 0.000613238 0.000299491 0.00041421 0.000403625 0.000382039 0.000330409 0.000300336 0.000357694 0.000322179 0.000278947 0.000277743 0.00023831 0.000288949 0.000312592 0.000244661 
0.4256 0.42575 0.4267 0.42785 0.42985 0.43245 0.4397 0.4474 0.4536 0.45735 0.464 0.4644 0.4657 0.46475 0.4659 0.4661 0.4666 0.46795 0.46665 0.4669 
0.0051225 0.00319179 0.00339264 0.00288574 0.00298789 0.00377459 0.00478644 0.00444297 0.00445421 0.00375866 0.00550454 0.00391663 0.00472335 0.00214184 0.00478435 0.00374032 0.00537959 0.00380099 0.00379835 0.00427668 
1 1 1 1 1 1 1 1 1 1 1 1 1 1 1 1 1 1 1 1 
0 0 0 0 0 0 0 0 0 0 0 0 0 0 0 0 0 0 0 0 
0.721335 0.721335 0.721335 0.721335 0.721335 0.721335 0.721335 0.721335 0.721335 0.721335 0.721335 0.721335 0.721335 0.721335 0.721335 0.721335 0.721335 0.721335 0.721335 0.721335 
0.000397654 0.000397654 0.000397654 0.000397654 0.000397654 0.000397654 0.000397654 0.000397654 0.000397654 0.000397654 0.000397654 0.000397654 0.000397654 0.000397654 0.000397654 0.000397654 0.000397654 0.000397654 0.000397654 0.000397654 
0.753605 0.753605 0.753605 0.753605 0.753605 0.753605 0.753605 0.753605 0.753605 0.753605 0.753605 0.753605 0.753605 0.753605 0.753605 0.753605 0.753605 0.753605 0.753605 0.753605 
0.000351786 0.000351786 0.000351786 0.000351786 0.000351786 0.000351786 0.000351786 0.000351786 0.000351786 0.000351786 0.000351786 0.000351786 0.000351786 0.000351786 0.000351786 0.000351786 0.000351786 0.000351786 0.000351786 0.000351786 
4.1883 4.1883 4.1883 4.1883 4.1883 4.1883 4.1883 4.1883 4.1883 4.1883 4.1883 4.1883 4.1883 4.1883 4.1883 4.1883 4.1883 4.1883 4.1883 4.1883 
0.0107009 0.0107009 0.0107009 0.0107009 0.0107009 0.0107009 0.0107009 0.0107009 0.0107009 0.0107009 0.0107009 0.0107009 0.0107009 0.0107009 0.0107009 0.0107009 0.0107009 0.0107009 0.0107009 0.0107009 
0.00110609 0.00240873 0.00589807 0.0173407 0.110673 0.350633 0.579279 0.749805 0.856015 0.917437 0.953556 0.974236 0.986002 0.992597 0.996146 0.998035 0.998994 0.999494 0.999737 0.999864 
0.000159289 0.000174002 0.00032246 0.00143091 0.00350759 0.00811671 0.00503445 0.0045442 0.00244006 0.00192239 0.00115431 0.000620225 0.00018058 0.00017307 8.27282e-005 7.30327e-005 4.80634e-005 3.68978e-005 2.3499e-005 1.45827e-005 
0.693234 0.723468 0.750091 0.766183 0.758341 0.742227 0.732702 0.727826 0.724981 0.72331 0.72265 0.722069 0.721632 0.721681 0.721566 0.721546 0.721721 0.721496 0.721555 0.721635 
0.0122969 0.00992213 0.00531581 0.00282171 0.001941 0.0020859 0.00109825 0.000807197 0.000711738 0.000400483 0.000618489 0.000440458 0.000381347 0.000402817 0.000440003 0.000512766 0.000476635 0.00048381 0.000438676 0.000467577 
0.735694 0.762937 0.785308 0.798093 0.789628 0.773949 0.765182 0.760357 0.757317 0.755551 0.75486 0.754295 0.753884 0.753922 0.753815 0.753793 0.753947 0.753748 0.753799 0.75387 
0.0116926 0.0102431 0.00640089 0.00326975 0.00235635 0.00228349 0.00114397 0.000858148 0.000684221 0.000361873 0.000547154 0.000394321 0.000334851 0.000355418 0.000389139 0.000453289 0.000421144 0.000427862 0.000388382 0.000413723 
4.0719 4.0685 4.0776 4.0765 4.0975 4.13325 4.17615 4.1972 4.2011 4.21355 4.21895 4.21615 4.21815 4.2176 4.2207 4.2192 4.21735 4.2219 4.22095 4.21925 
0.0128565 0.0104427 0.0131316 0.00864002 0.0111602 0.0113793 0.0125669 0.0110842 0.00966385 0.00938869 0.0133209 0.0110873 0.010518 0.00866256 0.0124342 0.0133289 0.00922104 0.0107 0.0104138 0.0124293 
0.00112949 0.00242861 0.00593938 0.0173626 0.110737 0.350632 0.579066 0.74976 0.856139 0.91729 0.953529 0.974273 0.98605 0.992536 0.996119 0.998035 0.99898 0.999484 0.999724 0.999848 
0.000175031 0.000201979 0.000305887 0.00142621 0.00362525 0.00819463 0.00506938 0.00471013 0.00249259 0.00183653 0.00125129 0.000616265 0.000219273 0.000173501 0.000103226 0.000102118 5.43274e-005 5.10469e-005 4.34643e-005 2.42881e-005 
0.665218 0.687672 0.705305 0.716252 0.720464 0.721041 0.721214 0.721448 0.721636 0.72135 0.721533 0.721542 0.721462 0.721608 0.721446 0.721457 0.721619 0.721558 0.721507 0.721649 
0.0130578 0.00710332 0.0039116 0.00295777 0.00113687 0.000878567 0.000552276 0.000585466 0.000610934 0.000447784 0.000585676 0.000508062 0.000502821 0.000540762 0.000497678 0.000466163 0.000455257 0.00045507 0.000334974 0.000396651 
0.701862 0.722654 0.739587 0.748826 0.752725 0.753371 0.753462 0.753682 0.753866 0.753628 0.75377 0.753786 0.753717 0.753847 0.753705 0.753711 0.753855 0.753801 0.753756 0.753882 
0.0161443 0.00907446 0.00481737 0.0029524 0.00116754 0.000828079 0.00050666 0.000493692 0.000554467 0.000397459 0.00052198 0.000446937 0.000447737 0.000482632 0.000441121 0.000411219 0.000400799 0.000403294 0.000295452 0.000351077 
4.0786 4.0749 4.08305 4.0825 4.09805 4.12825 4.1756 4.19165 4.20385 4.2104 4.2273 4.22135 4.22305 4.2237 4.2252 4.2282 4.2225 4.229 4.2236 4.2237 
0.0106649 0.010104 0.0146917 0.0101316 0.0134294 0.0086826 0.0133544 0.00907896 0.0138104 0.00631189 0.0133008 0.0113238 0.0101019 0.0105219 0.00829819 0.0122499 0.00837556 0.012 0.010509 0.012869 
1 1 1 1 1 1 1 1 1 1 1 1 1 1 1 1 1 1 1 1 
0 0 0 0 0 0 0 0 0 0 0 0 0 0 0 0 0 0 0 0 
0.794664 0.794664 0.794664 0.794664 0.794664 0.794664 0.794664 0.794664 0.794664 0.794664 0.794664 0.794664 0.794664 0.794664 0.794664 0.794664 0.794664 0.794664 0.794664 0.794664 
0.000245557 0.000245557 0.000245557 0.000245557 0.000245557 0.000245557 0.000245557 0.000245557 0.000245557 0.000245557 0.000245557 0.000245557 0.000245557 0.000245557 0.000245557 0.000245557 0.000245557 0.000245557 0.000245557 0.000245557 
0.825777 0.825777 0.825777 0.825777 0.825777 0.825777 0.825777 0.825777 0.825777 0.825777 0.825777 0.825777 0.825777 0.825777 0.825777 0.825777 0.825777 0.825777 0.825777 0.825777 
0.000213104 0.000213104 0.000213104 0.000213104 0.000213104 0.000213104 0.000213104 0.000213104 0.000213104 0.000213104 0.000213104 0.000213104 0.000213104 0.000213104 0.000213104 0.000213104 0.000213104 0.000213104 0.000213104 0.000213104 
1.9725 1.9725 1.9725 1.9725 1.9725 1.9725 1.9725 1.9725 1.9725 1.9725 1.9725 1.9725 1.9725 1.9725 1.9725 1.9725 1.9725 1.9725 1.9725 1.9725 
0.00902497 0.00902497 0.00902497 0.00902497 0.00902497 0.00902497 0.00902497 0.00902497 0.00902497 0.00902497 0.00902497 0.00902497 0.00902497 0.00902497 0.00902497 0.00902497 0.00902497 0.00902497 0.00902497 0.00902497 
0.00074069 0.00188327 0.00495214 0.0117491 0.025582 0.0564056 0.119099 0.229182 0.395022 0.590571 0.764194 0.880483 0.94384 0.974597 0.988774 0.995085 0.997853 0.999056 0.999569 0.999816 
7.45179e-005 0.000164252 0.00025976 0.000306441 0.000502548 0.000597117 0.00104827 0.00116659 0.00121408 0.000895455 0.000835907 0.000358625 0.000289101 0.000218834 0.000119813 8.56589e-005 4.80171e-005 3.8465e-005 1.99256e-005 1.99384e-005 
0.68216 0.719902 0.749338 0.77491 0.789298 0.797377 0.801951 0.803769 0.803059 0.801101 0.798488 0.796123 0.795231 0.794935 0.794822 0.794738 0.794838 0.794661 0.79464 0.794727 
0.0166682 0.00968548 0.00387719 0.00200803 0.000989606 0.000654348 0.00051266 0.000342005 0.00032085 0.000267605 0.000383355 0.000482549 0.000321949 0.000298547 0.000300234 0.000271218 0.000324794 0.000358245 0.000320973 0.000352536 
0.730426 0.766911 0.789724 0.808159 0.820117 0.826562 0.830148 0.831859 0.831642 0.830408 0.828476 0.82685 0.826223 0.826044 0.825905 0.825864 0.825958 0.82579 0.825798 0.825862 
0.0188334 0.0103994 0.00497966 0.00249821 0.00136473 0.000605439 0.000471712 0.000379819 0.000335505 0.000206847 0.000270608 0.000357321 0.000257727 0.00025984 0.000203842 0.000241326 0.000274146 0.000307895 0.000282869 0.000299438 
0.3917 0.3939 0.40335 0.4211 0.4542 0.52705 0.67065 0.89365 1.1862 1.4894 1.7222 1.85935 1.9332 1.9663 1.97895 1.98945 1.9915 1.99365 1.9935 1.9908 
0.00511957 0.00294788 0.00444157 0.00549454 0.0058532 0.00307368 0.0066654 0.00532236 0.0065238 0.00619193 0.00905318 0.00904033 0.00744715 0.00776595 0.00602889 0.00963574 0.0074263 0.00819314 0.00868044 0.00691086 
0.0134401 0.0151062 0.0179384 0.023129 0.0368926 0.0679137 0.130749 0.241997 0.407107 0.601131 0.771037 0.884372 0.945656 0.975537 0.989163 0.99521 0.997873 0.999087 0.999587 0.999815 
0.00146209 0.000617975 0.000670822 0.000549129 0.000874441 0.000801015 0.00123907 0.00110886 0.00114431 0.000855856 0.000530958 0.000455818 0.000342757 0.000174217 0.00010199 8.64097e-005 6.23333e-005 4.88423e-005 2.24572e-005 1.59945e-005 
0.774101 0.785211 0.788163 0.791302 0.797123 0.801797 0.804552 0.804802 0.803607 0.801287 0.798573 0.796192 0.795304 0.794987 0.794823 0.79474 0.794843 0.794657 0.794631 0.794731 
0.0123476 0.003943 0.00270537 0.000730678 0.00159397 0.000599959 0.000423211 0.000507185 0.000277053 0.000335055 0.00043609 0.000428143 0.000333783 0.000290279 0.000305672 0.000272085 0.000310649 0.000370399 0.000308234 0.000347128 
0.807381 0.815105 0.816966 0.819822 0.825333 0.829801 0.832293 0.832832 0.832146 0.830578 0.828538 0.826888 0.826298 0.82608 0.825905 0.825865 0.825961 0.825786 0.825792 0.825865 
0.00810172 0.00337001 0.00275757 0.00172789 0.00204419 0.000852608 0.000706281 0.000499985 0.000271511 0.000263804 0.000312675 0.000328691 0.00026928 0.000270194 0.000190636 0.000263144 0.000258501 0.000315782 0.000262181 0.000299707 
1.04895 1.0522 1.0597 1.0696 1.09655 1.1569 1.26925 1.4482 1.6801 1.92215 2.1097 2.21815 2.27535 2.30325 2.31735 2.31965 2.3228 2.3225 2.32445 2.32355 
0.00536167 0.00411825 0.00502096 0.00537959 0.00599562 0.00556687 0.00626797 0.00484355 0.00641794 0.00565044 0.00983412 0.0048402 0.00766991 0.00981262 0.00731625 0.00733672 0.00631348 0.00611964 0.00762545 0.00847629 
0.0134151 0.0151647 0.0179349 0.0232 0.0368804 0.0678608 0.130758 0.242119 0.407038 0.601142 0.771095 0.884342 0.94567 0.975568 0.989184 0.995234 0.997846 0.999064 0.99957 0.999797 
0.00147983 0.000664882 0.000689343 0.000616593 0.000929111 0.000973515 0.00112504 0.00130418 0.00134456 0.000864632 0.000640007 0.000654586 0.000535838 0.000211174 0.000170041 0.000174443 0.000100451 6.51356e-005 3.00036e-005 2.69873e-005 
0.755997 0.758731 0.762056 0.766853 0.77519 0.783368 0.789031 0.792137 0.793279 0.794288 0.794483 0.79465 0.794607 0.794676 0.794706 0.794694 0.794835 0.794646 0.79463 0.794738 
0.00456189 0.0025985 0.00178994 0.00201953 0.0010686 0.00112459 0.000722939 0.000547823 0.000550446 0.00039017 0.000383427 0.000363021 0.000309151 0.0002874 0.000289199 0.000249613 0.000329516 0.000344252 0.000323622 0.000337143 
0.790358 0.792385 0.795159 0.799192 0.806357 0.813914 0.819552 0.82272 0.824187 0.825207 0.825513 0.825795 0.825777 0.825851 0.825818 0.82583 0.825953 0.825774 0.825788 0.825871 
0.00460019 0.0027645 0.001992 0.00247887 0.00125782 0.00138671 0.000800723 0.000574121 0.000559746 0.000310194 0.000299724 0.000279394 0.000235639 0.000260373 0.000192333 0.000236919 0.000269738 0.000298237 0.000277946 0.000292991 
0.4255 0.4258 0.432 0.4409 0.46605 0.52625 0.64285 0.852 1.16155 1.5222 1.84325 2.05215 2.16455 2.21705 2.245 2.25615 2.25965 2.26535 2.2649 2.26515 
0.00589491 0.00309192 0.00459347 0.00311288 0.00469548 0.00598227 0.00632673 0.00560357 0.00683721 0.00653146 0.00982789 0.00660511 0.00713074 0.00566105 0.00791833 0.00978404 0.00659754 0.0102678 0.00727942 0.00746509 
1 1 1 1 1 1 1 1 1 1 1 1 1 1 1 1 1 1 1 1 
0 0 0 0 0 0 0 0 0 0 0 0 0 0 0 0 0 0 0 0 
0.762078 0.762078 0.762078 0.762078 0.762078 0.762078 0.762078 0.762078 0.762078 0.762078 0.762078 0.762078 0.762078 0.762078 0.762078 0.762078 0.762078 0.762078 0.762078 0.762078 
0.000168969 0.000168969 0.000168969 0.000168969 0.000168969 0.000168969 0.000168969 0.000168969 0.000168969 0.000168969 0.000168969 0.000168969 0.000168969 0.000168969 0.000168969 0.000168969 0.000168969 0.000168969 0.000168969 0.000168969 
0.795989 0.795989 0.795989 0.795989 0.795989 0.795989 0.795989 0.795989 0.795989 0.795989 0.795989 0.795989 0.795989 0.795989 0.795989 0.795989 0.795989 0.795989 0.795989 0.795989 
0.000130623 0.000130623 0.000130623 0.000130623 0.000130623 0.000130623 0.000130623 0.000130623 0.000130623 0.000130623 0.000130623 0.000130623 0.000130623 0.000130623 0.000130623 0.000130623 0.000130623 0.000130623 0.000130623 0.000130623 
3.3605 3.3605 3.3605 3.3605 3.3605 3.3605 3.3605 3.3605 3.3605 3.3605 3.3605 3.3605 3.3605 3.3605 3.3605 3.3605 3.3605 3.3605 3.3605 3.3605 
0.00972882 0.00972882 0.00972882 0.00972882 0.00972882 0.00972882 0.00972882 0.00972882 0.00972882 0.00972882 0.00972882 0.00972882 0.00972882 0.00972882 0.00972882 0.00972882 0.00972882 0.00972882 0.00972882 0.00972882 
