1 1 1 1 1 1 1 1 1 1 1 1 1 1 1 1 1 1 1 1 
0 0 0 0 0 0 0 0 0 0 0 0 0 0 0 0 0 0 0 0 
0.636358 0.636358 0.636358 0.636358 0.636358 0.636358 0.636358 0.636358 0.636358 0.636358 0.636358 0.636358 0.636358 0.636358 0.636358 0.636358 0.636358 0.636358 0.636358 0.636358 
0.000476376 0.000476376 0.000476376 0.000476376 0.000476376 0.000476376 0.000476376 0.000476376 0.000476376 0.000476376 0.000476376 0.000476376 0.000476376 0.000476376 0.000476376 0.000476376 0.000476376 0.000476376 0.000476376 0.000476376 
0.678482 0.678482 0.678482 0.678482 0.678482 0.678482 0.678482 0.678482 0.678482 0.678482 0.678482 0.678482 0.678482 0.678482 0.678482 0.678482 0.678482 0.678482 0.678482 0.678482 
0.000420656 0.000420656 0.000420656 0.000420656 0.000420656 0.000420656 0.000420656 0.000420656 0.000420656 0.000420656 0.000420656 0.000420656 0.000420656 0.000420656 0.000420656 0.000420656 0.000420656 0.000420656 0.000420656 0.000420656 
0.23535 0.23535 0.23535 0.23535 0.23535 0.23535 0.23535 0.23535 0.23535 0.23535 0.23535 0.23535 0.23535 0.23535 0.23535 0.23535 0.23535 0.23535 0.23535 0.23535 
0.00524667 0.00524667 0.00524667 0.00524667 0.00524667 0.00524667 0.00524667 0.00524667 0.00524667 0.00524667 0.00524667 0.00524667 0.00524667 0.00524667 0.00524667 0.00524667 0.00524667 0.00524667 0.00524667 0.00524667 
0.00190366 0.00347919 0.00668497 0.0133825 0.0258924 0.0514421 0.100801 0.183756 0.306026 0.463069 0.629016 0.771567 0.870736 0.930834 0.96416 0.981732 0.990758 0.995364 0.997668 0.998818 
0.000122443 0.000208424 0.000262673 0.000334639 0.000490414 0.000725793 0.000648009 0.0010227 0.00116941 0.00122279 0.000989538 0.000817755 0.000467032 0.000307435 0.000263821 0.000171602 9.53985e-005 8.82281e-005 7.58325e-005 5.38539e-005 
0.618917 0.626459 0.631892 0.634566 0.640135 0.642518 0.64478 0.649153 0.651229 0.649375 0.645677 0.642244 0.639847 0.638111 0.637043 0.636837 0.636511 0.636732 0.6364 0.636284 
0.00845522 0.00684827 0.00413311 0.0028797 0.0016542 0.00173372 0.00102029 0.000968859 0.000634608 0.000754418 0.000517223 0.000512152 0.000707961 0.00054049 0.00060365 0.000428239 0.000521804 0.000415531 0.000597725 0.000428525 
0.669842 0.68058 0.683826 0.686426 0.68986 0.690943 0.692263 0.695259 0.695801 0.692925 0.688644 0.684843 0.682165 0.680373 0.679256 0.678974 0.678657 0.678834 0.67853 0.67842 
0.0142854 0.0101743 0.00757951 0.0036755 0.00246053 0.00293656 0.000987347 0.00138973 0.000717788 0.000616181 0.000576464 0.000503762 0.000628221 0.000492593 0.000540378 0.000384089 0.000468779 0.000369279 0.000532134 0.000379184 
0.2366 0.23665 0.2357 0.23545 0.23455 0.23775 0.24115 0.24215 0.24305 0.2489 0.25295 0.25925 0.2593 0.26115 0.26105 0.2613 0.26095 0.26235 0.2605 0.2619 
0.00916188 0.00613413 0.00514879 0.00527707 0.00263581 0.00608173 0.00641307 0.00779279 0.00497469 0.00454863 0.00697478 0.00521416 0.0036756 0.00394049 0.00412886 0.0045618 0.00484226 0.00332077 0.004272 0.00394842 
0.00188292 0.00351352 0.00668721 0.0133582 0.0259726 0.0514086 0.100766 0.183699 0.305692 0.46315 0.628652 0.77164 0.870739 0.93087 0.964094 0.981689 0.990705 0.995328 0.99764 0.998796 
0.000151866 0.000222584 0.000312585 0.000408707 0.000610974 0.000800741 0.00071617 0.00125058 0.00181356 0.00171665 0.0015795 0.00115946 0.000672447 0.000420764 0.000417307 0.000290435 0.000173856 0.00016687 0.000105297 8.85565e-005 
0.581471 0.584613 0.589442 0.592817 0.597186 0.604375 0.611323 0.618334 0.62456 0.628592 0.631912 0.633889 0.635113 0.635699 0.635967 0.636219 0.636116 0.636451 0.636438 0.636231 
0.00640061 0.00567639 0.0036209 0.00202602 0.00234862 0.00160187 0.00146094 0.00142101 0.000746421 0.00082984 0.000598567 0.000724893 0.000505578 0.000558212 0.000811952 0.000415242 0.000571388 0.000599381 0.000501432 0.00034333 
0.631128 0.631868 0.637961 0.640524 0.64407 0.649751 0.656403 0.662639 0.667996 0.671629 0.674574 0.676278 0.67732 0.677896 0.67813 0.678341 0.67827 0.678563 0.678554 0.678366 
0.0102968 0.00642329 0.00584076 0.00260639 0.00289596 0.00206586 0.00161571 0.00126446 0.00075477 0.000774066 0.00063192 0.000689862 0.000460995 0.000512193 0.000710501 0.000366611 0.000511351 0.000527448 0.00044143 0.000301571 
0.23845 0.2368 0.2371 0.2393 0.2374 0.23745 0.24325 0.24295 0.24535 0.2472 0.25035 0.2486 0.25115 0.25115 0.25185 0.24975 0.25185 0.25115 0.2507 0.2513 
0.00819436 0.0025807 0.00500899 0.00535817 0.00241661 0.00287185 0.0075025 0.0072144 0.00538772 0.0025219 0.0060438 0.00233238 0.00473577 0.00606857 0.00590995 0.00221077 0.0054706 0.00532236 0.00293428 0.00486929 
1 1 1 1 1 1 1 1 1 1 1 1 1 1 1 1 1 1 1 1 
0 0 0 0 0 0 0 0 0 0 0 0 0 0 0 0 0 0 0 0 
0.625356 0.625356 0.625356 0.625356 0.625356 0.625356 0.625356 0.625356 0.625356 0.625356 0.625356 0.625356 0.625356 0.625356 0.625356 0.625356 0.625356 0.625356 0.625356 0.625356 
0.00061229 0.00061229 0.00061229 0.00061229 0.00061229 0.00061229 0.00061229 0.00061229 0.00061229 0.00061229 0.00061229 0.00061229 0.00061229 0.00061229 0.00061229 0.00061229 0.00061229 0.00061229 0.00061229 0.00061229 
0.668973 0.668973 0.668973 0.668973 0.668973 0.668973 0.668973 0.668973 0.668973 0.668973 0.668973 0.668973 0.668973 0.668973 0.668973 0.668973 0.668973 0.668973 0.668973 0.668973 
0.000553243 0.000553243 0.000553243 0.000553243 0.000553243 0.000553243 0.000553243 0.000553243 0.000553243 0.000553243 0.000553243 0.000553243 0.000553243 0.000553243 0.000553243 0.000553243 0.000553243 0.000553243 0.000553243 0.000553243 
0.26025 0.26025 0.26025 0.26025 0.26025 0.26025 0.26025 0.26025 0.26025 0.26025 0.26025 0.26025 0.26025 0.26025 0.26025 0.26025 0.26025 0.26025 0.26025 0.26025 
0.00810478 0.00810478 0.00810478 0.00810478 0.00810478 0.00810478 0.00810478 0.00810478 0.00810478 0.00810478 0.00810478 0.00810478 0.00810478 0.00810478 0.00810478 0.00810478 0.00810478 0.00810478 0.00810478 0.00810478 
0.00140083 0.00260399 0.00500773 0.00952631 0.0182803 0.0348199 0.0663374 0.121288 0.206612 0.32845 0.481054 0.641724 0.778634 0.874374 0.932588 0.964988 0.982138 0.991004 0.995462 0.997701 
0.000132508 0.000113951 0.000177416 0.000339843 0.000468937 0.000507174 0.000533711 0.000702854 0.000885323 0.00104406 0.000923855 0.000806652 0.000575812 0.000488124 0.000295294 0.000217618 0.000107218 0.00010958 7.57917e-005 6.53768e-005 
0.608941 0.616204 0.622605 0.626577 0.632777 0.635392 0.638437 0.644081 0.648028 0.647652 0.643858 0.638987 0.634247 0.630589 0.628246 0.626856 0.626116 0.626137 0.625803 0.625412 
0.012315 0.00537479 0.0034176 0.0029364 0.00226375 0.00151251 0.00119323 0.000805256 0.000882461 0.000824461 0.000571893 0.000648409 0.000652013 0.000552707 0.000598783 0.00037737 0.000650906 0.000536734 0.000579855 0.000589515 
0.661225 0.670599 0.675061 0.677397 0.681895 0.684106 0.685857 0.689948 0.692544 0.69116 0.686968 0.682021 0.67735 0.67393 0.671681 0.670354 0.66969 0.669657 0.669365 0.669012 
0.0119606 0.00998421 0.00661438 0.00428974 0.00251637 0.00238127 0.00150253 0.00107602 0.000952439 0.000752764 0.000666709 0.000622055 0.000588467 0.000494608 0.000581503 0.000314804 0.000585571 0.000460157 0.000525067 0.000527202 
0.2376 0.23465 0.236 0.23625 0.2361 0.23775 0.2435 0.2413 0.24725 0.25145 0.25865 0.2635 0.26525 0.26855 0.27015 0.26895 0.27015 0.2718 0.27075 0.2712 
0.0080399 0.0024955 0.00459347 0.00401092 0.00238537 0.00326917 0.00812096 0.00531131 0.00579547 0.00265471 0.00493229 0.00251992 0.00240572 0.0054081 0.00588451 0.00278343 0.00582473 0.00569737 0.00225555 0.00545527 
0.00141753 0.00265244 0.00501582 0.00955583 0.0183149 0.0347995 0.066253 0.121164 0.206411 0.328535 0.480898 0.641618 0.778514 0.874437 0.932506 0.964985 0.982121 0.990995 0.995433 0.997699 
0.000162258 0.000123278 0.000258921 0.000403626 0.000561791 0.000622622 0.000694887 0.000864824 0.0013993 0.0014125 0.00117644 0.00122867 0.000890825 0.000627653 0.000605929 0.000375893 0.000192266 0.000175245 0.000127364 8.82042e-005 
0.571511 0.574412 0.578535 0.578695 0.582962 0.586799 0.593311 0.60127 0.608319 0.613936 0.618314 0.621523 0.623293 0.624334 0.624818 0.625037 0.625215 0.625626 0.625569 0.625293 
0.00833793 0.00724935 0.00392969 0.0027861 0.00243623 0.00143739 0.00164587 0.000970871 0.000738344 0.000846382 0.000571241 0.000707179 0.000733299 0.000632416 0.000599972 0.000423339 0.000629727 0.000514854 0.000599639 0.000575756 
0.621217 0.621855 0.627599 0.627469 0.631637 0.634405 0.64049 0.647767 0.653834 0.658803 0.66255 0.665561 0.66706 0.668056 0.668463 0.668678 0.668834 0.669185 0.669144 0.668898 
0.0123477 0.00867038 0.00560289 0.00445594 0.0040676 0.0023209 0.00189954 0.00115178 0.00100109 0.000770371 0.000603312 0.000684629 0.000672744 0.000520285 0.000566725 0.000353326 0.000560471 0.000437195 0.00054397 0.000522831 
0.2408 0.2391 0.23935 0.2392 0.2405 0.24065 0.2457 0.24645 0.24975 0.2545 0.26215 0.2653 0.26955 0.27255 0.2742 0.27285 0.27515 0.27575 0.278 0.27585 
0.00827406 0.00319218 0.00478827 0.00398246 0.00288964 0.00321364 0.00822861 0.00583502 0.00534673 0.00348569 0.00459647 0.00238956 0.00257827 0.0040184 0.00680147 0.00251545 0.00455275 0.0048567 0.00614817 0.00445281 
1 1 1 1 1 1 1 1 1 1 1 1 1 1 1 1 1 1 1 1 
0 0 0 0 0 0 0 0 0 0 0 0 0 0 0 0 0 0 0 0 
0.695545 0.695545 0.695545 0.695545 0.695545 0.695545 0.695545 0.695545 0.695545 0.695545 0.695545 0.695545 0.695545 0.695545 0.695545 0.695545 0.695545 0.695545 0.695545 0.695545 
0.000314346 0.000314346 0.000314346 0.000314346 0.000314346 0.000314346 0.000314346 0.000314346 0.000314346 0.000314346 0.000314346 0.000314346 0.000314346 0.000314346 0.000314346 0.000314346 0.000314346 0.000314346 0.000314346 0.000314346 
0.739737 0.739737 0.739737 0.739737 0.739737 0.739737 0.739737 0.739737 0.739737 0.739737 0.739737 0.739737 0.739737 0.739737 0.739737 0.739737 0.739737 0.739737 0.739737 0.739737 
0.000342971 0.000342971 0.000342971 0.000342971 0.000342971 0.000342971 0.000342971 0.000342971 0.000342971 0.000342971 0.000342971 0.000342971 0.000342971 0.000342971 0.000342971 0.000342971 0.000342971 0.000342971 0.000342971 0.000342971 
0.277 0.277 0.277 0.277 0.277 0.277 0.277 0.277 0.277 0.277 0.277 0.277 0.277 0.277 0.277 0.277 0.277 0.277 0.277 0.277 
0.008 0.008 0.008 0.008 0.008 0.008 0.008 0.008 0.008 0.008 0.008 0.008 0.008 0.008 0.008 0.008 0.008 0.008 0.008 0.008 
0.00297903 0.00531538 0.00936452 0.0161189 0.0292478 0.0553077 0.0991011 0.171085 0.279398 0.420788 0.5772 0.722086 0.834135 0.907927 0.951148 0.974909 0.987237 0.993558 0.996738 0.998381 
0.000350687 0.000322717 0.000598179 0.000843626 0.00102174 0.000857174 0.000905923 0.00113437 0.0011241 0.000946937 0.000864246 0.000718867 0.000546922 0.00037498 0.000299028 0.000214314 8.97906e-005 9.91772e-005 5.98531e-005 3.67437e-005 
0.629135 0.643375 0.653305 0.658344 0.664981 0.672526 0.679297 0.682242 0.686048 0.68976 0.692804 0.694514 0.695256 0.695506 0.695558 0.695634 0.695541 0.695762 0.695567 0.695405 
0.00885641 0.00472267 0.00270421 0.00181232 0.0013812 0.00104071 0.000928969 0.000636287 0.000596959 0.00036989 0.000429677 0.000353708 0.000411901 0.000302509 0.000483575 0.000404748 0.000430759 0.00038473 0.000342801 0.000443484 
0.708114 0.712918 0.722133 0.722856 0.721381 0.726574 0.731088 0.732348 0.734265 0.736241 0.738165 0.739146 0.739701 0.739699 0.739862 0.739858 0.739642 0.739866 0.739759 0.739629 
0.00933094 0.00669538 0.00371513 0.00233301 0.00328587 0.00187197 0.000914548 0.0004691 0.00070067 0.000607418 0.000478971 0.000355892 0.000340808 0.00031881 0.000498461 0.000368986 0.000550248 0.000486799 0.000334775 0.000442707 
0.2548 0.2516 0.2534 0.25345 0.25375 0.25475 0.25975 0.26095 0.2664 0.27285 0.2783 0.28265 0.28625 0.28645 0.28965 0.2895 0.2895 0.28925 0.29125 0.2891 
0.00796618 0.00430581 0.00549909 0.00530542 0.00495858 0.00322296 0.00932671 0.00485258 0.00489285 0.00310282 0.00217025 0.0019564 0.0049787 0.00215581 0.00582473 0.00237697 0.00310644 0.00240572 0.00640215 0.00250799 
0.00300304 0.00532416 0.00939309 0.0161545 0.0292864 0.0553446 0.0991393 0.171043 0.279361 0.420677 0.577161 0.72203 0.8342 0.907749 0.95098 0.974915 0.987266 0.993565 0.996699 0.998388 
0.000371425 0.000329626 0.000590149 0.000860976 0.00105147 0.000936427 0.00101545 0.00116996 0.00127664 0.00138008 0.0012127 0.0011244 0.000886306 0.000603367 0.000574403 0.000370046 0.000184244 0.000186279 0.000111865 8.4192e-005 
0.627587 0.634631 0.642382 0.649439 0.655021 0.662113 0.667371 0.670495 0.674612 0.679084 0.684244 0.688616 0.691676 0.693504 0.694528 0.695097 0.695278 0.695619 0.695509 0.695372 
0.00547459 0.00526923 0.00232999 0.00174897 0.00148749 0.00140327 0.00110452 0.000456743 0.000604702 0.000453527 0.000491003 0.000392143 0.000395718 0.000335564 0.000464271 0.000427346 0.000453049 0.000406731 0.000341459 0.00043707 
0.701187 0.696429 0.699114 0.704455 0.709817 0.717949 0.722235 0.723851 0.726188 0.728455 0.731834 0.734731 0.73693 0.738131 0.739095 0.739401 0.73944 0.739767 0.739719 0.739612 
0.00614217 0.00647514 0.00487235 0.00377671 0.00293405 0.0026012 0.00160162 0.000958782 0.000941058 0.00071629 0.000597786 0.000468214 0.000357217 0.000389025 0.000482273 0.000383218 0.000550123 0.000499763 0.000333694 0.000439189 
0.2578 0.2558 0.25665 0.2565 0.259 0.25765 0.26325 0.26495 0.26985 0.2773 0.2829 0.286 0.29065 0.2929 0.29465 0.294 0.2952 0.2945 0.2964 0.29495 
0.00703989 0.00242074 0.00571205 0.00471699 0.00660303 0.0022644 0.00572604 0.00423645 0.00310282 0.005469 0.00160935 0.002 0.00579892 0.00262488 0.00566811 0.00204939 0.0051342 0.0025593 0.00549909 0.00410457 
1 1 1 1 1 1 1 1 1 1 1 1 1 1 1 1 1 1 1 1 
0 0 0 0 0 0 0 0 0 0 0 0 0 0 0 0 0 0 0 0 
0.693933 0.693933 0.693933 0.693933 0.693933 0.693933 0.693933 0.693933 0.693933 0.693933 0.693933 0.693933 0.693933 0.693933 0.693933 0.693933 0.693933 0.693933 0.693933 0.693933 
0.000410018 0.000410018 0.000410018 0.000410018 0.000410018 0.000410018 0.000410018 0.000410018 0.000410018 0.000410018 0.000410018 0.000410018 0.000410018 0.000410018 0.000410018 0.000410018 0.000410018 0.000410018 0.000410018 0.000410018 
0.73715 0.73715 0.73715 0.73715 0.73715 0.73715 0.73715 0.73715 0.73715 0.73715 0.73715 0.73715 0.73715 0.73715 0.73715 0.73715 0.73715 0.73715 0.73715 0.73715 
0.000319107 0.000319107 0.000319107 0.000319107 0.000319107 0.000319107 0.000319107 0.000319107 0.000319107 0.000319107 0.000319107 0.000319107 0.000319107 0.000319107 0.000319107 0.000319107 0.000319107 0.000319107 0.000319107 0.000319107 
0.3056 0.3056 0.3056 0.3056 0.3056 0.3056 0.3056 0.3056 0.3056 0.3056 0.3056 0.3056 0.3056 0.3056 0.3056 0.3056 0.3056 0.3056 0.3056 0.3056 
0.00758551 0.00758551 0.00758551 0.00758551 0.00758551 0.00758551 0.00758551 0.00758551 0.00758551 0.00758551 0.00758551 0.00758551 0.00758551 0.00758551 0.00758551 0.00758551 0.00758551 0.00758551 0.00758551 0.00758551 
0.00443958 0.00836652 0.0158734 0.0298185 0.0557418 0.102112 0.176133 0.281383 0.414214 0.563926 0.707216 0.821819 0.899591 0.946308 0.972139 0.985839 0.992847 0.996392 0.998165 0.999093 
0.000246715 0.000358445 0.000347784 0.00060059 0.000718737 0.000725595 0.000947708 0.000741422 0.000862756 0.000600733 0.000760263 0.000464379 0.00034884 0.000274817 0.000235805 0.000162092 8.9667e-005 7.14183e-005 5.90274e-005 4.33733e-005 
0.647324 0.651725 0.657839 0.664514 0.668483 0.67369 0.681202 0.688329 0.693099 0.695179 0.695714 0.695322 0.694819 0.694227 0.694092 0.694118 0.693915 0.694111 0.693876 0.693878 
0.00310824 0.00223928 0.00215021 0.00128317 0.000781364 0.000662711 0.000484436 0.000548842 0.00070903 0.000397396 0.000512597 0.000377923 0.000383757 0.000480608 0.000423011 0.000404054 0.000398216 0.000423897 0.000307615 0.000473835 
0.704857 0.705016 0.710447 0.716535 0.718983 0.722429 0.727893 0.733668 0.737252 0.738792 0.738989 0.738486 0.737989 0.737425 0.737304 0.737271 0.737119 0.737285 0.737076 0.737091 
0.00983888 0.00479705 0.00362026 0.00232351 0.00109266 0.000755873 0.000699464 0.000633321 0.000683097 0.000459346 0.000489176 0.000291262 0.000346541 0.000399045 0.000388172 0.000349418 0.000327245 0.000335745 0.000293287 0.000414068 
0.27185 0.2702 0.27065 0.27195 0.2736 0.2762 0.28015 0.2864 0.2938 0.3029 0.3076 0.31105 0.3153 0.3155 0.31895 0.31765 0.3194 0.31885 0.3217 0.32075 
0.0062151 0.00290861 0.00468268 0.00305737 0.00492341 0.00227156 0.00332077 0.0054626 0.00364143 0.00508822 0.00233238 0.00185674 0.00539537 0.00177482 0.00462034 0.0022198 0.00524786 0.00332077 0.00660379 0.00556664 
0.00446746 0.00834105 0.0158611 0.0298809 0.055858 0.102192 0.17615 0.281444 0.414094 0.564079 0.707181 0.821849 0.899576 0.946209 0.972164 0.98584 0.992852 0.996396 0.998159 0.999083 
0.000288292 0.000374806 0.000453621 0.00052408 0.000872164 0.00079736 0.00108657 0.00098514 0.00118326 0.000889403 0.00138628 0.000670031 0.000470849 0.000398462 0.000491425 0.00028964 0.000176259 0.00015776 9.06701e-005 4.81598e-005 
0.629406 0.636348 0.643277 0.648328 0.653308 0.660031 0.667563 0.67492 0.681396 0.686045 0.689344 0.691466 0.692676 0.693103 0.693464 0.693817 0.693745 0.694027 0.693843 0.693859 
0.00338128 0.00303177 0.00186875 0.00120994 0.000874221 0.00107481 0.000598523 0.000626735 0.000783943 0.000466812 0.000427804 0.00044757 0.000393498 0.000498772 0.000417099 0.000388684 0.000418788 0.000423175 0.000321047 0.000481572 
0.685252 0.690434 0.695701 0.700484 0.704489 0.709328 0.715226 0.721188 0.726446 0.730347 0.733152 0.734962 0.736041 0.736408 0.736739 0.736995 0.736967 0.73721 0.737043 0.737078 
0.00530854 0.00330228 0.00312874 0.00199111 0.00118145 0.00122087 0.000485963 0.000710855 0.0008474 0.000482885 0.000454875 0.000388554 0.000391375 0.000414642 0.000399217 0.000329695 0.00034958 0.000332058 0.00031631 0.000417399 
0.27505 0.2754 0.2762 0.27525 0.27985 0.28065 0.28595 0.29335 0.3003 0.307 0.3142 0.31595 0.32115 0.3226 0.3234 0.32245 0.3248 0.3253 0.32565 0.32635 
0.00513298 0.0028 0.00518266 0.00280847 0.00600229 0.00266974 0.00307368 0.00590995 0.00608358 0.00550454 0.00669029 0.00146544 0.00566811 0.00356931 0.00171464 0.00188348 0.00531601 0.00511957 0.00560602 0.00630298 
0.827086 0.916562 0.959573 0.979723 0.990019 0.995004 0.997512 0.998729 0.999376 0.999673 0.99983 0.999902 0.99994 0.999961 0.999965 0.99997 0.999967 0.999969 0.999971 0.999969 
0.00610867 0.00277446 0.000929247 0.000636329 0.000209971 0.000138694 8.27186e-005 5.67805e-005 2.89545e-005 2.81072e-005 1.75309e-005 1.19427e-005 7.8736e-006 8.68917e-006 7.79799e-006 6.76299e-006 7.01244e-006 8.46511e-006 6.9162e-006 8.27041e-006 
0.701051 0.695662 0.694504 0.694218 0.694095 0.694114 0.693991 0.694035 0.693908 0.694082 0.694114 0.693999 0.694214 0.694156 0.694217 0.694074 0.693962 0.694371 0.693889 0.69402 
0.00101728 0.000388695 0.000477111 0.000588356 0.000461462 0.00048186 0.000391279 0.000421716 0.00044231 0.000471032 0.000547376 0.000427444 0.000402718 0.000583194 0.000385022 0.000395018 0.000369776 0.000451282 0.00036354 0.000443076 
0.736829 0.731399 0.730036 0.729645 0.729467 0.729448 0.729324 0.729358 0.729239 0.729392 0.729418 0.729314 0.729505 0.729456 0.729507 0.729383 0.729285 0.729644 0.729219 0.729336 
0.00102911 0.000366685 0.000425886 0.000532083 0.000417941 0.000431067 0.000344784 0.000374047 0.000393305 0.000417684 0.000484755 0.000377756 0.000356423 0.000514816 0.000341325 0.000348696 0.000327855 0.000401876 0.000321733 0.000393044 
3.64825 3.65465 3.65825 3.66175 3.66305 3.66225 3.66345 3.66225 3.6614 3.6645 3.6635 3.664 3.6637 3.6655 3.66285 3.66415 3.66445 3.66535 3.66695 3.6645 
0.0270368 0.00565928 0.00619576 0.00660965 0.00824303 0.00580409 0.00452189 0.00377988 0.00538888 0.00655362 0.00829759 0.00785493 0.00589152 0.00717287 0.00684306 0.00549795 0.00611944 0.00679172 0.00813311 0.0060208 
1 1 1 1 1 1 1 1 1 1 1 1 1 1 1 1 1 1 1 1 
0 0 0 0 0 0 0 0 0 0 0 0 0 0 0 0 0 0 0 0 
0.786854 0.786854 0.786854 0.786854 0.786854 0.786854 0.786854 0.786854 0.786854 0.786854 0.786854 0.786854 0.786854 0.786854 0.786854 0.786854 0.786854 0.786854 0.786854 0.786854 
0.000269637 0.000269637 0.000269637 0.000269637 0.000269637 0.000269637 0.000269637 0.000269637 0.000269637 0.000269637 0.000269637 0.000269637 0.000269637 0.000269637 0.000269637 0.000269637 0.000269637 0.000269637 0.000269637 0.000269637 
0.818673 0.818673 0.818673 0.818673 0.818673 0.818673 0.818673 0.818673 0.818673 0.818673 0.818673 0.818673 0.818673 0.818673 0.818673 0.818673 0.818673 0.818673 0.818673 0.818673 
0.000209691 0.000209691 0.000209691 0.000209691 0.000209691 0.000209691 0.000209691 0.000209691 0.000209691 0.000209691 0.000209691 0.000209691 0.000209691 0.000209691 0.000209691 0.000209691 0.000209691 0.000209691 0.000209691 0.000209691 
1.51175 1.51175 1.51175 1.51175 1.51175 1.51175 1.51175 1.51175 1.51175 1.51175 1.51175 1.51175 1.51175 1.51175 1.51175 1.51175 1.51175 1.51175 1.51175 1.51175 
0.00511737 0.00511737 0.00511737 0.00511737 0.00511737 0.00511737 0.00511737 0.00511737 0.00511737 0.00511737 0.00511737 0.00511737 0.00511737 0.00511737 0.00511737 0.00511737 0.00511737 0.00511737 0.00511737 0.00511737 
8.22702e-005 0.000144231 0.000382006 0.00102244 0.0036124 0.0163679 0.0489307 0.0977109 0.190035 0.313876 0.470359 0.633456 0.771774 0.869014 0.929012 0.96308 0.981106 0.99045 0.995184 0.99758 
2.81793e-005 7.48834e-005 0.000157678 0.000366659 0.000591381 0.00285227 0.00294225 0.0146611 0.00432298 0.00468419 0.00185886 0.000814533 0.000433514 0.000571811 0.0013503 0.000290854 0.000147405 8.5621e-005 9.2178e-005 6.88959e-005 
0.530775 0.580579 0.629321 0.684905 0.737168 0.757422 0.775464 0.780954 0.790893 0.791659 0.79169 0.791058 0.789208 0.787992 0.787324 0.787182 0.787136 0.78703 0.786942 0.786856 
0.0524905 0.0522304 0.0564279 0.0692348 0.0123915 0.00879495 0.00779695 0.0136094 0.00197217 0.00227901 0.000952021 0.000334617 0.00032859 0.000207337 0.000708947 0.000263776 0.000288867 0.000263649 0.000265946 0.000257758 
0.530633 0.622362 0.687042 0.72025 0.777636 0.792876 0.808033 0.812782 0.820698 0.822055 0.821961 0.821702 0.820333 0.819473 0.818941 0.818892 0.818844 0.818809 0.818737 0.818644 
0.202794 0.115524 0.066782 0.12869 0.0133268 0.0092252 0.00721504 0.0120511 0.0018385 0.00162656 0.000991538 0.000279257 0.000306031 0.000194405 0.000698655 0.000222115 0.000263351 0.000247478 0.000216975 0.00023009 
0.25505 0.25415 0.2546 0.25745 0.26095 0.2871 0.35065 0.44025 0.5909 0.77345 0.98165 1.17435 1.3204 1.4152 1.47385 1.5049 1.51925 1.5286 1.53195 1.53275 
0.00380099 0.00419851 0.00391663 0.00418897 0.00420089 0.00789873 0.00603552 0.0267579 0.00753591 0.00543576 0.00569451 0.00486081 0.0031686 0.00307571 0.00698767 0.0069419 0.00608173 0.00424735 0.00455494 0.00369966 
0.00573413 0.00733711 0.0072631 0.0064003 0.00582131 0.00681191 0.00668076 0.00757377 0.00918811 0.0141824 0.0348851 0.0908356 0.20402 0.400269 0.63901 0.828372 0.930254 0.973991 0.990601 0.996677 
0.00308046 0.00153137 0.00111866 0.00203687 0.00282512 0.00261535 0.00222196 0.00179725 0.00157211 0.00084869 0.00151034 0.00236889 0.00206312 0.000836499 0.000950326 0.000583873 0.000275479 0.000268797 0.000118971 7.39958e-005 
0.685907 0.738139 0.730835 0.72018 0.688334 0.708002 0.71136 0.736178 0.736244 0.762401 0.777424 0.788273 0.792907 0.793253 0.791681 0.788529 0.787575 0.787188 0.786974 0.786894 
0.0888959 0.0417325 0.0353331 0.0661414 0.0856595 0.074325 0.0682918 0.0459964 0.0459919 0.00748529 0.00312424 0.00202654 0.000859593 0.000240163 0.000383098 0.000359417 0.000293594 0.00024866 0.000279501 0.000239478 
0.757889 0.78391 0.766031 0.778036 0.761615 0.770683 0.775988 0.782552 0.785906 0.800188 0.810256 0.818591 0.822614 0.823379 0.82222 0.819885 0.819184 0.818918 0.818766 0.818669 
0.0509519 0.0207389 0.0477849 0.0313207 0.0351808 0.0328144 0.0295275 0.0232634 0.0222189 0.00492851 0.00219948 0.00178012 0.000896361 0.000225114 0.00033444 0.000304472 0.000282177 0.000229306 0.000234387 0.000213164 
0.51345 0.51595 0.5155 0.5148 0.51095 0.5175 0.52105 0.52395 0.5266 0.5365 0.5749 0.6679 0.8351 1.08885 1.34695 1.5245 1.6119 1.6451 1.6597 1.6641 
0.00812696 0.00682257 0.00704628 0.00693974 0.0080714 0.00973396 0.00677846 0.00547243 0.00453211 0.00272947 0.00453762 0.00482597 0.00560268 0.00544311 0.00757941 0.00697496 0.00864812 0.00482597 0.00402616 0.0048775 
0.00575797 0.00735777 0.007265 0.00643033 0.00580797 0.00686991 0.00668368 0.00761112 0.00924792 0.0142644 0.0349225 0.0907449 0.204006 0.400248 0.63897 0.82842 0.930293 0.97393 0.990596 0.996677 
0.00310007 0.00153214 0.001082 0.00206958 0.00281704 0.00261416 0.00223406 0.00182473 0.00160636 0.000928572 0.00141466 0.00245244 0.00221728 0.000944471 0.00115448 0.000726578 0.000423794 0.00031716 0.000180561 9.52823e-005 
0.69838 0.716644 0.717132 0.711649 0.702554 0.706136 0.712457 0.716705 0.724369 0.740553 0.763384 0.774403 0.780512 0.783807 0.785517 0.786338 0.78677 0.786914 0.786843 0.786844 
0.0364136 0.0116812 0.00514019 0.0138371 0.0290443 0.0265168 0.0178522 0.0176823 0.00932841 0.00507578 0.00168338 0.00142403 0.000573038 0.000336938 0.000273417 0.000296137 0.000292613 0.000242388 0.000301218 0.00023111 
0.736499 0.751668 0.751629 0.748276 0.73658 0.741249 0.747837 0.750095 0.75951 0.773534 0.797124 0.808 0.813443 0.816183 0.817555 0.818268 0.818573 0.81872 0.818655 0.818635 
0.0300655 0.00947053 0.00589442 0.0126847 0.0292403 0.0265616 0.0156801 0.0194164 0.00846861 0.00551842 0.0014497 0.00143396 0.000566738 0.000355644 0.000205883 0.000258809 0.000278763 0.00023323 0.000249356 0.000198325 
0.26915 0.27255 0.27075 0.2685 0.26515 0.2715 0.2732 0.27755 0.2788 0.28685 0.3227 0.41495 0.5995 0.91255 1.28485 1.57895 1.7384 1.8049 1.83295 1.8418 
0.00662778 0.00796539 0.00638651 0.00622495 0.0060438 0.00829156 0.00408167 0.00542656 0.00430813 0.00408993 0.00401373 0.00427171 0.00624099 0.00389198 0.00507223 0.00412886 0.00654523 0.00392301 0.00629663 0.00700428 
0 0 0 0 0 0 0 0 0 0 0 0 0 0 0 0 0 0 0 0 
0 0 0 0 0 0 0 0 0 0 0 0 0 0 0 0 0 0 0 0 
0 0 0 0 0 0 0 0 0 0 0 0 0 0 0 0 0 0 0 0 
0 0 0 0 0 0 0 0 0 0 0 0 0 0 0 0 0 0 0 0 
0 0 0 0 0 0 0 0 0 0 0 0 0 0 0 0 0 0 0 0 
0 0 0 0 0 0 0 0 0 0 0 0 0 0 0 0 0 0 0 0 
0 0 0 0 0 0 0 0 0 0 0 0 0 0 0 0 0 0 0 0 
0 0 0 0 0 0 0 0 0 0 0 0 0 0 0 0 0 0 0 0 
