/******************************************/
PAI_C	 Acc	 F1	 Max_F1
1e-005	0.903896	9.22571e-005	0.903896
0.0001	0.903899	4.34146e-005	0.903899
0.001	0.9039	0.000179095	0.9039
0.01	0.906397	0.0799725	0.906397
0.1	0.925003	0.471033	0.925003
1	0.921231	0.536466	0.925003
10	0.898401	0.459069	0.925003
100	0.898519	0.460976	0.925003
1000	0.898716	0.461581	0.925003
10000	0.898762	0.461437	0.925003
100000	0.898811	0.46206	0.925003
/******************************************/
/******************************************/
PAII_C	 Acc	 F1	 Max_F1 
1e-005	0.903894	5.428e-005	0.903894
0.0001	0.903896	5.97112e-005	0.903896
0.001	0.907193	0.119829	0.907193
0.01	0.920018	0.409867	0.920018
0.1	0.924398	0.49981	0.924398
1	0.910563	0.485805	0.924398
10	0.900226	0.464336	0.924398
100	0.899322	0.464346	0.924398
1000	0.898558	0.460694	0.924398
10000	0.898766	0.463052	0.924398
100000	0.898858	0.462691	0.924398
/******************************************/
/******************************************/
r	 eta	 acc	 f1	 max_F1
1e-005	1e-005	0.881022	0.240513	0.881022
1e-005	0.0001	0.883001	0.306649	0.883001
1e-005	0.001	0.874912	0.163088	0.883001
1e-005	0.01	0.856561	0.315284	0.883001
1e-005	0.1	0.843776	0.280316	0.883001
1e-005	1	0.895392	0.196907	0.895392
1e-005	10	0.895026	0.165726	0.895392
1e-005	100	0.871132	0.269304	0.895392
1e-005	1000	0.876317	0.167334	0.895392
1e-005	10000	0.891267	0.251423	0.895392
1e-005	100000	0.92162	0.440639	0.92162
0.0001	1e-005	0.884864	0.269244	0.92162
0.0001	0.0001	0.886189	0.226455	0.92162
0.0001	0.001	0.867855	0.346599	0.92162
0.0001	0.01	0.876666	0.219198	0.92162
0.0001	0.1	0.892362	0.29792	0.92162
0.0001	1	0.882212	0.292376	0.92162
0.0001	10	0.896709	0.243942	0.92162
0.0001	100	0.888425	0.248853	0.92162
0.0001	1000	0.86425	0.27079	0.92162
0.0001	10000	0.921223	0.419035	0.92162
0.0001	100000	0.929153	0.53169	0.929153
0.001	1e-005	0.894831	0.283381	0.929153
0.001	0.0001	0.904921	0.338634	0.929153
0.001	0.001	0.896254	0.291688	0.929153
0.001	0.01	0.90184	0.27548	0.929153
0.001	0.1	0.893829	0.228543	0.929153
0.001	1	0.903511	0.157994	0.929153
0.001	10	0.896625	0.241204	0.929153
0.001	100	0.90668	0.283046	0.929153
0.001	1000	0.922494	0.441622	0.929153
0.001	10000	0.92934	0.533356	0.92934
0.001	100000	0.931062	0.568484	0.931062
0.01	1e-005	0.90654	0.202394	0.931062
0.01	0.0001	0.909215	0.285348	0.931062
0.01	0.001	0.909502	0.236072	0.931062
0.01	0.01	0.906832	0.251955	0.931062
0.01	0.1	0.905563	0.179101	0.931062
0.01	1	0.908336	0.258293	0.931062
0.01	10	0.907296	0.239324	0.931062
0.01	100	0.92272	0.445712	0.931062
0.01	1000	0.929256	0.532309	0.931062
0.01	10000	0.931011	0.567792	0.931062
0.01	100000	0.921094	0.550856	0.931062
0.1	1e-005	0.907348	0.137042	0.931062
0.1	0.0001	0.90784	0.143863	0.931062
0.1	0.001	0.906644	0.108496	0.931062
0.1	0.01	0.908327	0.149377	0.931062
0.1	0.1	0.907075	0.102551	0.931062
0.1	1	0.908464	0.156307	0.931062
0.1	10	0.920553	0.397696	0.931062
0.1	100	0.929349	0.533703	0.931062
0.1	1000	0.931234	0.570243	0.931234
0.1	10000	0.921085	0.55148	0.931234
0.1	100000	0.905665	0.503888	0.931234
1	1e-005	0.905917	0.056864	0.931234
1	0.0001	0.905769	0.0531479	0.931234
1	0.001	0.905709	0.0488976	0.931234
1	0.01	0.905719	0.0514646	0.931234
1	0.1	0.905794	0.0511424	0.931234
1	1	0.917293	0.334696	0.931234
1	10	0.929488	0.532842	0.931234
1	100	0.931221	0.57006	0.931234
1	1000	0.92065	0.548904	0.931234
1	10000	0.905571	0.504048	0.931234
1	100000	0.903486	0.500659	0.931234
10	1e-005	0.904199	0.00838544	0.931234
10	0.0001	0.904207	0.00866354	0.931234
10	0.001	0.90416	0.00779271	0.931234
10	0.01	0.904139	0.00655692	0.931234
10	0.1	0.908899	0.156639	0.931234
10	1	0.928741	0.520861	0.931234
10	10	0.931604	0.56936	0.931604
10	100	0.921076	0.549457	0.931604
10	1000	0.905374	0.502741	0.931604
10	10000	0.902415	0.49496	0.931604
10	100000	0.902368	0.495778	0.931604
100	1e-005	0.90392	0.000699925	0.931604
100	0.0001	0.903929	0.000819291	0.931604
100	0.001	0.903928	0.000716278	0.931604
100	0.01	0.904468	0.0138458	0.931604
100	0.1	0.921641	0.417628	0.931604
100	1	0.931333	0.557643	0.931604
100	10	0.924014	0.55704	0.931604
100	100	0.905818	0.501307	0.931604
100	1000	0.900816	0.486213	0.931604
100	10000	0.901442	0.490687	0.931604
100	100000	0.900809	0.48752	0.931604
1000	1e-005	0.903893	5.42688e-005	0.931604
1000	0.0001	0.903893	5.42735e-005	0.931604
1000	0.001	0.903899	2.17073e-005	0.931604
1000	0.01	0.905552	0.0538508	0.931604
1000	0.1	0.924649	0.461621	0.931604
1000	1	0.929529	0.563909	0.931604
1000	10	0.909867	0.50721	0.931604
1000	100	0.900662	0.483075	0.931604
1000	1000	0.89955	0.480857	0.931604
1000	10000	0.89848	0.475528	0.931604
1000	100000	0.899241	0.479357	0.931604
10000	1e-005	0.903894	3.79945e-005	0.931604
10000	0.0001	0.903892	2.17108e-005	0.931604
10000	0.001	0.903897	0	0.931604
10000	0.01	0.906268	0.0771019	0.931604
10000	0.1	0.924911	0.468133	0.931604
10000	1	0.925949	0.551578	0.931604
10000	10	0.90592	0.49524	0.931604
10000	100	0.898998	0.476047	0.931604
10000	1000	0.898077	0.473235	0.931604
10000	10000	0.897538	0.470734	0.931604
10000	100000	0.898272	0.474334	0.931604
100000	1e-005	0.903896	4.88493e-005	0.931604
100000	0.0001	0.903896	4.88496e-005	0.931604
100000	0.001	0.903896	5.42711e-005	0.931604
100000	0.01	0.906377	0.0784947	0.931604
100000	0.1	0.924676	0.467078	0.931604
100000	1	0.92468	0.544754	0.931604
100000	10	0.905021	0.49164	0.931604
100000	100	0.898566	0.473764	0.931604
100000	1000	0.897518	0.470356	0.931604
100000	10000	0.897755	0.471731	0.931604
100000	100000	0.897683	0.471506	0.931604
/******************************************/
/******************************************/
r	 acc	 f1	 max_F1
1e-005	0.922126	0.457009	0.922126
0.0001	0.922221	0.459446	0.922221
0.001	0.922132	0.459376	0.922221
0.01	0.921964	0.456823	0.922221
0.1	0.921958	0.456267	0.922221
1	0.92121	0.440032	0.922221
10	0.918745	0.389955	0.922221
100	0.910846	0.22165	0.922221
1000	0.904216	0.00988489	0.922221
10000	0.903894	8.14076e-005	0.922221
100000	0.903893	5.97009e-005	0.922221
/******************************************/

Best PAI_C: 	0.1
Best PAII_C:	0.1
Best AROW_r=10	 AROW_eta=10
Best AROWC_r=0.0001
