1 1 1 1 1 1 1 1 1 1 1 1 1 1 1 1 1 1 1 1 
0 0 0 0 0 0 0 0 0 0 0 0 0 0 0 0 0 0 0 0 
0.897679 0.897679 0.897679 0.897679 0.897679 0.897679 0.897679 0.897679 0.897679 0.897679 0.897679 0.897679 0.897679 0.897679 0.897679 0.897679 0.897679 0.897679 0.897679 0.897679 
0.000524428 0.000524428 0.000524428 0.000524428 0.000524428 0.000524428 0.000524428 0.000524428 0.000524428 0.000524428 0.000524428 0.000524428 0.000524428 0.000524428 0.000524428 0.000524428 0.000524428 0.000524428 0.000524428 0.000524428 
0.47141 0.47141 0.47141 0.47141 0.47141 0.47141 0.47141 0.47141 0.47141 0.47141 0.47141 0.47141 0.47141 0.47141 0.47141 0.47141 0.47141 0.47141 0.47141 0.47141 
0.0026564 0.0026564 0.0026564 0.0026564 0.0026564 0.0026564 0.0026564 0.0026564 0.0026564 0.0026564 0.0026564 0.0026564 0.0026564 0.0026564 0.0026564 0.0026564 0.0026564 0.0026564 0.0026564 0.0026564 
0.06965 0.06965 0.06965 0.06965 0.06965 0.06965 0.06965 0.06965 0.06965 0.06965 0.06965 0.06965 0.06965 0.06965 0.06965 0.06965 0.06965 0.06965 0.06965 0.06965 
0.00277984 0.00277984 0.00277984 0.00277984 0.00277984 0.00277984 0.00277984 0.00277984 0.00277984 0.00277984 0.00277984 0.00277984 0.00277984 0.00277984 0.00277984 0.00277984 0.00277984 0.00277984 0.00277984 0.00277984 
0.001701 0.00316385 0.00579087 0.0101283 0.0176196 0.0309718 0.0530105 0.0910912 0.158708 0.2717 0.431004 0.605104 0.752774 0.857817 0.922589 0.959646 0.979348 0.989578 0.994778 0.99739 
0.000233413 0.000388505 0.000289061 0.00038553 0.000495113 0.000613243 0.000730177 0.00118326 0.00157135 0.00282887 0.00255726 0.00305779 0.00178938 0.00107328 0.000873201 0.000501151 0.000337163 0.000301582 0.000149338 0.000110414 
0.887521 0.890479 0.899645 0.904847 0.911676 0.916053 0.920074 0.92104 0.919726 0.91574 0.910633 0.905547 0.902337 0.900269 0.898846 0.898425 0.89814 0.897886 0.897897 0.89773 
0.00592202 0.00415639 0.00299594 0.00214639 0.0011663 0.00124149 0.000926721 0.000711951 0.000698639 0.000527788 0.000797011 0.000549511 0.000527432 0.000346333 0.000492823 0.000378696 0.000317171 0.000356345 0.000471312 0.000396951 
0.100463 0.179097 0.281054 0.372243 0.438272 0.494865 0.533026 0.549978 0.552339 0.538185 0.519567 0.499511 0.488125 0.480807 0.475278 0.474241 0.47335 0.47223 0.472461 0.471623 
0.052295 0.0725397 0.0387828 0.0262638 0.0146627 0.010686 0.00900613 0.00597031 0.0042001 0.00341439 0.00379326 0.00301574 0.00256456 0.0017294 0.00253661 0.00195314 0.00159537 0.0018052 0.0024041 0.00203454 
0.0736 0.0724 0.0725 0.0718 0.07225 0.07155 0.0726 0.07365 0.07265 0.07445 0.07435 0.07455 0.07475 0.0735 0.07335 0.07405 0.0733 0.07395 0.07425 0.07335 
0.00263439 0.00128062 0.00231301 0.0011225 0.00184052 0.00168745 0.00210713 0.00176847 0.00119478 0.00208507 0.0014239 0.00124399 0.00151245 0.00174642 0.00131434 0.00149917 0.00114455 0.00143091 0.00186748 0.00106184 
0.0017383 0.00318133 0.00587226 0.0101304 0.0176139 0.0310106 0.0530272 0.0913106 0.158657 0.271585 0.431224 0.605078 0.752687 0.857875 0.922312 0.959694 0.979349 0.989592 0.994727 0.997382 
0.000289506 0.000508476 0.00038923 0.000508923 0.000701934 0.000941366 0.000879983 0.00149612 0.00185359 0.0028982 0.00288119 0.00368288 0.00224688 0.00131582 0.00151079 0.000875297 0.000665538 0.000530924 0.000242586 0.000177147 
0.837275 0.844148 0.858947 0.871031 0.875963 0.885048 0.888341 0.893004 0.89515 0.89612 0.897356 0.89746 0.897836 0.897658 0.897738 0.897813 0.897788 0.897712 0.897743 0.897695 
0.014205 0.0107474 0.00817607 0.00447556 0.00315929 0.00186113 0.00186382 0.00136548 0.00146722 0.000772343 0.000682636 0.000681196 0.000525227 0.000356797 0.000400266 0.000448538 0.000256951 0.00038882 0.000404947 0.000452429 
0.198748 0.24656 0.301736 0.338166 0.36425 0.409237 0.424733 0.447581 0.458549 0.463033 0.469025 0.46966 0.471612 0.471571 0.471572 0.472009 0.472077 0.471678 0.471866 0.471489 
0.038717 0.025845 0.021263 0.0196738 0.0181144 0.00892705 0.00877478 0.0068217 0.00720707 0.00403631 0.00241312 0.0029408 0.00220069 0.00205689 0.00203332 0.00232532 0.00134336 0.00200866 0.00204047 0.00229979 
0.0735 0.0728 0.07225 0.07285 0.0732 0.0722 0.0729 0.0731 0.0725 0.0743 0.0747 0.07425 0.07385 0.07335 0.0736 0.0736 0.0729 0.07345 0.0743 0.07305 
0.00235584 0.00180555 0.00199687 0.00127574 0.00172047 0.00213542 0.00194679 0.00175784 0.00111803 0.00228254 0.00148661 0.00121963 0.00131434 0.00115217 0.00162481 0.0018 0.00122066 0.00143091 0.00145258 0.00132193 
1 1 1 1 1 1 1 1 1 1 1 1 1 1 1 1 1 1 1 1 
0 0 0 0 0 0 0 0 0 0 0 0 0 0 0 0 0 0 0 0 
0.898595 0.898595 0.898595 0.898595 0.898595 0.898595 0.898595 0.898595 0.898595 0.898595 0.898595 0.898595 0.898595 0.898595 0.898595 0.898595 0.898595 0.898595 0.898595 0.898595 
0.000414568 0.000414568 0.000414568 0.000414568 0.000414568 0.000414568 0.000414568 0.000414568 0.000414568 0.000414568 0.000414568 0.000414568 0.000414568 0.000414568 0.000414568 0.000414568 0.000414568 0.000414568 0.000414568 0.000414568 
0.461101 0.461101 0.461101 0.461101 0.461101 0.461101 0.461101 0.461101 0.461101 0.461101 0.461101 0.461101 0.461101 0.461101 0.461101 0.461101 0.461101 0.461101 0.461101 0.461101 
0.00246399 0.00246399 0.00246399 0.00246399 0.00246399 0.00246399 0.00246399 0.00246399 0.00246399 0.00246399 0.00246399 0.00246399 0.00246399 0.00246399 0.00246399 0.00246399 0.00246399 0.00246399 0.00246399 0.00246399 
0.0716 0.0716 0.0716 0.0716 0.0716 0.0716 0.0716 0.0716 0.0716 0.0716 0.0716 0.0716 0.0716 0.0716 0.0716 0.0716 0.0716 0.0716 0.0716 0.0716 
0.00292233 0.00292233 0.00292233 0.00292233 0.00292233 0.00292233 0.00292233 0.00292233 0.00292233 0.00292233 0.00292233 0.00292233 0.00292233 0.00292233 0.00292233 0.00292233 0.00292233 0.00292233 0.00292233 0.00292233 
0.00108983 0.00209567 0.00408543 0.00714364 0.0122044 0.020808 0.0351449 0.0596275 0.102068 0.176486 0.295029 0.452444 0.619213 0.761171 0.862649 0.925453 0.961045 0.98012 0.989917 0.994919 
0.000152368 0.000259737 0.000231754 0.000326174 0.000286671 0.000426276 0.000541351 0.000924245 0.00115123 0.00246568 0.00196913 0.00275858 0.00197909 0.0017043 0.00119774 0.00064029 0.000467407 0.000341262 0.000191883 0.000125165 
0.889381 0.895036 0.9034 0.909279 0.91403 0.918508 0.920299 0.920674 0.919726 0.916602 0.913005 0.908459 0.904993 0.902414 0.90057 0.899624 0.899066 0.898982 0.898686 0.898589 
0.00475166 0.00454885 0.00341709 0.00268739 0.00130494 0.00177816 0.00148097 0.00137069 0.00114554 0.00106961 0.000959489 0.000656533 0.000522044 0.000439135 0.000491788 0.00044555 0.000472645 0.000450318 0.000543058 0.00040694 
0.094 0.166559 0.294234 0.388163 0.441929 0.494486 0.519713 0.536924 0.540985 0.531045 0.517375 0.4992 0.486061 0.476396 0.468444 0.464981 0.463196 0.462993 0.461615 0.460824 
0.0424025 0.0533674 0.0547161 0.0352278 0.0150103 0.0159638 0.0118648 0.00887369 0.00738789 0.00664564 0.00522344 0.00332589 0.00357451 0.00285207 0.00238405 0.00245206 0.00266741 0.00233306 0.00273141 0.00254721 
0.07225 0.0716 0.0719 0.0716 0.07265 0.07175 0.0714 0.07275 0.0726 0.0739 0.07425 0.0752 0.07545 0.0747 0.07515 0.0746 0.0751 0.0753 0.0753 0.0748 
0.00277263 0.00128062 0.00218861 0.00156205 0.0019046 0.00234254 0.00182757 0.00194615 0.00135647 0.00252784 0.00154515 0.0014 0.00168745 0.00141774 0.00185135 0.00156205 0.00164012 0.00151987 0.00155242 0.0014 
0.00110679 0.00210976 0.00415065 0.00716607 0.0121533 0.0208357 0.0352815 0.0598294 0.10212 0.176437 0.295317 0.4523 0.61923 0.761143 0.862639 0.925389 0.960944 0.980014 0.989867 0.994924 
0.000203545 0.000348718 0.000295687 0.000417537 0.00047027 0.000667317 0.000741017 0.0012395 0.00143799 0.00319926 0.00253528 0.00312249 0.00260995 0.00215945 0.00200508 0.00118875 0.00084313 0.000692717 0.000395606 0.000222519 
0.838231 0.853404 0.8654 0.874666 0.880315 0.887303 0.891459 0.895153 0.896238 0.897542 0.898076 0.898081 0.898443 0.898512 0.898548 0.898556 0.898484 0.898748 0.898586 0.898495 
0.0179756 0.00863826 0.00684764 0.00428457 0.00364663 0.00307222 0.00209207 0.0013734 0.000878422 0.00107053 0.000752642 0.000909801 0.000539944 0.000396551 0.000393773 0.000492807 0.000446937 0.000509629 0.000536475 0.00041048 
0.147333 0.198036 0.261197 0.310814 0.348204 0.385665 0.411437 0.434723 0.444685 0.452619 0.456987 0.457018 0.45994 0.4608 0.460535 0.460904 0.461032 0.462225 0.46125 0.460346 
0.0311544 0.0367736 0.01708 0.0238288 0.0203793 0.0125312 0.0118826 0.00762365 0.00609573 0.00470202 0.00417036 0.00444488 0.00292819 0.00233518 0.00181525 0.00234544 0.00256553 0.0026531 0.00280246 0.00253996 
0.074 0.0733 0.07335 0.0731 0.0728 0.0735 0.07365 0.074 0.07325 0.0751 0.0751 0.0764 0.07585 0.07615 0.0762 0.0763 0.07645 0.07685 0.07645 0.0763 
0.00242899 0.00141774 0.00176847 0.00122066 0.00163095 0.00188414 0.00210416 0.00164317 0.00147902 0.00232164 0.00167033 0.0012 0.00215116 0.00168152 0.00153623 0.00138203 0.00193585 0.0024955 0.00171683 0.00167631 
1 1 1 1 1 1 1 1 1 1 1 1 1 1 1 1 1 1 1 1 
0 0 0 0 0 0 0 0 0 0 0 0 0 0 0 0 0 0 0 0 
0.925138 0.925138 0.925138 0.925138 0.925138 0.925138 0.925138 0.925138 0.925138 0.925138 0.925138 0.925138 0.925138 0.925138 0.925138 0.925138 0.925138 0.925138 0.925138 0.925138 
0.000276852 0.000276852 0.000276852 0.000276852 0.000276852 0.000276852 0.000276852 0.000276852 0.000276852 0.000276852 0.000276852 0.000276852 0.000276852 0.000276852 0.000276852 0.000276852 0.000276852 0.000276852 0.000276852 0.000276852 
0.47272 0.47272 0.47272 0.47272 0.47272 0.47272 0.47272 0.47272 0.47272 0.47272 0.47272 0.47272 0.47272 0.47272 0.47272 0.47272 0.47272 0.47272 0.47272 0.47272 
0.00304269 0.00304269 0.00304269 0.00304269 0.00304269 0.00304269 0.00304269 0.00304269 0.00304269 0.00304269 0.00304269 0.00304269 0.00304269 0.00304269 0.00304269 0.00304269 0.00304269 0.00304269 0.00304269 0.00304269 
0.0749 0.0749 0.0749 0.0749 0.0749 0.0749 0.0749 0.0749 0.0749 0.0749 0.0749 0.0749 0.0749 0.0749 0.0749 0.0749 0.0749 0.0749 0.0749 0.0749 
0.00317648 0.00317648 0.00317648 0.00317648 0.00317648 0.00317648 0.00317648 0.00317648 0.00317648 0.00317648 0.00317648 0.00317648 0.00317648 0.00317648 0.00317648 0.00317648 0.00317648 0.00317648 0.00317648 0.00317648 
0.00123486 0.00210923 0.00393701 0.00728502 0.0142836 0.0292903 0.0556198 0.0961107 0.157102 0.24725 0.371124 0.519307 0.670215 0.795772 0.883505 0.937012 0.967227 0.983296 0.991526 0.995718 
7.3133e-005 0.000118048 9.8175e-005 0.000193623 0.000451317 0.000732431 0.000657189 0.000608275 0.000792037 0.00171787 0.00111544 0.00156748 0.00134866 0.00128293 0.00100548 0.000760027 0.000390783 0.000275223 0.000194688 0.000123689 
0.903539 0.903734 0.903785 0.903858 0.904125 0.907264 0.913988 0.921042 0.925179 0.927359 0.927786 0.927438 0.926771 0.926061 0.925566 0.925467 0.925249 0.92513 0.925168 0.925181 
0.000717615 0.000133768 0.00011478 4.275e-005 0.000329896 0.000865193 0.00130507 0.000740844 0.000623905 0.000330992 0.000273512 0.000258603 0.000259351 0.000197178 0.000176266 0.000292606 0.000236354 0.000292189 0.000207708 0.000233623 
0.000956109 0.000578247 0.000270594 0.000168071 0.00631835 0.0899057 0.264631 0.396428 0.45947 0.491298 0.49925 0.498655 0.491448 0.483737 0.477498 0.476879 0.473878 0.472688 0.472918 0.473014 
0.00179016 0.000730443 0.000332369 0.000223411 0.00818078 0.0238788 0.0289099 0.0123656 0.00843727 0.00436491 0.00306988 0.00300448 0.00262843 0.00231952 0.00225771 0.00331324 0.00265812 0.00284689 0.00215027 0.00261482 
0.0781 0.07675 0.0767 0.07655 0.077 0.07705 0.0769 0.078 0.0779 0.0798 0.07985 0.08025 0.07975 0.0795 0.0798 0.0796 0.07895 0.07965 0.07915 0.0793 
0.00294788 0.00133697 0.0020025 0.00116082 0.00207364 0.00190984 0.00157797 0.00189737 0.0017 0.00267582 0.00155804 0.00140979 0.00151245 0.00203715 0.00156844 0.00149666 0.00153216 0.00193067 0.00198179 0.00179165 
0.00124269 0.00211732 0.00403509 0.00726885 0.0142656 0.0292882 0.0557259 0.0962594 0.157019 0.247157 0.371704 0.519241 0.669941 0.795678 0.88352 0.936924 0.967135 0.983229 0.991499 0.995686 
0.000148383 0.000216956 0.000196602 0.000345412 0.00068803 0.000955156 0.00100897 0.00117832 0.00140809 0.00263438 0.00192765 0.00226189 0.00221834 0.0021088 0.0018481 0.00130152 0.00070029 0.000609049 0.000403485 0.000220532 
0.892131 0.897177 0.899431 0.901337 0.903049 0.903823 0.90537 0.907508 0.91173 0.915547 0.918827 0.9211 0.922836 0.923874 0.924392 0.924829 0.924915 0.924984 0.925098 0.925127 
0.00645875 0.00319613 0.00232272 0.001145 0.000593895 0.000345392 0.000346266 0.000523511 0.000628871 0.000542332 0.000560233 0.000280267 0.000247137 0.000241761 0.000292671 0.000242587 0.000208655 0.000286715 0.000208727 0.000234643 
0.026895 0.016569 0.011493 0.00660836 0.00327528 0.0124171 0.0528043 0.120485 0.230436 0.312788 0.373345 0.412111 0.439068 0.454569 0.461812 0.468572 0.469339 0.470717 0.471869 0.472344 
0.0127068 0.00807016 0.00612517 0.00309875 0.00180393 0.00399302 0.010658 0.0151529 0.0159617 0.0121026 0.00893768 0.00430972 0.00310433 0.00326983 0.00350942 0.00290476 0.00242796 0.00278803 0.00213415 0.00260265 
0.07895 0.0781 0.07845 0.07785 0.0781 0.07885 0.0784 0.07935 0.07865 0.0809 0.08095 0.08185 0.0811 0.08065 0.08115 0.08155 0.08045 0.0807 0.08085 0.08115 
0.00300791 0.00160935 0.00226881 0.00198179 0.00141067 0.00274363 0.00195959 0.00205609 0.00179652 0.00298161 0.00162711 0.0014239 0.00172916 0.00162096 0.00179652 0.00153216 0.00135923 0.00214709 0.0019046 0.00127574 
1 1 1 1 1 1 1 1 1 1 1 1 1 1 1 1 1 1 1 1 
0 0 0 0 0 0 0 0 0 0 0 0 0 0 0 0 0 0 0 0 
0.923959 0.923959 0.923959 0.923959 0.923959 0.923959 0.923959 0.923959 0.923959 0.923959 0.923959 0.923959 0.923959 0.923959 0.923959 0.923959 0.923959 0.923959 0.923959 0.923959 
0.000202774 0.000202774 0.000202774 0.000202774 0.000202774 0.000202774 0.000202774 0.000202774 0.000202774 0.000202774 0.000202774 0.000202774 0.000202774 0.000202774 0.000202774 0.000202774 0.000202774 0.000202774 0.000202774 0.000202774 
0.495461 0.495461 0.495461 0.495461 0.495461 0.495461 0.495461 0.495461 0.495461 0.495461 0.495461 0.495461 0.495461 0.495461 0.495461 0.495461 0.495461 0.495461 0.495461 0.495461 
0.00179875 0.00179875 0.00179875 0.00179875 0.00179875 0.00179875 0.00179875 0.00179875 0.00179875 0.00179875 0.00179875 0.00179875 0.00179875 0.00179875 0.00179875 0.00179875 0.00179875 0.00179875 0.00179875 0.00179875 
0.08185 0.08185 0.08185 0.08185 0.08185 0.08185 0.08185 0.08185 0.08185 0.08185 0.08185 0.08185 0.08185 0.08185 0.08185 0.08185 0.08185 0.08185 0.08185 0.08185 
0.00288574 0.00288574 0.00288574 0.00288574 0.00288574 0.00288574 0.00288574 0.00288574 0.00288574 0.00288574 0.00288574 0.00288574 0.00288574 0.00288574 0.00288574 0.00288574 0.00288574 0.00288574 0.00288574 0.00288574 
0.0015145 0.0031375 0.00712799 0.0141172 0.0255868 0.0437952 0.0731215 0.120307 0.193904 0.305409 0.452422 0.611849 0.751867 0.855056 0.920637 0.958147 0.978504 0.989175 0.994533 0.997239 
0.000150256 0.000457744 0.000646751 0.000435068 0.000397738 0.000744375 0.000783166 0.000857901 0.00119231 0.0021246 0.00143416 0.00191798 0.00129198 0.000922673 0.000824431 0.000586133 0.000300154 0.000263254 0.000201662 0.000117563 
0.903489 0.904658 0.909349 0.916789 0.922914 0.927683 0.930666 0.932137 0.931979 0.930425 0.928436 0.926598 0.92557 0.924904 0.924411 0.924215 0.924079 0.923996 0.924033 0.923986 
0.000549578 0.00125704 0.00230466 0.00146935 0.00115429 0.000820961 0.000644718 0.00052105 0.000462793 0.00043471 0.000401385 0.000383824 0.000261053 0.000312034 0.000241203 0.000323801 0.000256978 0.000294986 0.000256146 0.000290088 
0.00511685 0.0423109 0.178964 0.346814 0.447429 0.512807 0.55235 0.57294 0.575604 0.563745 0.544306 0.525369 0.513955 0.50612 0.500776 0.498968 0.497422 0.496554 0.496864 0.495918 
0.00881324 0.0430462 0.0632492 0.0293301 0.0163991 0.0100762 0.0090561 0.00563741 0.00415174 0.00390702 0.0032746 0.003673 0.00261403 0.00297673 0.00245663 0.00285719 0.00227566 0.00239555 0.00214707 0.00208796 
0.0826 0.08205 0.083 0.08215 0.08225 0.08235 0.0824 0.08395 0.0838 0.0866 0.0867 0.0873 0.08755 0.0872 0.0878 0.08745 0.08705 0.08825 0.0874 0.0876 
0.0032311 0.00156445 0.00248998 0.0019046 0.00202176 0.00173997 0.00200998 0.0022243 0.000979796 0.00259615 0.00155242 0.0009 0.00182962 0.00177764 0.00208806 0.00171683 0.00132193 0.00229946 0.00208327 0.00142829 
0.00149676 0.00314611 0.00720781 0.0140619 0.0256011 0.0437373 0.0733054 0.120582 0.194056 0.30541 0.452952 0.611877 0.751744 0.855116 0.920485 0.958048 0.978527 0.989143 0.994497 0.997237 
0.000238217 0.000550183 0.000660124 0.000643995 0.000624911 0.00105329 0.00102876 0.0014774 0.00187286 0.00284161 0.00200501 0.00222706 0.00208727 0.00157659 0.00156219 0.000995932 0.000603717 0.00047874 0.000330049 0.000204792 
0.892705 0.899249 0.903847 0.907063 0.911219 0.914448 0.917429 0.919665 0.921496 0.922426 0.92315 0.923459 0.923794 0.923945 0.923862 0.923929 0.923972 0.923944 0.924002 0.923965 
0.00576184 0.00275984 0.00181747 0.000941404 0.00102032 0.000739014 0.000621897 0.000468607 0.000375742 0.000470256 0.000410804 0.000372249 0.000274867 0.000260228 0.000271843 0.000306737 0.000252222 0.00027427 0.000259812 0.000297028 
0.0327718 0.0280406 0.0887888 0.170341 0.26768 0.335033 0.388019 0.427518 0.458032 0.473969 0.482984 0.488224 0.492873 0.49507 0.494555 0.495507 0.496014 0.495849 0.496428 0.49563 
0.0179541 0.016663 0.0273956 0.0221029 0.0211163 0.0159098 0.0128253 0.00661814 0.00668237 0.0064478 0.00415057 0.0037539 0.00271828 0.00282575 0.00257873 0.00267268 0.0023058 0.00218739 0.00225886 0.00215527 
0.0846 0.0846 0.08505 0.0847 0.08425 0.08385 0.08505 0.08535 0.08525 0.0876 0.08865 0.0889 0.0893 0.08845 0.0889 0.08945 0.0894 0.09005 0.0894 0.089 
0.00285307 0.0018 0.00213249 0.00179165 0.00160857 0.00228637 0.00224666 0.0022198 0.00163936 0.00195959 0.00162096 0.00147986 0.00181934 0.00139553 0.00248797 0.00174571 0.00233238 0.00190984 0.00174356 0.00104881 
0.00859371 0.0187082 0.0903634 0.36501 0.63898 0.798562 0.892719 0.94329 0.971205 0.984965 0.992379 0.996142 0.998043 0.999039 0.999486 0.999762 0.999868 0.999925 0.999949 0.999962 
0.00057927 0.00131687 0.0134238 0.0155753 0.00955269 0.00460579 0.00205587 0.00113556 0.000739447 0.000411627 0.000347106 0.000172898 8.06512e-005 5.96172e-005 4.80269e-005 3.2751e-005 2.73719e-005 2.47615e-005 2.07945e-005 1.26586e-005 
0.924339 0.929509 0.929497 0.919057 0.910391 0.906393 0.904422 0.903168 0.903019 0.902806 0.902662 0.902658 0.902583 0.902597 0.902512 0.902586 0.902489 0.902508 0.902545 0.902574 
0.00296067 0.00206805 0.00198177 0.00122845 0.000498753 0.000294898 0.000437838 0.000533078 0.000461469 0.000469556 0.000462694 0.000336282 0.000393271 0.000367197 0.000434199 0.000419855 0.00048021 0.000481457 0.000499676 0.000506719 
0.550615 0.588551 0.604852 0.56092 0.524385 0.509732 0.502751 0.498117 0.498412 0.497732 0.497196 0.497274 0.496916 0.496989 0.496601 0.497032 0.496562 0.496598 0.496791 0.496957 
0.0221002 0.0143253 0.0108563 0.00615366 0.00294225 0.0015932 0.00227724 0.00274467 0.00240805 0.00248135 0.00238343 0.00169494 0.00207383 0.00186836 0.00221759 0.00217873 0.0025035 0.00249699 0.00255133 0.00260569 
0.32065 0.3198 0.3208 0.32125 0.3223 0.32275 0.3216 0.3217 0.3219 0.32335 0.3226 0.32205 0.3224 0.32185 0.3219 0.32205 0.3212 0.322 0.3228 0.3217 
0.00438492 0.00163095 0.00285657 0.00147902 0.00236854 0.00298119 0.00253772 0.00214709 0.00147986 0.00342454 0.00224499 0.00174571 0.00263439 0.00158981 0.002755 0.00247942 0.00186011 0.00266458 0.00282135 0.00179165 
1 1 1 1 1 1 1 1 1 1 1 1 1 1 1 1 1 1 1 1 
0 0 0 0 0 0 0 0 0 0 0 0 0 0 0 0 0 0 0 0 
0.931189 0.931189 0.931189 0.931189 0.931189 0.931189 0.931189 0.931189 0.931189 0.931189 0.931189 0.931189 0.931189 0.931189 0.931189 0.931189 0.931189 0.931189 0.931189 0.931189 
0.000360826 0.000360826 0.000360826 0.000360826 0.000360826 0.000360826 0.000360826 0.000360826 0.000360826 0.000360826 0.000360826 0.000360826 0.000360826 0.000360826 0.000360826 0.000360826 0.000360826 0.000360826 0.000360826 0.000360826 
0.566666 0.566666 0.566666 0.566666 0.566666 0.566666 0.566666 0.566666 0.566666 0.566666 0.566666 0.566666 0.566666 0.566666 0.566666 0.566666 0.566666 0.566666 0.566666 0.566666 
0.00286527 0.00286527 0.00286527 0.00286527 0.00286527 0.00286527 0.00286527 0.00286527 0.00286527 0.00286527 0.00286527 0.00286527 0.00286527 0.00286527 0.00286527 0.00286527 0.00286527 0.00286527 0.00286527 0.00286527 
0.1068 0.1068 0.1068 0.1068 0.1068 0.1068 0.1068 0.1068 0.1068 0.1068 0.1068 0.1068 0.1068 0.1068 0.1068 0.1068 0.1068 0.1068 0.1068 0.1068 
0.00261916 0.00261916 0.00261916 0.00261916 0.00261916 0.00261916 0.00261916 0.00261916 0.00261916 0.00261916 0.00261916 0.00261916 0.00261916 0.00261916 0.00261916 0.00261916 0.00261916 0.00261916 0.00261916 0.00261916 
0.000223548 0.000369625 0.000722555 0.0013992 0.00308716 0.00634205 0.0122866 0.0236291 0.0480434 0.106404 0.221186 0.386172 0.567161 0.726461 0.842124 0.914019 0.954988 0.976901 0.988329 0.994077 
3.77747e-005 6.40497e-005 0.000128082 0.000201903 0.000418216 0.000440005 0.000445747 0.000858005 0.00157787 0.00243159 0.00305431 0.00255044 0.00257449 0.00226111 0.0011612 0.000857522 0.000569927 0.000522345 0.000229642 0.000160077 
0.890761 0.889646 0.892766 0.896155 0.904929 0.916681 0.927526 0.933727 0.937567 0.939198 0.938984 0.937778 0.936158 0.93437 0.9329 0.932166 0.9317 0.931538 0.93133 0.931435 
0.0105415 0.0129851 0.00599443 0.00421055 0.00380509 0.00417908 0.00161525 0.00148136 0.000615268 0.00043192 0.000435744 0.000374267 0.000343773 0.000466131 0.000379911 0.000386169 0.000345604 0.000357798 0.000323054 0.000368113 
0.0305564 0.0379472 0.0532855 0.107665 0.258422 0.42393 0.538497 0.597534 0.6335 0.650374 0.647805 0.635507 0.61885 0.600697 0.585039 0.576866 0.571858 0.570075 0.568134 0.568329 
0.0217192 0.0295805 0.0458824 0.0642666 0.0806529 0.0570292 0.0183293 0.0183033 0.00703468 0.00433746 0.00349958 0.00296842 0.00255617 0.0036392 0.00330324 0.00333671 0.00315091 0.00353161 0.00288497 0.00345444 
0.074 0.0747 0.0752 0.075 0.07495 0.07535 0.07605 0.0778 0.0789 0.08365 0.0893 0.09735 0.1034 0.1068 0.1092 0.11045 0.11095 0.1116 0.1114 0.1114 
0.00273861 0.00105357 0.00193907 0.00144914 0.00226881 0.00230814 0.00203654 0.00174929 0.000943398 0.00162096 0.00122882 0.00127574 0.00135647 0.00156844 0.00116619 0.00135923 0.00156445 0.00152971 0.00152971 0.00106771 
0.00918975 0.0115413 0.0105083 0.0104204 0.0108407 0.011024 0.0120202 0.0125871 0.012899 0.0142938 0.0181064 0.0279016 0.0609401 0.182362 0.409989 0.668631 0.85112 0.941224 0.978405 0.992246 
0.00503913 0.00265148 0.00433597 0.00415238 0.00357284 0.00279639 0.00255382 0.000530346 0.000644979 0.000498067 0.00052324 0.000968743 0.00134713 0.00309352 0.00248552 0.00193479 0.00141044 0.000657652 0.000310753 0.00019801 
0.927651 0.934189 0.931546 0.930985 0.932382 0.931415 0.935327 0.936483 0.936408 0.937356 0.938264 0.939689 0.940957 0.940697 0.938342 0.9354 0.93294 0.931908 0.931467 0.931416 
0.0143825 0.00782337 0.011777 0.0118491 0.0100769 0.00942877 0.00749258 0.0028098 0.00309829 0.00241766 0.00148412 0.00129962 0.000417776 0.000290058 0.000294542 0.000322613 0.000342989 0.000358899 0.000357642 0.000358883 
0.436548 0.55886 0.507978 0.502087 0.526206 0.517769 0.572652 0.599878 0.600509 0.609683 0.621672 0.63508 0.654878 0.658702 0.638765 0.609809 0.585142 0.574269 0.569353 0.5683 
0.257671 0.136512 0.214196 0.215157 0.180989 0.152706 0.133293 0.0307736 0.034524 0.0274812 0.0163701 0.0165982 0.00635147 0.00269736 0.00276986 0.00290401 0.00334402 0.00311602 0.00333272 0.00329206 
0.13585 0.13675 0.1354 0.1363 0.1356 0.1355 0.13585 0.1358 0.13585 0.13725 0.13675 0.1373 0.1396 0.14385 0.1527 0.15765 0.1593 0.1616 0.1622 0.16125 
0.00292019 0.00169926 0.00195959 0.00155242 0.00243721 0.00201246 0.00135185 0.00201494 0.00090967 0.00266224 0.00216506 0.00122882 0.0024779 0.0014239 0.00145258 0.00179652 0.000781025 0.00195959 0.00166132 0.00160857 
0.00922157 0.0115867 0.0105741 0.0103847 0.0108297 0.0110274 0.0120374 0.0125967 0.0129603 0.0141803 0.0181646 0.0278619 0.0608782 0.182203 0.410011 0.668398 0.851346 0.941347 0.978376 0.992231 
0.00505151 0.00265947 0.00436037 0.00412808 0.00358804 0.00276552 0.00256296 0.000530152 0.000725122 0.000628203 0.000711281 0.0011333 0.00141828 0.00312979 0.00318168 0.00251324 0.00197771 0.00112877 0.000450868 0.000312096 
0.881142 0.893348 0.882561 0.890701 0.886328 0.892984 0.896203 0.898888 0.898071 0.900183 0.904729 0.910078 0.918972 0.92644 0.929719 0.930745 0.93115 0.931219 0.931211 0.931304 
0.0304456 0.0154591 0.0403996 0.0169631 0.0390148 0.0193413 0.0116532 0.00346511 0.00301803 0.00263373 0.00269228 0.00223565 0.00127741 0.000726467 0.000443403 0.00041048 0.000280389 0.000284611 0.000319937 0.000397514 
0.349312 0.407096 0.379713 0.367018 0.379004 0.398325 0.408219 0.428555 0.414655 0.436678 0.461366 0.4932 0.531956 0.561264 0.569287 0.568709 0.568573 0.567474 0.566819 0.567503 
0.118727 0.0649341 0.112391 0.116329 0.0840277 0.0553925 0.0613792 0.0224933 0.0205256 0.0150948 0.0184205 0.016935 0.0102548 0.00759577 0.00513321 0.00369564 0.00271051 0.00292713 0.00288182 0.00350888 
0.07795 0.0775 0.0778 0.07735 0.0777 0.0775 0.078 0.07855 0.07825 0.07865 0.07845 0.07875 0.0805 0.0853 0.09755 0.1099 0.11835 0.12265 0.12405 0.12475 
0.00251942 0.00165831 0.00146969 0.00210416 0.0021 0.00171756 0.00246982 0.00146544 0.00104283 0.00241402 0.00135923 0.00154515 0.00132288 0.00126886 0.00153216 0.00154596 0.00155804 0.00185135 0.00188348 0.00121963 
0 0 0 0 0 0 0 0 0 0 0 0 0 0 0 0 0 0 0 0 
0 0 0 0 0 0 0 0 0 0 0 0 0 0 0 0 0 0 0 0 
0 0 0 0 0 0 0 0 0 0 0 0 0 0 0 0 0 0 0 0 
0 0 0 0 0 0 0 0 0 0 0 0 0 0 0 0 0 0 0 0 
0 0 0 0 0 0 0 0 0 0 0 0 0 0 0 0 0 0 0 0 
0 0 0 0 0 0 0 0 0 0 0 0 0 0 0 0 0 0 0 0 
0 0 0 0 0 0 0 0 0 0 0 0 0 0 0 0 0 0 0 0 
0 0 0 0 0 0 0 0 0 0 0 0 0 0 0 0 0 0 0 0 
