1 1 1 1 1 1 1 1 1 1 1 1 1 1 1 1 1 1 1 1 
0 0 0 0 0 0 0 0 0 0 0 0 0 0 0 0 0 0 0 0 
0.988518 0.988518 0.988518 0.988518 0.988518 0.988518 0.988518 0.988518 0.988518 0.988518 0.988518 0.988518 0.988518 0.988518 0.988518 0.988518 0.988518 0.988518 0.988518 0.988518 
7.91184e-005 7.91184e-005 7.91184e-005 7.91184e-005 7.91184e-005 7.91184e-005 7.91184e-005 7.91184e-005 7.91184e-005 7.91184e-005 7.91184e-005 7.91184e-005 7.91184e-005 7.91184e-005 7.91184e-005 7.91184e-005 7.91184e-005 7.91184e-005 7.91184e-005 7.91184e-005 
0.990075 0.990075 0.990075 0.990075 0.990075 0.990075 0.990075 0.990075 0.990075 0.990075 0.990075 0.990075 0.990075 0.990075 0.990075 0.990075 0.990075 0.990075 0.990075 0.990075 
6.8376e-005 6.8376e-005 6.8376e-005 6.8376e-005 6.8376e-005 6.8376e-005 6.8376e-005 6.8376e-005 6.8376e-005 6.8376e-005 6.8376e-005 6.8376e-005 6.8376e-005 6.8376e-005 6.8376e-005 6.8376e-005 6.8376e-005 6.8376e-005 6.8376e-005 6.8376e-005 
0.18355 0.18355 0.18355 0.18355 0.18355 0.18355 0.18355 0.18355 0.18355 0.18355 0.18355 0.18355 0.18355 0.18355 0.18355 0.18355 0.18355 0.18355 0.18355 0.18355 
0.0064302 0.0064302 0.0064302 0.0064302 0.0064302 0.0064302 0.0064302 0.0064302 0.0064302 0.0064302 0.0064302 0.0064302 0.0064302 0.0064302 0.0064302 0.0064302 0.0064302 0.0064302 0.0064302 0.0064302 
0.00212501 0.00365491 0.00775929 0.0101055 0.0205418 0.0272059 0.0446833 0.0758358 0.137844 0.268028 0.428595 0.615033 0.755154 0.860702 0.923719 0.960375 0.979825 0.989691 0.994828 0.997369 
0.00055355 0.000920061 0.00381582 0.00292909 0.00923027 0.00368901 0.00855203 0.00932881 0.0148284 0.0121919 0.0165666 0.0116696 0.00690934 0.00294893 0.0025549 0.00126823 0.00081288 0.000322349 0.000163893 0.000151235 
0.983937 0.986989 0.988701 0.989734 0.990329 0.990785 0.990914 0.991112 0.991159 0.990986 0.990476 0.989935 0.989357 0.988947 0.988734 0.988609 0.988564 0.98852 0.988529 0.988516 
0.00242737 0.00142281 0.000898624 0.000543502 0.000393092 0.00022156 0.00020788 0.000156456 0.000145864 0.00015389 0.000152981 0.000127351 8.6649e-005 0.000121812 0.000123964 0.000102248 0.000108711 9.88103e-005 7.97624e-005 9.37849e-005 
0.986017 0.988694 0.99019 0.991088 0.99161 0.992009 0.992127 0.992302 0.992346 0.9922 0.991761 0.991295 0.990797 0.990444 0.990261 0.990153 0.990114 0.990076 0.990084 0.990073 
0.00213926 0.00124003 0.000781682 0.000471522 0.000342463 0.000193441 0.000179125 0.000134356 0.000126003 0.000132546 0.000132425 0.000109773 7.47894e-005 0.00010536 0.000107031 8.83662e-005 9.39383e-005 8.54359e-005 6.89174e-005 8.10799e-005 
0.19345 0.1945 0.19365 0.1934 0.1948 0.19665 0.19585 0.1931 0.19455 0.1958 0.19715 0.1967 0.19525 0.19495 0.1936 0.1933 0.19575 0.1944 0.1942 0.19365 
0.00555405 0.00406817 0.00288574 0.00342637 0.00502593 0.00664285 0.00686495 0.0023 0.00372122 0.00405709 0.00660511 0.00393827 0.00317608 0.00527707 0.00267208 0.0022383 0.00647978 0.00434051 0.00307571 0.005218 
0.00214424 0.00368608 0.00777679 0.0101404 0.0205113 0.0272189 0.0446658 0.075769 0.138083 0.267801 0.428548 0.615129 0.7552 0.860926 0.923651 0.960279 0.979762 0.989653 0.994797 0.997346 
0.000545936 0.000922224 0.003813 0.00302498 0.00919418 0.00380561 0.00859658 0.00933188 0.0148589 0.0123629 0.0165554 0.0116921 0.00711344 0.00289129 0.00249585 0.00134682 0.000888404 0.000389311 0.000218038 0.000180109 
0.974319 0.978621 0.982612 0.983648 0.984938 0.985837 0.986539 0.986949 0.987488 0.987983 0.988163 0.988353 0.988436 0.988414 0.988484 0.98844 0.988515 0.988464 0.988512 0.988523 
0.00394134 0.00340709 0.00202271 0.0017348 0.000864887 0.000756141 0.000667824 0.000565224 0.000409536 0.000219556 0.000187515 0.000129801 0.000169236 0.000123919 0.000129905 0.000112854 9.0066e-005 9.92872e-005 0.000102915 8.25332e-005 
0.977848 0.981537 0.984978 0.985861 0.986988 0.987758 0.988367 0.98872 0.989185 0.989611 0.989767 0.989932 0.990003 0.989985 0.990045 0.990007 0.990072 0.990028 0.990069 0.990079 
0.00339422 0.00291783 0.00174489 0.00149092 0.000737875 0.000649948 0.000573454 0.000487805 0.000352696 0.000189569 0.000162014 0.000111646 0.000145844 0.000106983 0.00011231 9.754e-005 7.77592e-005 8.58565e-005 8.89963e-005 7.13003e-005 
0.1972 0.1953 0.1966 0.1968 0.19505 0.19775 0.1967 0.1954 0.19655 0.1987 0.1996 0.19925 0.1972 0.1977 0.1958 0.19605 0.1979 0.1959 0.19595 0.19575 
0.00631348 0.00321092 0.00404228 0.00524976 0.00474842 0.00658692 0.0061 0.00274591 0.00465269 0.00457275 0.00721388 0.0049079 0.0032187 0.00606712 0.00341467 0.00376132 0.00675944 0.00349142 0.00453294 0.00521416 
1 1 1 1 1 1 1 1 1 1 1 1 1 1 1 1 1 1 1 1 
0 0 0 0 0 0 0 0 0 0 0 0 0 0 0 0 0 0 0 0 
0.988257 0.988257 0.988257 0.988257 0.988257 0.988257 0.988257 0.988257 0.988257 0.988257 0.988257 0.988257 0.988257 0.988257 0.988257 0.988257 0.988257 0.988257 0.988257 0.988257 
0.000125385 0.000125385 0.000125385 0.000125385 0.000125385 0.000125385 0.000125385 0.000125385 0.000125385 0.000125385 0.000125385 0.000125385 0.000125385 0.000125385 0.000125385 0.000125385 0.000125385 0.000125385 0.000125385 0.000125385 
0.989846 0.989846 0.989846 0.989846 0.989846 0.989846 0.989846 0.989846 0.989846 0.989846 0.989846 0.989846 0.989846 0.989846 0.989846 0.989846 0.989846 0.989846 0.989846 0.989846 
0.000108564 0.000108564 0.000108564 0.000108564 0.000108564 0.000108564 0.000108564 0.000108564 0.000108564 0.000108564 0.000108564 0.000108564 0.000108564 0.000108564 0.000108564 0.000108564 0.000108564 0.000108564 0.000108564 0.000108564 
0.1869 0.1869 0.1869 0.1869 0.1869 0.1869 0.1869 0.1869 0.1869 0.1869 0.1869 0.1869 0.1869 0.1869 0.1869 0.1869 0.1869 0.1869 0.1869 0.1869 
0.00754255 0.00754255 0.00754255 0.00754255 0.00754255 0.00754255 0.00754255 0.00754255 0.00754255 0.00754255 0.00754255 0.00754255 0.00754255 0.00754255 0.00754255 0.00754255 0.00754255 0.00754255 0.00754255 0.00754255 
0.000817172 0.00142393 0.00256011 0.00474109 0.00795897 0.0142426 0.02582 0.0459103 0.0869168 0.161165 0.285242 0.453383 0.619613 0.765548 0.86327 0.92694 0.962181 0.98067 0.990164 0.995075 
5.65333e-005 0.000100077 0.000277681 0.000423867 0.000831414 0.00110713 0.00349917 0.00516976 0.00716723 0.0131173 0.0129437 0.01179 0.00849957 0.0039521 0.00225834 0.00146666 0.000918651 0.000434527 0.000322546 0.000150975 
0.987028 0.988708 0.989481 0.989957 0.990516 0.990681 0.990759 0.990996 0.990985 0.990911 0.990532 0.990126 0.989515 0.988939 0.988697 0.988414 0.988355 0.988265 0.988281 0.988246 
0.00247299 0.001175 0.00104517 0.000616575 0.000508552 0.000322563 0.000346601 0.000263628 0.000236619 0.000140782 0.00016897 0.000124634 0.000158753 0.000178191 0.000139858 0.000115341 0.000126192 9.5028e-005 0.000119082 6.87631e-005 
0.988756 0.990204 0.990879 0.991289 0.991775 0.991921 0.991992 0.9922 0.992195 0.992134 0.991809 0.991459 0.990932 0.990435 0.990226 0.989981 0.98993 0.989852 0.989866 0.989836 
0.00212244 0.00101221 0.000898093 0.000529925 0.000441822 0.000277338 0.000299722 0.000226418 0.000204084 0.000120809 0.000146133 0.000107891 0.000136778 0.000153891 0.000120767 9.96529e-005 0.000109138 8.23986e-005 0.000102874 5.93111e-005 
0.19485 0.19345 0.19075 0.1918 0.1932 0.19445 0.19215 0.19215 0.1923 0.19415 0.19745 0.19745 0.197 0.1979 0.1946 0.1952 0.19495 0.1949 0.19445 0.19455 
0.00766339 0.00529599 0.00227761 0.00368239 0.00511468 0.00700339 0.0026884 0.00297111 0.00324191 0.00396579 0.00677108 0.0040184 0.00413521 0.00651844 0.00292233 0.00505569 0.0050742 0.00389744 0.00481118 0.00513298 
0.000846725 0.00143334 0.00257975 0.0047751 0.0080028 0.014312 0.0258288 0.0459054 0.0869723 0.16108 0.285276 0.453601 0.619773 0.765705 0.863037 0.926826 0.962182 0.980667 0.990165 0.995088 
9.37583e-005 0.000105604 0.000303018 0.000449586 0.000834619 0.00111562 0.00351322 0.00527398 0.00713556 0.0131345 0.0128101 0.0117143 0.00871159 0.00397965 0.00248901 0.00149362 0.000962302 0.000508353 0.000416907 0.000208014 
0.96664 0.973197 0.979878 0.982148 0.984193 0.985062 0.986634 0.986472 0.987239 0.987582 0.987737 0.987964 0.988042 0.988082 0.988199 0.988162 0.988219 0.988194 0.988249 0.988222 
0.00425784 0.00411172 0.00219005 0.00282287 0.00173373 0.00144516 0.000934348 0.000781769 0.000586935 0.000423112 0.000258111 0.000208955 0.000195367 0.000127748 0.000132516 0.00013186 0.000138272 8.07383e-005 0.000122619 6.95675e-005 
0.971281 0.976869 0.982627 0.984568 0.986341 0.987091 0.988448 0.988307 0.988965 0.989263 0.989396 0.989593 0.989659 0.989694 0.989795 0.989763 0.989812 0.989791 0.989839 0.989815 
0.0036997 0.00351382 0.00188024 0.00243426 0.00148889 0.00124059 0.000805455 0.000673562 0.000505475 0.000364989 0.000222189 0.000180527 0.0001686 0.000110022 0.000114486 0.000113965 0.000119652 7.01513e-005 0.000105871 6.00944e-005 
0.19855 0.1963 0.1943 0.1972 0.19775 0.1994 0.19745 0.1958 0.1971 0.19755 0.20015 0.19995 0.2003 0.2018 0.1979 0.1997 0.1997 0.1979 0.19875 0.19855 
0.00775548 0.00288271 0.0021 0.00318748 0.00684014 0.00741215 0.00348533 0.00256125 0.00368646 0.00475894 0.00719913 0.00281913 0.00405093 0.00804114 0.00266271 0.005001 0.00576281 0.00326956 0.00594874 0.00368069 
1 1 1 1 1 1 1 1 1 1 1 1 1 1 1 1 1 1 1 1 
0 0 0 0 0 0 0 0 0 0 0 0 0 0 0 0 0 0 0 0 
0.992552 0.992552 0.992552 0.992552 0.992552 0.992552 0.992552 0.992552 0.992552 0.992552 0.992552 0.992552 0.992552 0.992552 0.992552 0.992552 0.992552 0.992552 0.992552 0.992552 
7.78393e-005 7.78393e-005 7.78393e-005 7.78393e-005 7.78393e-005 7.78393e-005 7.78393e-005 7.78393e-005 7.78393e-005 7.78393e-005 7.78393e-005 7.78393e-005 7.78393e-005 7.78393e-005 7.78393e-005 7.78393e-005 7.78393e-005 7.78393e-005 7.78393e-005 7.78393e-005 
0.993539 0.993539 0.993539 0.993539 0.993539 0.993539 0.993539 0.993539 0.993539 0.993539 0.993539 0.993539 0.993539 0.993539 0.993539 0.993539 0.993539 0.993539 0.993539 0.993539 
6.81162e-005 6.81162e-005 6.81162e-005 6.81162e-005 6.81162e-005 6.81162e-005 6.81162e-005 6.81162e-005 6.81162e-005 6.81162e-005 6.81162e-005 6.81162e-005 6.81162e-005 6.81162e-005 6.81162e-005 6.81162e-005 6.81162e-005 6.81162e-005 6.81162e-005 6.81162e-005 
0.19615 0.19615 0.19615 0.19615 0.19615 0.19615 0.19615 0.19615 0.19615 0.19615 0.19615 0.19615 0.19615 0.19615 0.19615 0.19615 0.19615 0.19615 0.19615 0.19615 
0.00774129 0.00774129 0.00774129 0.00774129 0.00774129 0.00774129 0.00774129 0.00774129 0.00774129 0.00774129 0.00774129 0.00774129 0.00774129 0.00774129 0.00774129 0.00774129 0.00774129 0.00774129 0.00774129 0.00774129 
0.00133679 0.00224484 0.00375025 0.00647098 0.011708 0.0216119 0.0381378 0.0699643 0.124676 0.209154 0.332198 0.49032 0.650691 0.783502 0.877106 0.933549 0.965552 0.982626 0.991126 0.99555 
5.64365e-005 6.57851e-005 0.000163484 0.000216734 0.000507182 0.000703798 0.00149953 0.00270446 0.00392854 0.00422793 0.00639688 0.00661122 0.00386586 0.00204524 0.00119404 0.00107813 0.000554108 0.000285363 0.000171688 0.000125003 
0.987182 0.989378 0.990536 0.991273 0.991777 0.992003 0.992237 0.992346 0.992394 0.992458 0.992514 0.992516 0.992509 0.99252 0.992495 0.992529 0.992512 0.992484 0.992511 0.99248 
0.00104983 0.00158492 0.000674008 0.000294102 0.000198807 0.00013047 0.000100386 0.000115349 9.94033e-005 7.70239e-005 7.15407e-005 7.68196e-005 7.31163e-005 8.25504e-005 0.000102476 4.90897e-005 8.33724e-005 5.97093e-005 6.68834e-005 9.20112e-005 
0.988902 0.990799 0.991795 0.992426 0.992866 0.99306 0.993265 0.993358 0.993399 0.993456 0.993505 0.993506 0.993501 0.99351 0.993489 0.993519 0.993504 0.993479 0.993502 0.993476 
0.000907693 0.00138655 0.000584943 0.000258746 0.000174317 0.000115757 8.81798e-005 0.00010117 8.73224e-005 6.71292e-005 6.25682e-005 6.73234e-005 6.41737e-005 7.2443e-005 8.95992e-005 4.30153e-005 7.30651e-005 5.22902e-005 5.87381e-005 8.05801e-005 
0.2089 0.20525 0.20585 0.20655 0.20925 0.208 0.20605 0.20705 0.20705 0.2088 0.2104 0.21085 0.2092 0.21015 0.2072 0.20805 0.2072 0.2069 0.20955 0.20685 
0.00679632 0.00351959 0.00295423 0.00481118 0.00808625 0.0066106 0.00315397 0.00500475 0.00304097 0.00623378 0.0063435 0.0047146 0.00302655 0.00698051 0.00305941 0.00416503 0.00547357 0.00223383 0.00728337 0.00435057 
0.00135784 0.00224403 0.00380389 0.00654405 0.0117471 0.0216643 0.0381904 0.0699599 0.124777 0.209103 0.332255 0.490422 0.650994 0.783567 0.876984 0.933386 0.965587 0.982665 0.991115 0.995557 
8.72022e-005 0.000101132 0.000207251 0.000273457 0.000544096 0.00077866 0.00151312 0.0028149 0.0040365 0.00418222 0.00648363 0.00663194 0.00402297 0.00226655 0.00123189 0.00122728 0.000749375 0.000367752 0.000260195 0.000193463 
0.957418 0.962128 0.970966 0.977628 0.983447 0.986688 0.989387 0.990738 0.991393 0.991677 0.991875 0.992162 0.992271 0.992389 0.992432 0.992484 0.992497 0.992469 0.992507 0.992475 
0.00831086 0.00658923 0.00374563 0.00280396 0.00167409 0.000893116 0.000483034 0.000301091 0.000194932 0.000222892 0.000137813 0.000125789 9.1749e-005 9.45976e-005 8.87957e-005 4.37869e-005 8.61453e-005 7.26063e-005 6.7478e-005 8.7277e-005 
0.963211 0.96724 0.975056 0.98074 0.985705 0.988462 0.990786 0.991957 0.992523 0.99277 0.992944 0.993196 0.993292 0.993396 0.993433 0.993479 0.993491 0.993466 0.993499 0.993471 
0.00757582 0.00601462 0.00330561 0.00242585 0.0014496 0.000779096 0.000417838 0.000262319 0.000172326 0.00019605 0.000121602 0.000110136 8.06872e-005 8.34914e-005 7.78922e-005 3.81972e-005 7.55473e-005 6.35776e-005 5.92457e-005 7.64497e-005 
0.21135 0.2115 0.2108 0.21125 0.21265 0.2097 0.2113 0.21185 0.2108 0.215 0.21325 0.21365 0.21385 0.21605 0.21235 0.21225 0.2135 0.21215 0.21355 0.2118 
0.00598561 0.00376165 0.00357211 0.00478409 0.0071713 0.00402616 0.00423202 0.00516018 0.0025807 0.00565685 0.00515631 0.00375866 0.00443029 0.0073449 0.0024955 0.00553963 0.00647688 0.00247538 0.00644574 0.00292575 
1 1 1 1 1 1 1 1 1 1 1 1 1 1 1 1 1 1 1 1 
0 0 0 0 0 0 0 0 0 0 0 0 0 0 0 0 0 0 0 0 
0.991874 0.991874 0.991874 0.991874 0.991874 0.991874 0.991874 0.991874 0.991874 0.991874 0.991874 0.991874 0.991874 0.991874 0.991874 0.991874 0.991874 0.991874 0.991874 0.991874 
0.000124076 0.000124076 0.000124076 0.000124076 0.000124076 0.000124076 0.000124076 0.000124076 0.000124076 0.000124076 0.000124076 0.000124076 0.000124076 0.000124076 0.000124076 0.000124076 0.000124076 0.000124076 0.000124076 0.000124076 
0.992954 0.992954 0.992954 0.992954 0.992954 0.992954 0.992954 0.992954 0.992954 0.992954 0.992954 0.992954 0.992954 0.992954 0.992954 0.992954 0.992954 0.992954 0.992954 0.992954 
0.00010816 0.00010816 0.00010816 0.00010816 0.00010816 0.00010816 0.00010816 0.00010816 0.00010816 0.00010816 0.00010816 0.00010816 0.00010816 0.00010816 0.00010816 0.00010816 0.00010816 0.00010816 0.00010816 0.00010816 
0.2131 0.2131 0.2131 0.2131 0.2131 0.2131 0.2131 0.2131 0.2131 0.2131 0.2131 0.2131 0.2131 0.2131 0.2131 0.2131 0.2131 0.2131 0.2131 0.2131 
0.00323883 0.00323883 0.00323883 0.00323883 0.00323883 0.00323883 0.00323883 0.00323883 0.00323883 0.00323883 0.00323883 0.00323883 0.00323883 0.00323883 0.00323883 0.00323883 0.00323883 0.00323883 0.00323883 0.00323883 
0.00249453 0.00397443 0.00656966 0.0110352 0.0188019 0.0322876 0.0561871 0.0981761 0.171449 0.28251 0.432624 0.600575 0.748836 0.854934 0.921472 0.959086 0.979155 0.989438 0.994672 0.997333 
7.24408e-005 7.82231e-005 6.60229e-005 0.000132284 0.000196961 0.000498306 0.000752217 0.00124157 0.00222919 0.00197715 0.00268534 0.00201455 0.0012894 0.000868764 0.000394936 0.00032121 0.000308268 0.000140378 8.55602e-005 7.70212e-005 
0.984826 0.987591 0.989265 0.990905 0.991568 0.991854 0.99202 0.992176 0.992138 0.992155 0.992132 0.992116 0.992081 0.992058 0.992016 0.991981 0.991911 0.991868 0.991874 0.991825 
0.000746242 0.000622045 0.000645301 0.000389478 0.000194661 0.00017931 0.000123281 0.000107288 0.000108601 9.50868e-005 0.000102181 0.000157485 7.13126e-005 0.000108602 0.000130545 9.3934e-005 0.000111042 0.000114964 0.000151449 0.000124401 
0.986917 0.989285 0.990719 0.992137 0.992707 0.99295 0.99309 0.99322 0.993186 0.993199 0.993179 0.993165 0.993135 0.993114 0.993078 0.993047 0.992987 0.99295 0.992955 0.992912 
0.00063675 0.000538002 0.000564014 0.00033598 0.000167841 0.00015565 0.000106891 9.30718e-005 9.45213e-005 8.26723e-005 8.88251e-005 0.000136943 6.2004e-005 9.46422e-005 0.000113598 8.17311e-005 9.66844e-005 0.000100017 0.000132095 0.000108396 
0.22025 0.221 0.22035 0.22265 0.22305 0.22075 0.2211 0.22285 0.22305 0.22645 0.22795 0.2278 0.22865 0.2313 0.22735 0.2288 0.228 0.22675 0.22865 0.22815 
0.00286138 0.00407431 0.00402834 0.00623117 0.00736529 0.00211837 0.00311288 0.00277984 0.00253919 0.00677108 0.00363971 0.00317175 0.00505247 0.00678307 0.00274363 0.00643894 0.00460435 0.00178536 0.00584187 0.00355352 
0.00251285 0.00393404 0.00662735 0.0110582 0.0188185 0.0323119 0.0563032 0.0980224 0.171554 0.28236 0.432474 0.600437 0.749029 0.854831 0.921454 0.959163 0.97918 0.989459 0.99464 0.997317 
0.000126037 0.000135552 0.000126725 0.000203878 0.000262109 0.000642297 0.000887436 0.0012414 0.00230078 0.00202299 0.0029399 0.00206316 0.00150365 0.00114573 0.000707393 0.000506156 0.000477727 0.000206627 0.000165972 0.000136001 
0.956777 0.961704 0.969023 0.973146 0.976707 0.981761 0.985954 0.988416 0.989444 0.990389 0.991088 0.991528 0.991696 0.991725 0.991805 0.991878 0.991834 0.991821 0.991858 0.991817 
0.00833482 0.00789572 0.0024858 0.0016998 0.00146774 0.000685148 0.000674636 0.000295413 0.000282687 0.000184744 0.000153544 0.000162474 0.000111612 0.000157577 0.000147581 0.000103691 0.000105259 0.00011459 0.000157922 0.000128103 
0.962391 0.966825 0.973418 0.976981 0.980014 0.984308 0.987884 0.989986 0.990858 0.99167 0.992274 0.992655 0.992801 0.992825 0.992894 0.992958 0.99292 0.992908 0.992941 0.992905 
0.00766651 0.00719604 0.00220376 0.00147878 0.00125594 0.000590177 0.000581666 0.000257695 0.000247981 0.000161498 0.000134285 0.000141378 9.70585e-005 0.0001376 0.000128546 9.01602e-005 9.16374e-005 9.96269e-005 0.000137855 0.000111584 
0.22675 0.226 0.22805 0.2286 0.2272 0.2277 0.22745 0.22845 0.22965 0.23425 0.2315 0.2325 0.2343 0.23435 0.2326 0.23505 0.23365 0.2334 0.2357 0.2333 
0.00280847 0.00234521 0.00528654 0.00770325 0.00540925 0.00403856 0.00294066 0.0039048 0.00374533 0.00747579 0.00283725 0.00320156 0.00585747 0.00596049 0.0028178 0.00638338 0.00315079 0.00239583 0.00481768 0.0029 
0.00807496 0.0235928 0.0717103 0.293605 0.563006 0.732919 0.837957 0.908608 0.946749 0.970724 0.983936 0.991926 0.995756 0.997798 0.998902 0.999445 0.999697 0.999842 0.999913 0.999941 
0.00209399 0.0117038 0.0231027 0.0438785 0.0219939 0.0124117 0.00859993 0.00368777 0.00202011 0.00130941 0.000792942 0.000561707 0.000371458 0.000182103 9.82157e-005 4.55868e-005 4.00306e-005 2.25306e-005 1.35316e-005 1.65747e-005 
0.990953 0.99233 0.993421 0.993324 0.993333 0.99331 0.993234 0.993073 0.992953 0.992893 0.992856 0.992837 0.992848 0.992823 0.992813 0.992824 0.992805 0.992799 0.992816 0.992844 
0.000547272 0.000454688 0.00033561 0.000242169 0.00015599 0.000129409 0.000147787 0.000105845 9.95104e-005 8.28201e-005 9.51697e-005 7.20938e-005 6.90545e-005 0.00010273 6.69712e-005 8.01698e-005 7.13845e-005 6.85139e-005 6.7149e-005 8.7847e-005 
0.992156 0.993355 0.994304 0.994223 0.994234 0.994215 0.99415 0.994012 0.993909 0.993857 0.993825 0.993808 0.993818 0.993796 0.993788 0.993797 0.993781 0.993775 0.99379 0.993814 
0.000474302 0.000395591 0.000290007 0.000208926 0.000134871 0.000111632 0.000127601 9.13837e-005 8.59505e-005 7.15641e-005 8.22625e-005 6.23216e-005 5.96843e-005 8.87654e-005 5.78812e-005 6.93038e-005 6.16886e-005 5.9219e-005 5.80255e-005 7.59237e-005 
1.73695 1.7373 1.73715 1.738 1.7357 1.73475 1.73535 1.7362 1.73675 1.7373 1.733 1.7353 1.7368 1.7339 1.73535 1.7356 1.7355 1.7367 1.7342 1.73415 
0.00968233 0.0100752 0.0102043 0.00761577 0.0050705 0.00384545 0.00635039 0.00727049 0.00957536 0.00867237 0.00309839 0.00744379 0.00979081 0.00346266 0.00669533 0.00885099 0.00506458 0.00886623 0.00602993 0.00407768 
1 1 1 1 1 1 1 1 1 1 1 1 1 1 1 1 1 1 1 1 
0 0 0 0 0 0 0 0 0 0 0 0 0 0 0 0 0 0 0 0 
0.996616 0.996616 0.996616 0.996616 0.996616 0.996616 0.996616 0.996616 0.996616 0.996616 0.996616 0.996616 0.996616 0.996616 0.996616 0.996616 0.996616 0.996616 0.996616 0.996616 
0.000204095 0.000204095 0.000204095 0.000204095 0.000204095 0.000204095 0.000204095 0.000204095 0.000204095 0.000204095 0.000204095 0.000204095 0.000204095 0.000204095 0.000204095 0.000204095 0.000204095 0.000204095 0.000204095 0.000204095 
0.997074 0.997074 0.997074 0.997074 0.997074 0.997074 0.997074 0.997074 0.997074 0.997074 0.997074 0.997074 0.997074 0.997074 0.997074 0.997074 0.997074 0.997074 0.997074 0.997074 
0.000176009 0.000176009 0.000176009 0.000176009 0.000176009 0.000176009 0.000176009 0.000176009 0.000176009 0.000176009 0.000176009 0.000176009 0.000176009 0.000176009 0.000176009 0.000176009 0.000176009 0.000176009 0.000176009 0.000176009 
0.1947 0.1947 0.1947 0.1947 0.1947 0.1947 0.1947 0.1947 0.1947 0.1947 0.1947 0.1947 0.1947 0.1947 0.1947 0.1947 0.1947 0.1947 0.1947 0.1947 
0.00674611 0.00674611 0.00674611 0.00674611 0.00674611 0.00674611 0.00674611 0.00674611 0.00674611 0.00674611 0.00674611 0.00674611 0.00674611 0.00674611 0.00674611 0.00674611 0.00674611 0.00674611 0.00674611 0.00674611 
4.80749e-005 6.14346e-005 9.07856e-005 0.000179243 0.000310412 0.00072588 0.00145773 0.00409507 0.00700739 0.0176854 0.0385084 0.128342 0.32578 0.511053 0.692192 0.822067 0.893484 0.943948 0.969708 0.984162 
1.4066e-005 2.50485e-005 1.88292e-005 9.63519e-005 0.000128631 0.000200457 0.000510187 0.00199722 0.00159591 0.00427339 0.00664343 0.0358115 0.020205 0.030704 0.018074 0.0142441 0.0120183 0.00492962 0.00462705 0.00288742 
0.874137 0.917051 0.927828 0.961086 0.965301 0.965166 0.982187 0.974138 0.990418 0.993638 0.995129 0.994261 0.996642 0.996951 0.996854 0.9967 0.996792 0.996771 0.996635 0.996686 
0.112473 0.0574463 0.0615441 0.0146636 0.0223022 0.0282857 0.00776459 0.0555835 0.00300268 0.0018809 0.000551959 0.00840196 0.000242044 0.000151785 0.000156751 0.000221643 0.000237661 0.000228736 0.000256787 0.000261163 
0.878027 0.931864 0.941105 0.966684 0.970263 0.970854 0.984674 0.979762 0.991721 0.994498 0.995785 0.995095 0.997094 0.997362 0.997279 0.997146 0.997225 0.997208 0.99709 0.997134 
0.158821 0.0443948 0.047407 0.0123138 0.0188496 0.0222436 0.00651583 0.0388437 0.00256349 0.0016103 0.000475898 0.0070072 0.000208915 0.000131044 0.000135266 0.000191158 0.000205033 0.000197386 0.000221524 0.000225241 
0.19845 0.1977 0.19715 0.1971 0.1982 0.1966 0.1991 0.20015 0.1969 0.1996 0.19825 0.20465 0.2063 0.20795 0.20825 0.20795 0.20855 0.2079 0.2082 0.20765 
0.0065458 0.00425558 0.00404073 0.00374032 0.00231517 0.00297321 0.00746257 0.00762414 0.0025671 0.00362491 0.00229946 0.00710123 0.00554166 0.00503463 0.00628391 0.0043872 0.00564336 0.00524309 0.0039064 0.00623117 
0.00871309 0.00454191 0.00558741 0.00662037 0.00652715 0.00691145 0.00450527 0.00742195 0.00670599 0.00480759 0.0063974 0.0105301 0.0174792 0.0526707 0.213573 0.503634 0.742463 0.889756 0.954819 0.981929 
0.00631975 0.00320387 0.00419964 0.00308644 0.00489907 0.0050332 0.0023633 0.00939419 0.00453676 0.00191652 0.00278106 0.00332976 0.00456369 0.0144282 0.0454384 0.0244738 0.0189098 0.0101949 0.00691198 0.00303624 
0.929855 0.962609 0.991053 0.968882 0.990461 0.990257 0.990001 0.944179 0.990111 0.991274 0.992282 0.993242 0.995161 0.996051 0.996647 0.996884 0.99685 0.996788 0.996716 0.99674 
0.151429 0.0996557 0.00142396 0.0715261 0.00427659 0.0020993 0.0060909 0.14383 0.00473484 0.00286283 0.00123502 0.00137269 0.000673865 0.000295868 0.000192527 0.00012118 0.000206751 0.000200075 0.000218945 0.000208259 
0.902739 0.954592 0.992209 0.966998 0.991676 0.991509 0.991257 0.918971 0.991387 0.992399 0.993288 0.994129 0.995806 0.996582 0.997098 0.997304 0.997276 0.997222 0.99716 0.997181 
0.238489 0.138373 0.00125108 0.085396 0.00381274 0.00185 0.00547342 0.234328 0.00413396 0.00252862 0.001082 0.00120099 0.000587197 0.000256716 0.000166502 0.000104553 0.000178402 0.000172647 0.000188931 0.000179718 
0.37905 0.3765 0.37595 0.37655 0.3754 0.3765 0.37935 0.37835 0.37595 0.3775 0.3777 0.37865 0.37815 0.38005 0.3838 0.3845 0.38795 0.3856 0.38435 0.38645 
0.0063204 0.0025 0.00198683 0.0028892 0.00257682 0.00442154 0.00857482 0.00717827 0.00251942 0.00377492 0.00523546 0.00655954 0.00208026 0.00529599 0.00588727 0.0021095 0.00697478 0.00504381 0.00193067 0.00724206 
0.00874416 0.00455861 0.00558701 0.00663049 0.00653454 0.00693513 0.00453149 0.00745039 0.00677076 0.00483815 0.00641623 0.0105558 0.0175266 0.0525996 0.213519 0.50385 0.742197 0.889785 0.954851 0.981936 
0.00634857 0.00321434 0.00418187 0.00306467 0.00490734 0.00502509 0.00236503 0.0093923 0.00458042 0.00196333 0.0028245 0.00335186 0.00461574 0.0143923 0.0455718 0.0242549 0.0188623 0.0101095 0.00677182 0.00301376 
0.981327 0.969258 0.964054 0.979134 0.980977 0.980744 0.971888 0.973598 0.973852 0.980954 0.978803 0.982794 0.986953 0.991252 0.995012 0.996207 0.99598 0.996497 0.996316 0.996087 
0.00945037 0.034157 0.0499443 0.0120796 0.0104308 0.00890369 0.0307925 0.0225499 0.0230289 0.00844518 0.0116949 0.00600126 0.00476992 0.00313695 0.000879457 0.000399485 0.00217779 0.000372544 0.00102654 0.00181162 
0.984008 0.974617 0.971041 0.982211 0.983734 0.983517 0.976689 0.977742 0.977994 0.983668 0.981926 0.985242 0.988778 0.992454 0.995689 0.996721 0.996529 0.996972 0.996815 0.996621 
0.00793977 0.0260346 0.0353949 0.0100357 0.0086434 0.00744436 0.0232871 0.0178044 0.0182534 0.00710607 0.00961263 0.0050481 0.0040431 0.0026769 0.000756885 0.000344406 0.00186177 0.000321178 0.000882204 0.00155312 
0.20445 0.2029 0.20275 0.20345 0.20445 0.2051 0.20505 0.2035 0.2046 0.2045 0.2043 0.2051 0.2027 0.20505 0.20835 0.2141 0.2176 0.21545 0.21525 0.21805 
0.00610307 0.0023 0.00209464 0.00281913 0.00373464 0.00651844 0.00803415 0.00305778 0.00418808 0.00421307 0.00595903 0.00542125 0.00334813 0.00514271 0.00617475 0.00393573 0.00604483 0.00297447 0.00240572 0.00761233 
0 0 0 0 0 0 0 0 0 0 0 0 0 0 0 0 0 0 0 0 
0 0 0 0 0 0 0 0 0 0 0 0 0 0 0 0 0 0 0 0 
0 0 0 0 0 0 0 0 0 0 0 0 0 0 0 0 0 0 0 0 
0 0 0 0 0 0 0 0 0 0 0 0 0 0 0 0 0 0 0 0 
0 0 0 0 0 0 0 0 0 0 0 0 0 0 0 0 0 0 0 0 
0 0 0 0 0 0 0 0 0 0 0 0 0 0 0 0 0 0 0 0 
0 0 0 0 0 0 0 0 0 0 0 0 0 0 0 0 0 0 0 0 
0 0 0 0 0 0 0 0 0 0 0 0 0 0 0 0 0 0 0 0 
