1 1 1 1 1 1 1 1 1 1 1 1 1 1 1 1 1 1 1 1 
0 0 0 0 0 0 0 0 0 0 0 0 0 0 0 0 0 0 0 0 
0.977255 0.977255 0.977255 0.977255 0.977255 0.977255 0.977255 0.977255 0.977255 0.977255 0.977255 0.977255 0.977255 0.977255 0.977255 0.977255 0.977255 0.977255 0.977255 0.977255 
0.00132324 0.00132324 0.00132324 0.00132324 0.00132324 0.00132324 0.00132324 0.00132324 0.00132324 0.00132324 0.00132324 0.00132324 0.00132324 0.00132324 0.00132324 0.00132324 0.00132324 0.00132324 0.00132324 0.00132324 
0.712557 0.712557 0.712557 0.712557 0.712557 0.712557 0.712557 0.712557 0.712557 0.712557 0.712557 0.712557 0.712557 0.712557 0.712557 0.712557 0.712557 0.712557 0.712557 0.712557 
0.0167937 0.0167937 0.0167937 0.0167937 0.0167937 0.0167937 0.0167937 0.0167937 0.0167937 0.0167937 0.0167937 0.0167937 0.0167937 0.0167937 0.0167937 0.0167937 0.0167937 0.0167937 0.0167937 0.0167937 
0.0041 0.0041 0.0041 0.0041 0.0041 0.0041 0.0041 0.0041 0.0041 0.0041 0.0041 0.0041 0.0041 0.0041 0.0041 0.0041 0.0041 0.0041 0.0041 0.0041 
0.0006245 0.0006245 0.0006245 0.0006245 0.0006245 0.0006245 0.0006245 0.0006245 0.0006245 0.0006245 0.0006245 0.0006245 0.0006245 0.0006245 0.0006245 0.0006245 0.0006245 0.0006245 0.0006245 0.0006245 
0.0011575 0.002525 0.00449 0.010175 0.01718 0.032785 0.059725 0.098205 0.16593 0.286185 0.43763 0.58851 0.744593 0.84711 0.917245 0.961625 0.9778 0.989162 0.99441 0.99727 
0.000160682 0.000125 0.000432319 0.000259567 0.000514393 0.00114292 0.000975 0.00478314 0.00169148 0.00586509 0.00524191 0.00205418 0.00614401 0.00215555 0.00185451 0.000325 0.00174284 0.000119242 0.000538888 0.000149499 
0.95947 0.958875 0.95964 0.9584 0.95731 0.962873 0.970175 0.974565 0.976975 0.976937 0.97992 0.977025 0.978253 0.97699 0.9766 0.977375 0.977068 0.976502 0.97644 0.977385 
0.00105421 0.000825 0.000956243 0.00104187 0.00225353 0.00170891 0.001625 0.00124771 0.000248747 0.00145918 0.000269444 0.000657172 0.000678689 4.89898e-005 0.000410792 2.5e-005 0.000327977 7.15454e-005 0.000318434 0.000772027 
0.00952469 0.00242668 0.00689824 0.0273309 0.188498 0.367913 0.538781 0.643252 0.680771 0.695332 0.734231 0.704768 0.720988 0.707734 0.703025 0.713335 0.709393 0.702931 0.702449 0.714259 
0.00422532 4.85631e-005 0.00146951 0.0250215 0.0740114 0.0424703 0.0313413 0.0217602 0.00234624 0.0164349 0.00467794 0.00774484 0.00777075 0.000985475 0.00530147 0.000589165 0.00421004 0.000636178 0.00411421 0.00974685 
0.00475 0.0047 0.00455 0.0043 0.00485 0.00425 0.0044 0.00445 0.0045 0.0044 0.00435 0.0044 0.0042 0.0041 0.00445 0.00415 0.00465 0.0044 0.00425 0.0045 
0.000433013 0.000556776 0.000589491 0.000458258 0.000357071 0.000433013 0.000489898 0.000497494 0.0005 0.000489898 0.00047697 0.000489898 0.0004 0.0003 0.000497494 0.000357071 0.00047697 0.000489898 0.000433013 0.0005 
0.00105 0.0026 0.00457 0.00988 0.01634 0.0326225 0.060225 0.0957375 0.161405 0.282723 0.43545 0.585145 0.746082 0.84482 0.918438 0.96365 0.977632 0.989205 0.9945 0.99766 
0.00025 5e-005 0.000649692 0.000406325 0.000171464 0.00110742 0.003275 0.00646649 0.00492519 0.00740708 0.00232702 0.00338862 0.0106475 0.00553585 0.0022331 0.00075 0.0025505 0.000333879 0.000857321 0.00018 
0.927035 0.892575 0.92813 0.911252 0.94176 0.943958 0.9551 0.963665 0.967315 0.96971 0.97526 0.974222 0.975593 0.97558 0.97706 0.977325 0.97652 0.976523 0.97682 0.977417 
0.0189872 0.033475 0.0167295 0.00487013 0.00139621 0.00513377 0.00045 0.000392779 0.00184073 0.00199447 0.000440908 0.000395119 0.000695391 0.000587878 0.000284429 0.000125 0.000391918 0.000643909 0.000146969 0.000791719 
0.0706686 0.100005 0.113338 0.125741 0.137186 0.21501 0.43212 0.529983 0.588902 0.631839 0.678976 0.669436 0.689766 0.691161 0.709768 0.713787 0.702611 0.703063 0.707176 0.714784 
0.0187753 0.0307788 0.0179646 0.0287382 0.0325705 0.0168929 0.0554879 0.0209376 0.00778203 0.0178495 0.00348662 0.0041774 0.00852711 0.00875773 0.00354786 0.00202937 0.00521689 0.00770377 0.00167582 0.0100667 
0.00455 0.00485 0.0047 0.0044 0.00485 0.00475 0.0044 0.00425 0.00425 0.0044 0.00425 0.00435 0.0042 0.00425 0.0042 0.00435 0.0048 0.0045 0.0044 0.0043 
0.000497494 0.000357071 0.000556776 0.000583095 0.000357071 0.000433013 0.000489898 0.000433013 0.000433013 0.000489898 0.000433013 0.00047697 0.0004 0.000433013 0.0004 0.00047697 0.0004 0.0005 0.000489898 0.000458258 
1 1 1 1 1 1 1 1 1 1 1 1 1 1 1 1 1 1 1 1 
0 0 0 0 0 0 0 0 0 0 0 0 0 0 0 0 0 0 0 0 
0.981115 0.981115 0.981115 0.981115 0.981115 0.981115 0.981115 0.981115 0.981115 0.981115 0.981115 0.981115 0.981115 0.981115 0.981115 0.981115 0.981115 0.981115 0.981115 0.981115 
0.000527518 0.000527518 0.000527518 0.000527518 0.000527518 0.000527518 0.000527518 0.000527518 0.000527518 0.000527518 0.000527518 0.000527518 0.000527518 0.000527518 0.000527518 0.000527518 0.000527518 0.000527518 0.000527518 0.000527518 
0.756913 0.756913 0.756913 0.756913 0.756913 0.756913 0.756913 0.756913 0.756913 0.756913 0.756913 0.756913 0.756913 0.756913 0.756913 0.756913 0.756913 0.756913 0.756913 0.756913 
0.00698236 0.00698236 0.00698236 0.00698236 0.00698236 0.00698236 0.00698236 0.00698236 0.00698236 0.00698236 0.00698236 0.00698236 0.00698236 0.00698236 0.00698236 0.00698236 0.00698236 0.00698236 0.00698236 0.00698236 
0.00415 0.00415 0.00415 0.00415 0.00415 0.00415 0.00415 0.00415 0.00415 0.00415 0.00415 0.00415 0.00415 0.00415 0.00415 0.00415 0.00415 0.00415 0.00415 0.00415 
0.000653835 0.000653835 0.000653835 0.000653835 0.000653835 0.000653835 0.000653835 0.000653835 0.000653835 0.000653835 0.000653835 0.000653835 0.000653835 0.000653835 0.000653835 0.000653835 0.000653835 0.000653835 0.000653835 0.000653835 
0.000925 0.00165 0.003365 0.0070825 0.01217 0.0223 0.038725 0.0656 0.10374 0.176333 0.28118 0.425418 0.590175 0.73153 0.844895 0.9175 0.954458 0.977875 0.98833 0.99415 
0.000143614 5e-005 0.000170367 0.000328358 0.000832827 0.00105925 2.5e-005 0.000959427 0.00159198 0.00245368 0.00124924 0.00173848 0.00684793 0.00487448 0.001277 0.00065 0.00164646 6.98212e-005 0.000759342 0.00032596 
0.948232 0.946425 0.948895 0.952277 0.95973 0.96616 0.9728 0.974875 0.9806 0.9823 0.98269 0.982152 0.98121 0.98178 0.981345 0.981075 0.980933 0.98063 0.98088 0.98012 
0.0243555 0.009775 0.00518577 0.00405843 0.000710352 0.0032231 0.00375 0.00334199 0.000497494 0.000821584 0.000416413 0.000606316 0.000759704 0.000587878 0.000415602 0.000125 0.00011099 0.000276767 0.00112677 0.000482804 
0.0217543 0.0242708 0.0188362 0.0553373 0.243775 0.443559 0.583311 0.627704 0.730943 0.761661 0.766205 0.764976 0.754288 0.764029 0.758637 0.755727 0.753896 0.751581 0.752789 0.743792 
0.0147833 0.00633361 0.00902029 0.0463233 0.00117247 0.110839 0.0978581 0.0669203 0.00708619 0.00779285 0.00676974 0.00862308 0.00933624 0.00613345 0.00534035 0.00169225 0.00154937 0.00267246 0.0144087 0.00701421 
0.0045 0.0045 0.0046 0.0043 0.00495 0.00425 0.00445 0.00425 0.0042 0.00435 0.00435 0.0043 0.0043 0.0044 0.00415 0.0041 0.00475 0.00415 0.0042 0.0043 
0.0005 0.0005 0.000489898 0.000458258 0.000217945 0.000433013 0.000497494 0.000433013 0.0004 0.00047697 0.00047697 0.000458258 0.000458258 0.000489898 0.000357071 0.0003 0.000433013 0.000357071 0.0004 0.000458258 
0.000805 0.001425 0.003395 0.0072325 0.0117 0.0222175 0.039 0.0637 0.09976 0.174188 0.27725 0.423422 0.59027 0.72925 0.845975 0.91945 0.954533 0.978538 0.98814 0.994223 
0.000330492 0.000125 0.000385649 0.000547557 0.000857321 0.000893207 0.00105 0.00146646 0.00288546 0.00443373 0.000857321 0.0017666 0.00919245 0.00881816 0.00211379 0.0002 0.00290247 0.000141311 0.0014207 0.000561132 
0.86947 0.927975 0.932815 0.915195 0.94336 0.949032 0.953825 0.961358 0.96516 0.97317 0.97612 0.977282 0.978738 0.98004 0.980255 0.980725 0.980853 0.980463 0.98057 0.980198 
0.0295775 0.004575 0.014727 0.0096968 0.00188611 0.00304833 0.002075 0.00134437 0.00407945 4.84768e-005 0.00186161 0.000401022 0.00105391 0.00102879 0.000561449 2.5e-005 0.000294735 0.000357727 0.000832827 0.000414269 
0.0689195 0.0389239 0.0307296 0.0572236 0.0647832 0.225315 0.291786 0.444202 0.523703 0.632444 0.684789 0.701174 0.72268 0.741743 0.746191 0.750564 0.753332 0.749456 0.749128 0.744512 
0.0109875 0.00365945 0.024069 0.0037954 0.0121185 0.0335287 0.0695639 0.0364873 0.0701362 0.0114338 0.0265268 0.00548407 0.0116147 0.0128313 0.00652786 0.000888402 0.00433695 0.00405665 0.0107531 0.00589403 
0.0045 0.00475 0.0046 0.00445 0.00495 0.0044 0.00445 0.0045 0.0044 0.00445 0.0043 0.00435 0.00445 0.0043 0.0045 0.0046 0.0048 0.0045 0.0042 0.0044 
0.0005 0.000433013 0.000583095 0.000497494 0.000384057 0.000489898 0.000497494 0.0005 0.000489898 0.000497494 0.000458258 0.00047697 0.000497494 0.000458258 0.0005 0.000489898 0.0004 0.0005 0.0004 0.000489898 
1 1 1 1 1 1 1 1 1 1 1 1 1 1 1 1 1 1 1 1 
0 0 0 0 0 0 0 0 0 0 0 0 0 0 0 0 0 0 0 0 
0.986605 0.986605 0.986605 0.986605 0.986605 0.986605 0.986605 0.986605 0.986605 0.986605 0.986605 0.986605 0.986605 0.986605 0.986605 0.986605 0.986605 0.986605 0.986605 0.986605 
0.000450527 0.000450527 0.000450527 0.000450527 0.000450527 0.000450527 0.000450527 0.000450527 0.000450527 0.000450527 0.000450527 0.000450527 0.000450527 0.000450527 0.000450527 0.000450527 0.000450527 0.000450527 0.000450527 0.000450527 
0.816248 0.816248 0.816248 0.816248 0.816248 0.816248 0.816248 0.816248 0.816248 0.816248 0.816248 0.816248 0.816248 0.816248 0.816248 0.816248 0.816248 0.816248 0.816248 0.816248 
0.00730759 0.00730759 0.00730759 0.00730759 0.00730759 0.00730759 0.00730759 0.00730759 0.00730759 0.00730759 0.00730759 0.00730759 0.00730759 0.00730759 0.00730759 0.00730759 0.00730759 0.00730759 0.00730759 0.00730759 
0.00445 0.00445 0.00445 0.00445 0.00445 0.00445 0.00445 0.00445 0.00445 0.00445 0.00445 0.00445 0.00445 0.00445 0.00445 0.00445 0.00445 0.00445 0.00445 0.00445 
0.000497494 0.000497494 0.000497494 0.000497494 0.000497494 0.000497494 0.000497494 0.000497494 0.000497494 0.000497494 0.000497494 0.000497494 0.000497494 0.000497494 0.000497494 0.000497494 0.000497494 0.000497494 0.000497494 0.000497494 
0.00095 0.00175 0.00364 0.0073975 0.0127 0.0244075 0.03955 0.06908 0.110823 0.184945 0.29503 0.439985 0.606683 0.74552 0.85509 0.92365 0.958253 0.97939 0.98955 0.994712 
0.000122474 0.0001 0.000401746 0.000259555 0.000122474 0.000227088 0.00085 0.00104933 0.00151736 0.00272644 0.00357626 0.00539917 0.00320181 0.0038212 0.00122725 0.00035 0.00211781 0.000190788 0.000979796 0.000221853 
0.9605 0.9605 0.95502 0.954783 0.96064 0.962835 0.971725 0.976977 0.9824 0.984645 0.98519 0.98614 0.985943 0.98654 0.98585 0.986325 0.986327 0.98582 0.98618 0.985903 
1.11022e-016 1.11022e-016 0.00804541 0.00739906 4.89898e-005 0.00123299 0.005575 0.00334113 2.22045e-016 0.000107121 0.000416413 0.000233238 0.000186598 0.000171464 0.000505717 0.000175 0.000397327 9.79796e-005 0.000514393 0.00037198 
0 0 0.00631981 0.0151982 0.0326335 0.227527 0.50382 0.630475 0.745835 0.782259 0.791251 0.806045 0.806515 0.815698 0.805144 0.811701 0.811456 0.80642 0.810024 0.805004 
0 0 0.0077482 0.0125877 0.0276587 0.0519566 0.164308 0.0754951 0.00182857 0.0015748 0.00622507 0.00320689 0.00306668 0.00339038 0.00854996 0.0026041 0.00511683 0.00217053 0.00661748 0.00497774 
0.00495 0.005 0.005 0.0049 0.0051 0.0049 0.0048 0.00475 0.00475 0.00465 0.0049 0.00495 0.00465 0.00465 0.00495 0.00475 0.00505 0.0048 0.00485 0.00485 
0.000384057 0.000447214 0.000707107 0.00043589 0.0003 0.00043589 0.0004 0.00053619 0.00053619 0.00047697 0.000538516 0.000217945 0.00047697 0.00047697 0.000589491 0.00053619 0.000384057 0.0006 0.000357071 0.00047697 
0.000805 0.00155 0.00364 0.00751 0.01212 0.0240625 0.039825 0.066425 0.106663 0.183138 0.2917 0.436745 0.607955 0.74381 0.856097 0.92515 0.958193 0.980035 0.98938 0.994747 
0.000330492 0.0002 0.000645291 0.000399875 0.000220454 0.000192922 0.001875 0.00145478 0.00261184 0.00490948 0.00379671 0.00547604 0.00606766 0.007177 0.00179517 0.0006 0.00373414 2.78388e-005 0.00161666 0.000504845 
0.88911 0.9403 0.9519 0.953557 0.95091 0.959335 0.961625 0.966977 0.971058 0.977618 0.98061 0.983092 0.98389 0.98511 0.985195 0.9857 0.986218 0.985795 0.98626 0.98603 
0.055781 0.00695 0.00225 0.00313206 0.00531539 0.00125649 0.001925 0.00151025 0.00231335 0.000216953 0.000195959 0.000388997 0.000259133 0.000318434 0.000600187 1.11022e-016 0.000437114 0.000130288 0.000416413 0.000305941 
0.0660282 0.0290059 0.0100348 0.0502868 0.0466399 0.136534 0.216896 0.399571 0.522494 0.662123 0.717585 0.759962 0.775905 0.794669 0.795572 0.802211 0.810225 0.80584 0.810968 0.806684 
0.032094 0.0140666 0.00559028 0.0200764 0.000267573 0.0697553 0.112451 0.0512992 0.0593349 0.00714706 0.0054522 0.002882 0.00193722 0.005693 0.0096055 0.000547133 0.00618189 0.00252548 0.00514965 0.00374909 
0.0052 0.0052 0.005 0.00485 0.00545 0.00515 0.0049 0.00465 0.00495 0.0049 0.0049 0.00485 0.00505 0.0052 0.00485 0.00485 0.00545 0.0049 0.0047 0.00495 
0.000509902 0.0004 0.000447214 0.000572276 0.000497494 0.000572276 0.00043589 0.00047697 0.000384057 0.000538516 0.00043589 0.00047697 0.000497494 0.000509902 0.000357071 0.000357071 0.000497494 0.000538516 0.000458258 0.000384057 
1 1 1 1 1 1 1 1 1 1 1 1 1 1 1 1 1 1 1 1 
0 0 0 0 0 0 0 0 0 0 0 0 0 0 0 0 0 0 0 0 
0.98488 0.98488 0.98488 0.98488 0.98488 0.98488 0.98488 0.98488 0.98488 0.98488 0.98488 0.98488 0.98488 0.98488 0.98488 0.98488 0.98488 0.98488 0.98488 0.98488 
0.000762791 0.000762791 0.000762791 0.000762791 0.000762791 0.000762791 0.000762791 0.000762791 0.000762791 0.000762791 0.000762791 0.000762791 0.000762791 0.000762791 0.000762791 0.000762791 0.000762791 0.000762791 0.000762791 0.000762791 
0.777431 0.777431 0.777431 0.777431 0.777431 0.777431 0.777431 0.777431 0.777431 0.777431 0.777431 0.777431 0.777431 0.777431 0.777431 0.777431 0.777431 0.777431 0.777431 0.777431 
0.0137505 0.0137505 0.0137505 0.0137505 0.0137505 0.0137505 0.0137505 0.0137505 0.0137505 0.0137505 0.0137505 0.0137505 0.0137505 0.0137505 0.0137505 0.0137505 0.0137505 0.0137505 0.0137505 0.0137505 
0.00505 0.00505 0.00505 0.00505 0.00505 0.00505 0.00505 0.00505 0.00505 0.00505 0.00505 0.00505 0.00505 0.00505 0.00505 0.00505 0.00505 0.00505 0.00505 0.00505 
0.000384057 0.000384057 0.000384057 0.000384057 0.000384057 0.000384057 0.000384057 0.000384057 0.000384057 0.000384057 0.000384057 0.000384057 0.000384057 0.000384057 0.000384057 0.000384057 0.000384057 0.000384057 0.000384057 0.000384057 
0.0013125 0.002375 0.004285 0.00894 0.01648 0.0328975 0.068055 0.111288 0.180985 0.288598 0.424942 0.584812 0.734175 0.83915 0.913765 0.957025 0.975778 0.988698 0.99435 0.997122 
6.86932e-005 2.5e-005 0.000488902 0.000117898 2.44949e-005 0.000344411 0.00259509 0.00159349 0.0036317 0.00368135 0.00253388 0.00249499 0.00349298 0.00232702 0.00129007 0.000425 0.00215983 0.000450964 0.000489898 0.000173548 
0.9605 0.9605 0.95867 0.96032 0.96044 0.960908 0.97219 0.976313 0.981302 0.983735 0.98377 0.98356 0.984467 0.98489 0.98446 0.985 0.98467 0.984452 0.98478 0.984598 
1.11022e-016 1.11022e-016 0.00279537 0.000276767 4.89898e-005 0.00020753 0.00505313 0.0020158 0.000273622 0.000609118 0.000709295 0.000198494 0.000340322 7.34847e-005 0.000346627 0.00015 0.000398246 0.000400461 0.000146969 0.000222191 
0 0 0.000656455 0.000998795 0 0.0280988 0.481114 0.604323 0.711719 0.757843 0.757702 0.754895 0.772044 0.777751 0.771098 0.779553 0.773903 0.770678 0.774582 0.773651 
0 0 0.00100275 0.00122331 0 0.0135681 0.152687 0.0428337 0.00610546 0.0119335 0.0123993 0.00493191 0.00553857 0.0010768 0.00682513 0.00350005 0.00718139 0.00747382 0.00250527 0.00396902 
0.0054 0.00575 0.00555 0.0053 0.0057 0.00555 0.00535 0.0053 0.00535 0.00535 0.00535 0.0057 0.00575 0.00555 0.00545 0.00565 0.00575 0.0056 0.00555 0.0054 
0.000583095 0.00053619 0.000497494 0.000556776 0.000458258 0.000497494 0.00047697 0.000458258 0.00047697 0.00047697 0.00047697 0.000458258 0.00053619 0.000497494 0.000497494 0.00047697 0.000433013 0.000489898 0.000497494 0.000489898 
0.001145 0.00245 0.004335 0.009115 0.01585 0.0327125 0.0682175 0.107935 0.175343 0.28513 0.422717 0.58125 0.735927 0.83674 0.91479 0.958875 0.975457 0.988785 0.99441 0.99755 
0.000212662 0.0001 0.000717652 0.000429273 0.000489898 0.000344193 0.00468061 0.00356802 0.00629445 0.0044318 0.00557894 0.00276889 0.00791337 0.00556034 0.00206389 0.000725 0.00294819 0.000584187 0.000783837 0.000159687 
0.93188 0.9571 0.95197 0.954345 0.95667 0.958718 0.961155 0.962547 0.96644 0.974125 0.977325 0.980665 0.98223 0.98364 0.984207 0.9849 0.984482 0.984543 0.9848 0.984598 
0.024481 0.0003 0.00245237 0.00399606 0.00186161 0.000117553 0.00138716 0.00104181 0.00126388 0.00136001 0.00107116 0.000191768 0.00033219 0.000195959 0.000181159 5e-005 0.000355413 0.00039347 0.000122474 0.000222191 
0.0364633 0.00689178 0.00633787 0.0084029 0.0191342 0.00277707 0.063193 0.118805 0.299887 0.538322 0.622103 0.693877 0.727125 0.753313 0.766007 0.777927 0.770527 0.772007 0.774747 0.773651 
0.0222773 0.00454986 0.00148691 0.00156648 0.0136388 0.000857925 0.0560533 0.0515958 0.0628087 0.0429324 0.0297111 0.00438399 0.00659687 0.000323538 0.00461037 0.0022049 0.0059181 0.00686701 0.00189702 0.00396902 
0.0058 0.00585 0.0057 0.00555 0.00595 0.0054 0.0055 0.00555 0.0056 0.00565 0.00565 0.0055 0.00555 0.00565 0.0057 0.00535 0.006 0.0056 0.00575 0.00555 
0.000509902 0.000572276 0.000458258 0.000589491 0.000217945 0.000583095 0.0005 0.000497494 0.000489898 0.00047697 0.00047697 0.0005 0.000497494 0.00047697 0.000458258 0.00047697 0.000547723 0.000583095 0.000433013 0.000497494 
0.0072725 0.014225 0.021305 0.0463875 0.09223 0.178092 0.35098 0.54575 0.709298 0.837367 0.917735 0.95582 0.978572 0.98868 0.994645 0.997225 0.9987 0.999635 0.99958 0.99972 
0.000659067 0.001325 0.00367855 0.000259266 0.000832827 0.0127942 0.00253078 0.00973468 0.0138105 0.00648447 0.00237472 0.00188921 0.000342956 0.000342929 0.000297027 0.000175 0.000131339 5.5e-005 9.79796e-005 4.84768e-005 
0.972023 0.969825 0.972055 0.983988 0.98575 0.986303 0.985608 0.985122 0.984137 0.984012 0.983275 0.9824 0.982542 0.9826 0.982435 0.982675 0.982628 0.982937 0.98297 0.983105 
0.00600969 0.001025 0.00349088 0.000706554 0.000734847 0.000555084 0.000430196 0.000356537 0.00026593 0.000212058 0.000540717 6.7082e-005 0.000363069 0.000244949 0.000282887 0.000175 0.00028039 0.000119242 0.000269444 0.000173853 
0.543939 0.516194 0.50278 0.778037 0.80714 0.816205 0.813053 0.808941 0.797879 0.797169 0.788477 0.778182 0.780022 0.780744 0.778709 0.781594 0.780931 0.784841 0.785492 0.786787 
0.157027 0.0370624 0.106236 0.0117191 0.00743204 0.00714784 0.00519765 0.00444727 0.00368011 0.00281904 0.00726907 0.00115587 0.00484314 0.00322272 0.00355418 0.00227495 0.00368266 0.00169679 0.00319658 0.00216639 
0.02045 0.0203 0.02055 0.0203 0.02095 0.0201 0.0203 0.02015 0.01985 0.0202 0.02005 0.02025 0.0202 0.02005 0.01995 0.02025 0.02045 0.0198 0.0196 0.02015 
0.000739932 0.000640312 0.000589491 0.000640312 0.000384057 0.000538516 0.000640312 0.000357071 0.000357071 0.0004 0.000589491 0.000433013 0.0004 0.000384057 0.000497494 0.000433013 0.000497494 0.0004 0.000489898 0.000572276 
1 1 1 1 1 1 1 1 1 1 1 1 1 1 1 1 1 1 1 1 
0 0 0 0 0 0 0 0 0 0 0 0 0 0 0 0 0 0 0 0 
0.990915 0.990915 0.990915 0.990915 0.990915 0.990915 0.990915 0.990915 0.990915 0.990915 0.990915 0.990915 0.990915 0.990915 0.990915 0.990915 0.990915 0.990915 0.990915 0.990915 
0.000144135 0.000144135 0.000144135 0.000144135 0.000144135 0.000144135 0.000144135 0.000144135 0.000144135 0.000144135 0.000144135 0.000144135 0.000144135 0.000144135 0.000144135 0.000144135 0.000144135 0.000144135 0.000144135 0.000144135 
0.87493 0.87493 0.87493 0.87493 0.87493 0.87493 0.87493 0.87493 0.87493 0.87493 0.87493 0.87493 0.87493 0.87493 0.87493 0.87493 0.87493 0.87493 0.87493 0.87493 
0.00203681 0.00203681 0.00203681 0.00203681 0.00203681 0.00203681 0.00203681 0.00203681 0.00203681 0.00203681 0.00203681 0.00203681 0.00203681 0.00203681 0.00203681 0.00203681 0.00203681 0.00203681 0.00203681 0.00203681 
0.0051 0.0051 0.0051 0.0051 0.0051 0.0051 0.0051 0.0051 0.0051 0.0051 0.0051 0.0051 0.0051 0.0051 0.0051 0.0051 0.0051 0.0051 0.0051 0.0051 
0.00043589 0.00043589 0.00043589 0.00043589 0.00043589 0.00043589 0.00043589 0.00043589 0.00043589 0.00043589 0.00043589 0.00043589 0.00043589 0.00043589 0.00043589 0.00043589 0.00043589 0.00043589 0.00043589 0.00043589 
0.000995 0.001285 0.0032575 0.006435 0.0107 0.018425 0.035015 0.0597275 0.0931525 0.186905 0.26472 0.402805 0.568063 0.733882 0.8436 0.9203 0.955455 0.97492 0.98659 0.994253 
0.000416203 0.000149248 0.000753372 0.000385065 0.000177482 0.000943067 0.00164173 0.00413136 0.00621252 0.0250156 0.00651054 0.00628669 0.00598063 0.00679217 0.00339993 0.00128986 0.00099761 0.00161836 7.34847e-005 0.000499619 
0.968578 0.960162 0.963335 0.975877 0.981718 0.980115 0.986067 0.986775 0.989278 0.990497 0.990772 0.990713 0.991112 0.991015 0.991305 0.990615 0.99124 0.991513 0.99148 0.990627 
0.00893001 0.00037312 0.0044031 0.00574462 0.00181441 0.00379958 0.00309141 0.00268894 0.00157904 0.000808312 0.000179913 0.000327061 0.000190968 0.000274363 0.00037779 0.000387331 9.56556e-005 0.000177394 0.000269444 0.000344411 
0.331376 0.00111524 0.228705 0.672131 0.721264 0.667273 0.79133 0.802705 0.850689 0.868627 0.870166 0.873774 0.876607 0.876525 0.879883 0.869484 0.879522 0.885237 0.88494 0.870304 
0.36635 0.00123295 0.313047 0.0819006 0.037689 0.084162 0.0633642 0.0489152 0.0264204 0.0121272 0.00320638 0.00480224 0.0039757 0.00360308 0.00550117 0.00572942 0.0017359 0.00277689 0.00483684 0.00564173 
0.00485 0.0051 0.00495 0.0047 0.00535 0.00485 0.00465 0.00485 0.00485 0.00485 0.0048 0.0051 0.00505 0.0052 0.0051 0.0052 0.0059 0.0054 0.0052 0.0053 
0.000357071 0.000538516 0.000497494 0.000458258 0.00047697 0.000572276 0.00047697 0.00047697 0.000572276 0.000357071 0.0004 0.0003 0.000217945 0.0004 0.0006245 0.0004 0.00043589 0.000489898 0.0004 0.000458258 
5e-005 5e-005 0.0001375 0.003105 0.0001275 0.0002925 0.00072 0.0027175 0.0050775 0.0117475 0.0201575 0.044235 0.0929 0.231637 0.414457 0.67449 0.847343 0.934445 0.9734 0.991998 
6.77626e-021 6.77626e-021 7.22409e-005 0.0010409 2.48747e-005 5.9739e-005 0.00063824 0.0016338 0.0016979 0.00101753 0.000241493 0.00174908 0.00930713 0.00578915 0.00795469 0.00286031 0.00181234 0.00298893 0.000612372 0.000732372 
0.9605 0.9605 0.684185 0.937768 0.9605 0.9605 0.961352 0.96874 0.97266 0.984547 0.987783 0.99079 0.991695 0.99119 0.99102 0.990713 0.991225 0.991215 0.99145 0.99067 
1.11022e-016 1.11022e-016 0.422078 0.0732227 1.11022e-016 1.11022e-016 0.00371596 0.0123286 0.0148929 0.00590615 0.00198011 0.000759704 0.000469814 0.000124097 0.00026096 5.44862e-005 0.000118849 9.3675e-005 0.000244949 0.000324962 
0 0 0.0227717 0.447285 0 0 0.0305291 0.257429 0.349862 0.76101 0.819933 0.872232 0.884641 0.878276 0.876555 0.871457 0.879282 0.880728 0.884606 0.870922 
0 0 0.0347843 0.12638 0 0 0.133073 0.366823 0.428492 0.135247 0.0362573 0.0117467 0.00735479 0.00100574 0.0040759 0.00144804 0.00220419 0.00121897 0.00469981 0.00525621 
0.0095 0.0093 0.0095 0.0093 0.0096 0.0091 0.00925 0.00895 0.00905 0.0089 0.0091 0.0089 0.00905 0.0093 0.00955 0.00955 0.01015 0.00915 0.00935 0.0093 
0.00067082 0.000714143 0.000591608 0.000640312 0.000489898 0.000538516 0.000433013 0.000384057 0.000497494 0.00043589 0.00043589 0.0003 0.000497494 0.000458258 0.000497494 0.000497494 0.000572276 0.000357071 0.00047697 0.000458258 
2.5e-005 0 0.000135 0.0030625 7.25e-005 0.000305 0.0007375 0.0028175 0.0054225 0.0114325 0.0199875 0.043745 0.092505 0.23149 0.413458 0.67802 0.847952 0.936113 0.973295 0.992303 
2.5e-005 0 7.59934e-005 0.00105568 2.48747e-005 7.39932e-005 0.000690448 0.00201211 0.00243642 0.00135225 0.00091718 0.00129768 0.00890863 0.0053916 0.0105536 0.00328555 0.00170018 0.00324799 0.000382721 0.00119211 
0.164085 0.03945 0.677248 0.881862 0.7402 0.901558 0.92868 0.958095 0.95536 0.959257 0.966332 0.981528 0.98254 0.98736 0.990275 0.990563 0.990808 0.99146 0.99169 0.990645 
0.124635 0 0.199587 0.194209 0.115916 0.0283269 0.0260149 0.00737441 0.0100757 0.0042757 0.00381724 0.00109721 0.00449779 0.00237411 0.000546466 0.000589889 0.000174839 0.000113578 7.34847e-005 0.000290215 
0.0752714 0.0759055 0.0682493 0.0794269 0.0631225 0.0427092 0.0407947 0.117237 0.217081 0.260586 0.281453 0.73604 0.721669 0.814697 0.865426 0.868707 0.8722 0.88411 0.887607 0.870782 
0.000728551 1.38778e-017 0.0147031 0.0346395 0.00405974 0.0180178 0.0631831 0.191764 0.239057 0.0538421 0.127675 0.0300101 0.0875945 0.0443035 0.00979314 0.00866231 0.00303957 0.00228121 0.00231396 0.00519097 
0.00515 0.0052 0.0049 0.00495 0.0055 0.00475 0.00475 0.0048 0.00465 0.00495 0.0049 0.005 0.00505 0.00535 0.0052 0.00555 0.0058 0.0059 0.0057 0.0059 
0.000653835 0.000509902 0.0007 0.000384057 0.0005 0.000622495 0.000433013 0.000509902 0.00047697 0.000384057 0.00043589 0.000316228 0.000497494 0.00047697 0.0004 0.000497494 0.000509902 0.00043589 0.000458258 0.0003 
0 0 0 0 0 0 0 0 0 0 0 0 0 0 0 0 0 0 0 0 
0 0 0 0 0 0 0 0 0 0 0 0 0 0 0 0 0 0 0 0 
0 0 0 0 0 0 0 0 0 0 0 0 0 0 0 0 0 0 0 0 
0 0 0 0 0 0 0 0 0 0 0 0 0 0 0 0 0 0 0 0 
0 0 0 0 0 0 0 0 0 0 0 0 0 0 0 0 0 0 0 0 
0 0 0 0 0 0 0 0 0 0 0 0 0 0 0 0 0 0 0 0 
0 0 0 0 0 0 0 0 0 0 0 0 0 0 0 0 0 0 0 0 
0 0 0 0 0 0 0 0 0 0 0 0 0 0 0 0 0 0 0 0 
