/******************************************/
PAI_C	 Acc	 F1	 Max_F1
1e-005	0.64837	0.786667	0.64837
0.0001	0.64837	0.786667	0.64837
0.001	0.648686	0.786776	0.648686
0.01	0.68428	0.799492	0.68428
0.1	0.715563	0.807665	0.715563
1	0.671399	0.757696	0.715563
10	0.618998	0.706729	0.715563
100	0.6204	0.708	0.715563
1000	0.6204	0.708	0.715563
10000	0.6204	0.708	0.715563
100000	0.6204	0.708	0.715563
/******************************************/
/******************************************/
PAII_C	 Acc	 F1	 Max_F1 
1e-005	0.64837	0.786653	0.64837
0.0001	0.649895	0.7873	0.649895
0.001	0.682492	0.797587	0.682492
0.01	0.715195	0.807464	0.715195
0.1	0.707098	0.794375	0.715195
1	0.641272	0.72833	0.715195
10	0.622387	0.709855	0.715195
100	0.620452	0.708052	0.715195
1000	0.620347	0.707971	0.715195
10000	0.620189	0.707814	0.715195
100000	0.620189	0.707814	0.715195
/******************************************/
/******************************************/
r	 eta	 acc	 f1	 max_F1
1e-005	1e-005	0.663775	0.785496	0.663775
1e-005	0.0001	0.663775	0.785496	0.663775
1e-005	0.001	0.705289	0.809098	0.705289
1e-005	0.01	0.732965	0.824832	0.732965
1e-005	0.1	0.732965	0.824832	0.732965
1e-005	1	0.732965	0.824832	0.732965
1e-005	10	0.726562	0.81626	0.732965
1e-005	100	0.722292	0.810545	0.732965
1e-005	1000	0.722292	0.810545	0.732965
1e-005	10000	0.725499	0.814444	0.732965
1e-005	100000	0.758233	0.834942	0.758233
0.0001	1e-005	0.729968	0.812226	0.758233
0.0001	0.0001	0.729968	0.812226	0.758233
0.0001	0.001	0.729968	0.812226	0.758233
0.0001	0.01	0.722421	0.814092	0.758233
0.0001	0.1	0.716246	0.81562	0.758233
0.0001	1	0.716246	0.81562	0.758233
0.0001	10	0.716246	0.81562	0.758233
0.0001	100	0.729748	0.81329	0.758233
0.0001	1000	0.732492	0.813079	0.758233
0.0001	10000	0.750315	0.83222	0.758233
0.0001	100000	0.77408	0.838185	0.77408
0.001	1e-005	0.718283	0.808373	0.77408
0.001	0.0001	0.719821	0.815663	0.77408
0.001	0.001	0.719821	0.815663	0.77408
0.001	0.01	0.719821	0.815663	0.77408
0.001	0.1	0.704582	0.804864	0.77408
0.001	1	0.692114	0.796029	0.77408
0.001	10	0.692114	0.796029	0.77408
0.001	100	0.692008	0.796002	0.77408
0.001	1000	0.74489	0.826042	0.77408
0.001	10000	0.773134	0.838105	0.77408
0.001	100000	0.761409	0.827058	0.77408
0.01	1e-005	0.663828	0.791319	0.77408
0.01	0.0001	0.663828	0.791319	0.77408
0.01	0.001	0.69378	0.793963	0.77408
0.01	0.01	0.697108	0.794257	0.77408
0.01	0.1	0.697108	0.794257	0.77408
0.01	1	0.697392	0.794066	0.77408
0.01	10	0.699895	0.792527	0.77408
0.01	100	0.745952	0.828055	0.77408
0.01	1000	0.7704	0.836117	0.77408
0.01	10000	0.760988	0.826911	0.77408
0.01	100000	0.713091	0.785284	0.77408
0.1	1e-005	0.699395	0.807613	0.77408
0.1	0.0001	0.701052	0.809246	0.77408
0.1	0.001	0.701052	0.809246	0.77408
0.1	0.01	0.697755	0.807245	0.77408
0.1	0.1	0.679075	0.795907	0.77408
0.1	1	0.679075	0.795907	0.77408
0.1	10	0.728444	0.819349	0.77408
0.1	100	0.764826	0.833277	0.77408
0.1	1000	0.76183	0.828064	0.77408
0.1	10000	0.713933	0.786418	0.77408
0.1	100000	0.675079	0.750585	0.77408
1	1e-005	0.667035	0.792367	0.77408
1	0.0001	0.667035	0.792367	0.77408
1	0.001	0.685988	0.801037	0.77408
1	0.01	0.694111	0.804752	0.77408
1	0.1	0.694111	0.804752	0.77408
1	1	0.711041	0.81209	0.77408
1	10	0.74322	0.823331	0.77408
1	100	0.758623	0.826342	0.77408
1	1000	0.714616	0.787254	0.77408
1	10000	0.678812	0.752942	0.77408
1	100000	0.672766	0.747832	0.77408
10	1e-005	0.670452	0.794046	0.77408
10	0.0001	0.674608	0.796695	0.77408
10	0.001	0.675342	0.797162	0.77408
10	0.01	0.675342	0.797162	0.77408
10	0.1	0.68591	0.802499	0.77408
10	1	0.724895	0.814083	0.77408
10	10	0.742114	0.819543	0.77408
10	100	0.7204	0.793444	0.77408
10	1000	0.676498	0.752205	0.77408
10	10000	0.672187	0.747295	0.77408
10	100000	0.671188	0.746514	0.77408
100	1e-005	0.660986	0.791194	0.77408
100	0.0001	0.661199	0.791267	0.77408
100	0.001	0.661199	0.791267	0.77408
100	0.01	0.660883	0.791976	0.77408
100	0.1	0.713449	0.809709	0.77408
100	1	0.72939	0.814208	0.77408
100	10	0.713722	0.793898	0.77408
100	100	0.66735	0.746971	0.77408
100	1000	0.65715	0.735938	0.77408
100	10000	0.654416	0.733531	0.77408
100	100000	0.65531	0.734231	0.77408
1000	1e-005	0.650271	0.787411	0.77408
1000	0.0001	0.650263	0.787408	0.77408
1000	0.001	0.649895	0.787286	0.77408
1000	0.01	0.678076	0.797714	0.77408
1000	0.1	0.719169	0.81068	0.77408
1000	1	0.721241	0.80526	0.77408
1000	10	0.665405	0.748955	0.77408
1000	100	0.64306	0.725508	0.77408
1000	1000	0.637434	0.72047	0.77408
1000	10000	0.639169	0.721729	0.77408
1000	100000	0.637618	0.72047	0.77408
10000	1e-005	0.648423	0.786705	0.77408
10000	0.0001	0.648423	0.786705	0.77408
10000	0.001	0.648896	0.786931	0.77408
10000	0.01	0.684913	0.800882	0.77408
10000	0.1	0.717613	0.809356	0.77408
10000	1	0.698212	0.783462	0.77408
10000	10	0.643586	0.728438	0.77408
10000	100	0.627971	0.713592	0.77408
10000	1000	0.630967	0.715288	0.77408
10000	10000	0.62734	0.712454	0.77408
10000	100000	0.631866	0.715987	0.77408
100000	1e-005	0.648423	0.786705	0.77408
100000	0.0001	0.648423	0.786705	0.77408
100000	0.001	0.648948	0.786929	0.77408
100000	0.01	0.68378	0.799295	0.77408
100000	0.1	0.718034	0.809424	0.77408
100000	1	0.69164	0.777512	0.77408
100000	10	0.638749	0.723601	0.77408
100000	100	0.630862	0.71553	0.77408
100000	1000	0.631441	0.715757	0.77408
100000	10000	0.630507	0.714945	0.77408
100000	100000	0.628759	0.713608	0.77408
/******************************************/
/******************************************/
r	 acc	 f1	 max_F1
1e-005	0.763933	0.835084	0.763933
0.0001	0.762776	0.834458	0.763933
0.001	0.761514	0.833749	0.763933
0.01	0.762332	0.834379	0.763933
0.1	0.745321	0.82529	0.763933
1	0.723502	0.813504	0.763933
10	0.71346	0.808973	0.763933
100	0.69877	0.803708	0.763933
1000	0.664248	0.792258	0.763933
10000	0.648686	0.786817	0.763933
100000	0.64837	0.78668	0.763933
/******************************************/

Best PAI_C: 	0.1
Best PAII_C:	0.01
Best AROW_r=0.0001	 AROW_eta=100000
Best AROWC_r=1e-005
