1 1 1 1 1 1 1 1 1 1 1 1 1 1 1 1 1 1 1 1 
0 0 0 0 0 0 0 0 0 0 0 0 0 0 0 0 0 0 0 0 
0.629645 0.629645 0.629645 0.629645 0.629645 0.629645 0.629645 0.629645 0.629645 0.629645 0.629645 0.629645 0.629645 0.629645 0.629645 0.629645 0.629645 0.629645 0.629645 0.629645 
0.00174251 0.00174251 0.00174251 0.00174251 0.00174251 0.00174251 0.00174251 0.00174251 0.00174251 0.00174251 0.00174251 0.00174251 0.00174251 0.00174251 0.00174251 0.00174251 0.00174251 0.00174251 0.00174251 0.00174251 
0.71424 0.71424 0.71424 0.71424 0.71424 0.71424 0.71424 0.71424 0.71424 0.71424 0.71424 0.71424 0.71424 0.71424 0.71424 0.71424 0.71424 0.71424 0.71424 0.71424 
0.00132475 0.00132475 0.00132475 0.00132475 0.00132475 0.00132475 0.00132475 0.00132475 0.00132475 0.00132475 0.00132475 0.00132475 0.00132475 0.00132475 0.00132475 0.00132475 0.00132475 0.00132475 0.00132475 0.00132475 
0.00355 0.00355 0.00355 0.00355 0.00355 0.00355 0.00355 0.00355 0.00355 0.00355 0.00355 0.00355 0.00355 0.00355 0.00355 0.00355 0.00355 0.00355 0.00355 0.00355 
0.000589491 0.000589491 0.000589491 0.000589491 0.000589491 0.000589491 0.000589491 0.000589491 0.000589491 0.000589491 0.000589491 0.000589491 0.000589491 0.000589491 0.000589491 0.000589491 0.000589491 0.000589491 0.000589491 0.000589491 
0.00309674 0.00433228 0.0121425 0.0167981 0.0292061 0.0542219 0.101661 0.174782 0.29428 0.457718 0.634619 0.780179 0.877392 0.932876 0.965973 0.982182 0.991038 0.995363 0.998052 0.998528 
0.000253731 0.000675845 0.000980018 0.000752318 0.00260252 0.00255788 0.000988433 0.000544431 0.000200618 0.00167401 0.00345216 0.000481869 0.00206056 0.000278753 0.000953009 0.00104914 0.000295306 5.1514e-005 0.000298564 0.000210305 
0.62097 0.634692 0.60965 0.656333 0.663223 0.667022 0.666709 0.671772 0.660187 0.660542 0.647697 0.63765 0.634753 0.635187 0.630305 0.627734 0.629156 0.627781 0.632518 0.62755 
0.0130451 0.0296809 0.0116177 0.0123631 0.00123554 0.0106578 0.00107256 0.00236546 0.00213157 0.000261563 0.00142787 0.000795084 0.00373476 0.00177182 0.00157118 0.000411138 0.00236069 0.00363174 0.000710752 0.000157729 
0.740787 0.753514 0.700111 0.751872 0.751716 0.753183 0.752608 0.755248 0.745297 0.743045 0.731011 0.721498 0.719227 0.719245 0.715033 0.712859 0.714009 0.712823 0.71646 0.712605 
0.0155662 0.0432083 0.0215734 0.0139295 0.00200974 0.0104099 0.000466939 0.00146576 0.0014689 0.000615364 0.000869873 0.000605934 0.00266612 0.00126839 0.00134096 0.00039787 0.0019316 0.00280767 0.000545541 5.17518e-005 
0.00375 0.00355 0.00335 0.0033 0.0037 0.0033 0.0039 0.00335 0.0034 0.0034 0.00365 0.0037 0.0037 0.0043 0.00355 0.0035 0.0038 0.0036 0.0035 0.0038 
0.00053619 0.000497494 0.00047697 0.000458258 0.000458258 0.000458258 0.000538516 0.00047697 0.000489898 0.000489898 0.00047697 0.000556776 0.000556776 0.000458258 0.000497494 0.0005 0.000509902 0.000489898 0.0005 0.0004 
0.00305468 0.00417455 0.0124422 0.015878 0.0278654 0.0540694 0.103754 0.17255 0.295818 0.458988 0.634756 0.77959 0.879674 0.932668 0.966866 0.981777 0.990807 0.995226 0.998312 0.997976 
0.000846608 0.000300376 0.0014345 0.00100309 0.00210305 0.00240742 0.00164038 0.00284096 0.00168018 0.00351819 0.00297646 0.00062643 0.00164845 0.00145915 0.00172572 0.0020832 0.000415743 0.000206056 0.000581889 0.000394322 
0.592931 0.617376 0.581401 0.618812 0.628864 0.623099 0.620789 0.621722 0.623007 0.627521 0.629882 0.629401 0.62775 0.631083 0.629285 0.62628 0.630124 0.629327 0.631567 0.628785 
0.018102 0.0129537 0.00852648 0.00371144 0.00257624 0.0115606 0.00267087 0.00178444 0.00160495 0.000809823 0.0013025 0.000578243 0.00108179 0.00306689 0.00077271 0.00141676 0.00148461 0.00365749 0.000529795 0.00123554 
0.682768 0.713888 0.666164 0.707274 0.719715 0.710194 0.707169 0.710268 0.708423 0.713809 0.714882 0.713644 0.712973 0.715782 0.713967 0.71171 0.714644 0.714073 0.715703 0.713575 
0.0140161 0.0121094 0.0144649 0.000592928 0.0053832 0.0126803 0.00202953 0.00180849 0.00150229 0.00102305 0.000956768 0.000829656 0.000811351 0.00254173 0.000710005 0.00106787 0.00123531 0.00285523 0.000411616 0.00109857 
0.00365 0.00345 0.00345 0.0035 0.0034 0.00365 0.00335 0.0037 0.0037 0.0037 0.00385 0.0036 0.00405 0.0042 0.0036 0.00385 0.0038 0.00375 0.00375 0.0035 
0.00047697 0.000497494 0.000589491 0.0005 0.000489898 0.000572276 0.00047697 0.000640312 0.000458258 0.000556776 0.000572276 0.000583095 0.000497494 0.0004 0.000583095 0.00047697 0.000509902 0.000622495 0.000433013 0.0005 
1 1 1 1 1 1 1 1 1 1 1 1 1 1 1 1 1 1 1 1 
0 0 0 0 0 0 0 0 0 0 0 0 0 0 0 0 0 0 0 0 
0.62087 0.62087 0.62087 0.62087 0.62087 0.62087 0.62087 0.62087 0.62087 0.62087 0.62087 0.62087 0.62087 0.62087 0.62087 0.62087 0.62087 0.62087 0.62087 0.62087 
0.00101412 0.00101412 0.00101412 0.00101412 0.00101412 0.00101412 0.00101412 0.00101412 0.00101412 0.00101412 0.00101412 0.00101412 0.00101412 0.00101412 0.00101412 0.00101412 0.00101412 0.00101412 0.00101412 0.00101412 
0.707718 0.707718 0.707718 0.707718 0.707718 0.707718 0.707718 0.707718 0.707718 0.707718 0.707718 0.707718 0.707718 0.707718 0.707718 0.707718 0.707718 0.707718 0.707718 0.707718 
0.000865322 0.000865322 0.000865322 0.000865322 0.000865322 0.000865322 0.000865322 0.000865322 0.000865322 0.000865322 0.000865322 0.000865322 0.000865322 0.000865322 0.000865322 0.000865322 0.000865322 0.000865322 0.000865322 0.000865322 
0.00355 0.00355 0.00355 0.00355 0.00355 0.00355 0.00355 0.00355 0.00355 0.00355 0.00355 0.00355 0.00355 0.00355 0.00355 0.00355 0.00355 0.00355 0.00355 0.00355 
0.000497494 0.000497494 0.000497494 0.000497494 0.000497494 0.000497494 0.000497494 0.000497494 0.000497494 0.000497494 0.000497494 0.000497494 0.000497494 0.000497494 0.000497494 0.000497494 0.000497494 0.000497494 0.000497494 0.000497494 
0.00252103 0.00325184 0.00783649 0.0113065 0.0204522 0.0354995 0.0662461 0.11812 0.197784 0.319556 0.477374 0.645515 0.784721 0.87924 0.935394 0.964974 0.983076 0.990883 0.995862 0.997555 
0.000581074 1.87735e-005 0.00101371 0.000426314 0.000473186 0.0022068 0.000210305 0.00339499 0.00376415 0.00198975 0.000952671 0.000939645 0.00157118 0.000267196 0.00110755 0.00144251 0.000823939 0.000360598 0.000372921 0.000289169 
0.621767 0.618778 0.613538 0.608649 0.652234 0.659832 0.667613 0.666364 0.659887 0.657616 0.645812 0.634963 0.629621 0.629211 0.626993 0.617892 0.619921 0.616793 0.620195 0.620426 
0.00993691 0.0187547 0.0120738 0.000752318 0.015326 0.0120371 0.000315457 0.00444659 0.00717635 0.00309063 0.00126405 0.00337308 0.000154542 0.00228513 0.000540897 0.00157431 0.00210882 0.0031166 0.000739981 0.00249737 
0.720526 0.72734 0.699252 0.699196 0.741398 0.755535 0.752164 0.751061 0.743921 0.743749 0.731631 0.721281 0.716169 0.715162 0.713505 0.705719 0.707194 0.704648 0.707333 0.70772 
0.020916 0.0292633 0.0105435 0.00149719 0.0209933 0.0113054 0.000157677 0.00391729 0.00607406 0.00477688 0.00126129 0.00318455 0.000487044 0.00172796 0.000251139 0.00134181 0.00157621 0.00255981 0.000567164 0.00168046 
0.00365 0.0035 0.00345 0.0034 0.00325 0.00335 0.00355 0.00325 0.0037 0.00345 0.00385 0.0041 0.00415 0.00425 0.004 0.004 0.004 0.0037 0.00405 0.00395 
0.00047697 0.0005 0.000497494 0.000489898 0.000433013 0.00047697 0.000497494 0.000433013 0.000458258 0.000497494 0.000572276 0.0003 0.000653835 0.000433013 0.000632456 0.000316228 0.000316228 0.000556776 0.000589491 0.000589491 
0.00264721 0.00316246 0.00837014 0.0107387 0.0194532 0.0342981 0.0681809 0.115626 0.198512 0.320442 0.478354 0.64705 0.784637 0.881454 0.935573 0.963985 0.983155 0.990021 0.995999 0.997135 
0.00105038 0.000356696 0.00116164 0.000626932 0.000736067 0.0019811 0.000757098 0.0050648 0.00403336 0.00374642 0.00190534 0.00199976 0.00146815 0.000244847 0.00190602 0.00179176 0.00164543 0.000463626 0.000592714 0.000499474 
0.555181 0.601459 0.599295 0.596307 0.600736 0.615037 0.610252 0.607471 0.610605 0.617305 0.618197 0.618649 0.616688 0.621977 0.622839 0.615697 0.61933 0.616025 0.61979 0.6199 
0.0361576 0.038955 0.00848598 0.00489007 0.0126183 0.0140433 0.000630915 0.00199941 0.00257747 0.00344116 0.000791076 0.0014697 0.000746953 0.00137906 0.00164845 0.00239066 0.00279814 0.002756 0.000518989 0.00249737 
0.625334 0.696104 0.695464 0.69614 0.688752 0.703509 0.697259 0.694388 0.699193 0.705999 0.706614 0.706641 0.70518 0.708544 0.70988 0.703907 0.706748 0.704088 0.707026 0.70728 
0.0575809 0.059398 0.00888344 0.00463598 0.0171115 0.0172912 0.000829856 0.000985565 0.00229863 0.00349942 0.00103944 0.00131071 0.000603737 0.00100409 0.00140624 0.00202562 0.00211104 0.00224688 0.000324347 0.00166845 
0.0035 0.0036 0.00355 0.0034 0.0035 0.00345 0.0035 0.0037 0.0036 0.00395 0.00375 0.00395 0.0041 0.0045 0.0039 0.0039 0.0039 0.0042 0.0038 0.00415 
0.0005 0.000489898 0.000497494 0.000489898 0.0005 0.000589491 0.000591608 0.000556776 0.000663325 0.000217945 0.000433013 0.000497494 0.0007 0.0005 0.0006245 0.0003 0.00043589 0.0006 0.000509902 0.000357071 
1 1 1 1 1 1 1 1 1 1 1 1 1 1 1 1 1 1 1 1 
0 0 0 0 0 0 0 0 0 0 0 0 0 0 0 0 0 0 0 0 
0.718312 0.718312 0.718312 0.718312 0.718312 0.718312 0.718312 0.718312 0.718312 0.718312 0.718312 0.718312 0.718312 0.718312 0.718312 0.718312 0.718312 0.718312 0.718312 0.718312 
0.000322863 0.000322863 0.000322863 0.000322863 0.000322863 0.000322863 0.000322863 0.000322863 0.000322863 0.000322863 0.000322863 0.000322863 0.000322863 0.000322863 0.000322863 0.000322863 0.000322863 0.000322863 0.000322863 0.000322863 
0.809092 0.809092 0.809092 0.809092 0.809092 0.809092 0.809092 0.809092 0.809092 0.809092 0.809092 0.809092 0.809092 0.809092 0.809092 0.809092 0.809092 0.809092 0.809092 0.809092 
0.000384611 0.000384611 0.000384611 0.000384611 0.000384611 0.000384611 0.000384611 0.000384611 0.000384611 0.000384611 0.000384611 0.000384611 0.000384611 0.000384611 0.000384611 0.000384611 0.000384611 0.000384611 0.000384611 0.000384611 
0.00405 0.00405 0.00405 0.00405 0.00405 0.00405 0.00405 0.00405 0.00405 0.00405 0.00405 0.00405 0.00405 0.00405 0.00405 0.00405 0.00405 0.00405 0.00405 0.00405 
0.000497494 0.000497494 0.000497494 0.000497494 0.000497494 0.000497494 0.000497494 0.000497494 0.000497494 0.000497494 0.000497494 0.000497494 0.000497494 0.000497494 0.000497494 0.000497494 0.000497494 0.000497494 0.000497494 0.000497494 
0.00483701 0.0036225 0.0106073 0.0186987 0.0313617 0.0612986 0.10387 0.162915 0.266328 0.395392 0.54735 0.702376 0.821451 0.899401 0.947403 0.971325 0.986257 0.99183 0.99642 0.997555 
0.000687523 0.000403812 0.00118301 0.00248265 0.0026551 0.000852627 0.00193481 0.00357473 0.00160314 0.00296617 0.000721732 0.000578243 0.00244691 0.000912527 0.00105734 0.00162981 0.000421398 0.000231813 0.000185065 0.000289169 
0.677079 0.655802 0.670757 0.687077 0.688538 0.704958 0.711661 0.716312 0.71827 0.722337 0.723249 0.721041 0.720736 0.721698 0.718147 0.719811 0.718478 0.719537 0.718549 0.719479 
0.00779581 0.00392686 0.00487145 0.0033102 0.00583596 0.00245757 0.00128286 0.000955511 0.0040562 0.00192319 0.000831237 0.00106011 2.5757e-005 0.00160173 0.000525835 0.000497283 0.000600032 0.00118482 0.000421463 7.88644e-005 
0.797153 0.789924 0.794234 0.800866 0.801198 0.805812 0.809067 0.808693 0.80792 0.809026 0.809634 0.809809 0.809685 0.810537 0.80871 0.809652 0.808785 0.809581 0.809509 0.810013 
0.00319964 0.0015031 0.00142755 0.000445706 0.00138342 0.000336867 0.000462543 0.000520904 0.00115555 0.000966166 0.00060603 0.000641783 0.000114407 0.00083513 0.000643103 0.000338353 0.000637792 0.000771075 0.000522595 0.000227339 
0.0042 0.0039 0.00395 0.00385 0.0038 0.0037 0.004 0.0039 0.00405 0.0041 0.0045 0.0043 0.00455 0.00475 0.0046 0.0042 0.0045 0.0044 0.0045 0.00425 
0.0004 0.000538516 0.000589491 0.00047697 0.000509902 0.000640312 0.000316228 0.000538516 0.000217945 0.0003 0.0005 0.000458258 0.000497494 0.000433013 0.000489898 0.0004 0.0005 0.000583095 0.0005 0.000433013 
0.00468717 0.0036225 0.0110147 0.0177077 0.0299422 0.0610305 0.106498 0.160513 0.267484 0.396872 0.548607 0.704069 0.822387 0.901661 0.94663 0.970544 0.986401 0.991104 0.996491 0.997135 
0.00108621 0.000130808 0.00153569 0.0022068 0.00202419 0.000702163 0.00288118 0.00578495 0.00289396 0.00340942 0.000323034 0.00115649 0.00159693 0.000746583 0.00193291 0.00191711 0.000900923 0.000437869 0.000340682 0.000499474 
0.650071 0.648512 0.647708 0.656661 0.665563 0.67892 0.693975 0.701191 0.707413 0.711175 0.714364 0.715804 0.718433 0.718197 0.717266 0.719132 0.718452 0.719443 0.718567 0.719585 
0.00109534 0.0014392 0.000928146 0.00657024 0.0042061 0.00243249 0.00174553 0.000856892 0.00097486 0.00259715 0.000399579 0.00149379 0.000618168 0.000839229 0.000371919 0.000645404 0.000705477 0.000978766 0.00046857 7.88644e-005 
0.787406 0.786377 0.782402 0.789181 0.791837 0.797461 0.803073 0.804894 0.805661 0.807344 0.808184 0.808688 0.809562 0.809552 0.808724 0.809469 0.808842 0.809507 0.809567 0.810104 
0.000461278 0.00156753 0.00216123 0.00179365 0.00211395 0.00194375 0.000761386 0.000276455 0.00101197 0.00152862 0.000234592 0.000801541 0.000205868 0.000442901 0.000521265 0.00046091 0.000643898 0.000617861 0.000563862 0.000206896 
0.00415 0.00405 0.004 0.00425 0.00395 0.0041 0.00415 0.00405 0.00435 0.00425 0.0045 0.0045 0.0045 0.00505 0.00445 0.00445 0.0044 0.00445 0.0047 0.0046 
0.000572276 0.000384057 1.73472e-018 0.000698212 0.000589491 0.00043589 0.000357071 0.000384057 0.00047697 0.000433013 0.000591608 0.0005 0.0005 0.000384057 0.000589491 0.000497494 0.000489898 0.000497494 0.000458258 0.000583095 
1 1 1 1 1 1 1 1 1 1 1 1 1 1 1 1 1 1 1 1 
0 0 0 0 0 0 0 0 0 0 0 0 0 0 0 0 0 0 0 0 
0.713807 0.713807 0.713807 0.713807 0.713807 0.713807 0.713807 0.713807 0.713807 0.713807 0.713807 0.713807 0.713807 0.713807 0.713807 0.713807 0.713807 0.713807 0.713807 0.713807 
0.000469491 0.000469491 0.000469491 0.000469491 0.000469491 0.000469491 0.000469491 0.000469491 0.000469491 0.000469491 0.000469491 0.000469491 0.000469491 0.000469491 0.000469491 0.000469491 0.000469491 0.000469491 0.000469491 0.000469491 
0.806541 0.806541 0.806541 0.806541 0.806541 0.806541 0.806541 0.806541 0.806541 0.806541 0.806541 0.806541 0.806541 0.806541 0.806541 0.806541 0.806541 0.806541 0.806541 0.806541 
0.000251635 0.000251635 0.000251635 0.000251635 0.000251635 0.000251635 0.000251635 0.000251635 0.000251635 0.000251635 0.000251635 0.000251635 0.000251635 0.000251635 0.000251635 0.000251635 0.000251635 0.000251635 0.000251635 0.000251635 
0.00475 0.00475 0.00475 0.00475 0.00475 0.00475 0.00475 0.00475 0.00475 0.00475 0.00475 0.00475 0.00475 0.00475 0.00475 0.00475 0.00475 0.00475 0.00475 0.00475 
0.00053619 0.00053619 0.00053619 0.00053619 0.00053619 0.00053619 0.00053619 0.00053619 0.00053619 0.00053619 0.00053619 0.00053619 0.00053619 0.00053619 0.00053619 0.00053619 0.00053619 0.00053619 0.00053619 0.00053619 
0.0134201 0.0108044 0.0374737 0.0504653 0.0881441 0.12943 0.204225 0.303249 0.433833 0.581462 0.718899 0.83397 0.908917 0.950129 0.975179 0.986659 0.993654 0.996677 0.998357 0.998843 
0.00367421 0.00365787 0.00391917 0.00122879 0.00449527 0.00163002 0.00271984 0.00140622 0.00350118 0.00276025 0.00101983 0.00161426 0.000618168 0.00147546 8.78196e-005 0.000810744 0.00035624 5.1514e-005 0.000157619 0.000210305 
0.679532 0.661396 0.689048 0.694277 0.705468 0.70669 0.711054 0.712992 0.717369 0.717011 0.716911 0.716625 0.714984 0.714019 0.714474 0.714424 0.713617 0.714606 0.714056 0.715747 
0.0112207 0.00976004 0.00112532 0.00127894 0.00194532 0.00188079 0.000625607 0.000509176 0.00121316 0.000792573 0.000226307 9.63738e-005 0.00051514 0.00139681 0.00124453 0.000330133 0.00105782 0.00175148 0.00119318 0.000657203 
0.797749 0.792306 0.800805 0.803451 0.806124 0.807104 0.807166 0.806185 0.807975 0.806879 0.807578 0.808161 0.807209 0.80664 0.807162 0.807052 0.806265 0.80722 0.806898 0.807854 
0.00331513 0.00393971 0.000600097 0.00114981 0.000155368 0.000617819 0.000453666 0.000123776 0.000495073 0.000851904 0.000198432 3.49023e-005 0.000361876 0.000938736 0.000823131 0.000277461 0.0009519 0.00116293 0.000771762 0.000365716 
0.00455 0.0046 0.00435 0.0045 0.00465 0.0047 0.00465 0.00445 0.0048 0.0049 0.0051 0.0051 0.0053 0.0057 0.00515 0.00535 0.005 0.0049 0.00525 0.00525 
0.000497494 0.000489898 0.00047697 0.000591608 0.00047697 0.000640312 0.000572276 0.000589491 0.000509902 0.00043589 0.000538516 0.0003 0.000458258 0.000458258 0.000357071 0.00047697 0.000316228 0.00043589 0.000433013 0.000433013 
0.0132518 0.0110358 0.0377497 0.0521583 0.0868297 0.131467 0.208318 0.304934 0.434085 0.584616 0.721196 0.834761 0.911157 0.949905 0.975118 0.986264 0.993562 0.996551 0.998544 0.998502 
0.00397347 0.00334485 0.00399911 0.00443868 0.00239222 0.0027585 0.00282279 0.000779348 0.00607421 0.00418192 0.00102251 0.0008842 0.00110755 0.00206522 0.000280619 0.00127294 0.000486288 2.5757e-005 0.000391013 0.000341746 
0.648901 0.651328 0.664574 0.675802 0.681651 0.689322 0.701264 0.70265 0.706388 0.71006 0.712032 0.712884 0.712702 0.713194 0.714217 0.714209 0.713504 0.714458 0.713967 0.715773 
0.00624605 0.00265746 0.00254599 0.00188079 0.00126183 0.000150464 0.00136176 0.000366679 0.0022605 0.000805511 0.000591167 0.000292011 0.000746953 0.000978607 0.00144507 0.000592008 0.00116457 0.0016742 0.00109698 0.000630915 
0.784471 0.787918 0.791945 0.79409 0.796519 0.799342 0.803584 0.803419 0.804242 0.805143 0.806013 0.806906 0.806287 0.806498 0.807166 0.80693 0.806237 0.807169 0.806871 0.807896 
0.00404091 0.00100588 0.000777104 0.000706761 0.000109047 0.000416094 0.000691029 0.000553003 0.00102602 0.000475116 0.000311224 7.26529e-005 0.000493557 0.000677584 0.000923104 0.0004201 0.00100323 0.00113398 0.000693121 0.00033768 
0.00475 0.00465 0.0047 0.00465 0.00435 0.0046 0.005 0.005 0.0051 0.00515 0.00525 0.0054 0.0055 0.0058 0.00525 0.0054 0.0054 0.00535 0.00525 0.0051 
0.00053619 0.000653835 0.000556776 0.00047697 0.00047697 0.000489898 0.000547723 0.000447214 0.00043589 0.00047697 0.00053619 0.000489898 0.0005 0.0004 0.000433013 0.000489898 0.000489898 0.00047697 0.000433013 0.0003 
0.0266772 0.105271 0.386251 0.63392 0.795862 0.893975 0.948454 0.974658 0.987311 0.993693 0.997011 0.99827 0.999075 0.999532 0.999842 0.999732 0.999879 0.999916 0.999976 0.999895 
0.00547867 0.0155249 0.000650651 0.0123129 0.00797395 0.0045923 0.0014444 0.000494887 0.000673771 0.000298101 0.000106815 2.29174e-005 2.5757e-005 0.000154988 5.55112e-016 4.67308e-005 2.40935e-005 2.5757e-005 5.63204e-005 5.25762e-005 
0.67138 0.696635 0.69071 0.684813 0.67852 0.678956 0.673465 0.673862 0.672616 0.672208 0.672468 0.670313 0.668801 0.67439 0.673331 0.67193 0.674795 0.669117 0.673084 0.672029 
0.0248089 0.00157781 0.00276499 0.00323497 0.00166181 0.00122378 0.00238079 0.000933769 0.00124288 0.00172225 0.000797926 0.00119526 0.00118482 0.00164765 0.00142828 0.00124439 0.0025573 0.00679985 0.00279864 0.00252366 
0.757191 0.778665 0.765992 0.760157 0.754135 0.753066 0.74869 0.748646 0.747604 0.747229 0.747362 0.745764 0.744606 0.748882 0.748 0.746925 0.749156 0.744757 0.747827 0.74703 
0.0259383 0.00175883 0.00274872 0.00374387 0.000916914 0.000923936 0.00178918 0.000703772 0.000957959 0.00128287 0.000585998 0.00084882 0.000933961 0.00126916 0.00109493 0.000977082 0.00198185 0.00531577 0.0021987 0.00191577 
0.0136 0.01375 0.01345 0.01375 0.0135 0.01345 0.0135 0.0137 0.01355 0.01365 0.01355 0.01355 0.0139 0.014 0.0134 0.0138 0.01375 0.01375 0.0135 0.01375 
0.000489898 0.00053619 0.000497494 0.000622495 0.0005 0.000589491 0.000591608 0.000458258 0.000589491 0.00047697 0.000497494 0.000589491 0.000538516 0.000707107 0.000583095 0.0004 0.000622495 0.00053619 0.0005 0.000433013 
1 1 1 1 1 1 1 1 1 1 1 1 1 1 1 1 1 1 1 1 
0 0 0 0 0 0 0 0 0 0 0 0 0 0 0 0 0 0 0 0 
0.767271 0.767271 0.767271 0.767271 0.767271 0.767271 0.767271 0.767271 0.767271 0.767271 0.767271 0.767271 0.767271 0.767271 0.767271 0.767271 0.767271 0.767271 0.767271 0.767271 
0.00859107 0.00859107 0.00859107 0.00859107 0.00859107 0.00859107 0.00859107 0.00859107 0.00859107 0.00859107 0.00859107 0.00859107 0.00859107 0.00859107 0.00859107 0.00859107 0.00859107 0.00859107 0.00859107 0.00859107 
0.834655 0.834655 0.834655 0.834655 0.834655 0.834655 0.834655 0.834655 0.834655 0.834655 0.834655 0.834655 0.834655 0.834655 0.834655 0.834655 0.834655 0.834655 0.834655 0.834655 
0.00455942 0.00455942 0.00455942 0.00455942 0.00455942 0.00455942 0.00455942 0.00455942 0.00455942 0.00455942 0.00455942 0.00455942 0.00455942 0.00455942 0.00455942 0.00455942 0.00455942 0.00455942 0.00455942 0.00455942 
0.0087 0.0087 0.0087 0.0087 0.0087 0.0087 0.0087 0.0087 0.0087 0.0087 0.0087 0.0087 0.0087 0.0087 0.0087 0.0087 0.0087 0.0087 0.0087 0.0087 
0.000458258 0.000458258 0.000458258 0.000458258 0.000458258 0.000458258 0.000458258 0.000458258 0.000458258 0.000458258 0.000458258 0.000458258 0.000458258 0.000458258 0.000458258 0.000458258 0.000458258 0.000458258 0.000458258 0.000458258 
0.000436383 0.000878023 0.000846477 0.00194006 0.00371188 0.0126288 0.0379364 0.0904259 0.170789 0.302153 0.457768 0.635258 0.771935 0.859435 0.931009 0.963373 0.981406 0.989816 0.993846 0.997292 
0.000186701 6.87523e-005 0.000139004 0.000397603 0.000680938 0.000947336 0.0065319 0.00285707 0.0141917 0.00272792 0.00289532 0.00209583 0.00793315 0.0621523 0.00269566 0.00164113 0.000131204 0.000366189 0.00418047 0.000446898 
0.651795 0.631772 0.485849 0.589621 0.681188 0.727397 0.755489 0.76577 0.772413 0.781335 0.781094 0.779038 0.776972 0.768935 0.773596 0.775886 0.774293 0.773105 0.765231 0.771215 
0.0217949 0.00897031 0.0723091 0.0377802 0.0227858 0.0188579 0.00362286 0.0030197 0.00283049 0.000784426 0.00144908 0.000691552 0.00077271 0.0281164 0.000768693 0.000595593 0.000574616 0.000632769 0.0248757 0.00339117 
0.764662 0.749389 0.430226 0.712953 0.774783 0.809907 0.819175 0.829223 0.836476 0.84227 0.842191 0.840966 0.839889 0.835368 0.838023 0.839817 0.837882 0.837906 0.833011 0.837465 
0.0329954 0.00610359 0.152949 0.0444626 0.0143789 0.00387804 0.00427436 0.00200917 0.000506907 0.000460151 0.00117791 0.000219622 0.000377262 0.01641 0.000485553 0.000613499 0.000297712 0.000137507 0.01535 0.00230295 
0.00415 0.0039 0.00375 0.0036 0.0035 0.0036 0.0042 0.00425 0.0049 0.00555 0.00655 0.0075 0.0081 0.00905 0.00865 0.0087 0.009 0.00855 0.0089 0.0086 
0.000572276 0.0006245 0.000622495 0.000583095 0.0005 0.000489898 0.000678233 0.00053619 0.00043589 0.000589491 0.000589491 0.0005 0.000538516 0.000384057 0.000572276 0.000556776 0.000547723 0.000497494 0.000538516 0.000583095 
0.014561 0.0131178 0.0164301 0.0160305 0.0155915 0.0175657 0.0178654 0.0134201 0.0187277 0.0218849 0.038541 0.0757072 0.182471 0.388031 0.63928 0.829343 0.932755 0.974813 0.990389 0.996201 
0.000473908 0.000443171 5.63817e-005 0.000773049 0.000562953 0.000797861 0.000590541 0.00154021 0.00171495 0.000624944 0.00232613 0.000292011 0.0088604 0.00838576 0.00287385 0.00499593 0.00148801 0.000817298 0.00187923 0.000130782 
0.782003 0.766009 0.778975 0.77076 0.775889 0.7799 0.773954 0.781614 0.765954 0.779006 0.778991 0.781356 0.787014 0.781283 0.781335 0.778849 0.776133 0.773864 0.771456 0.770536 
0.0034253 0.00819784 0.00161452 0.00715074 0.00886438 0.00314484 0.00278944 0.00682084 0.00967766 0.00464165 0.00257223 0.00398649 0.00463626 0.00333617 0.0018926 0.000457171 0.000197756 0.000354217 0.00648329 0.00264994 
0.838745 0.839418 0.843939 0.837792 0.835791 0.838276 0.839922 0.836328 0.82874 0.840074 0.838438 0.843496 0.845682 0.841722 0.842306 0.841321 0.838658 0.838272 0.836833 0.836992 
0.00238788 0.00069982 0.000223062 0.00689922 0.00606661 0.00248728 0.00469975 0.00593368 0.00122355 0.00174266 0.00255039 0.000374863 0.00266333 0.00265718 0.00107225 0.000216711 0.00071139 0.000277907 0.00397182 0.00178525 
0.00735 0.0072 0.0071 0.00725 0.007 0.0071 0.0072 0.007 0.00705 0.007 0.00735 0.0075 0.008 0.00925 0.00955 0.00995 0.0103 0.01075 0.0105 0.01075 
0.000572276 0.0006 0.000538516 0.00053619 0.000447214 0.000538516 0.0006 0.000632456 0.000217945 0.000447214 0.00047697 0.000591608 0.000632456 0.00053619 0.000589491 0.000497494 0.000640312 0.000622495 0.000591608 0.00053619 
0.0141667 0.0126078 0.0166851 0.0150815 0.0151078 0.0171609 0.0186383 0.0140457 0.0184674 0.0214879 0.0380783 0.0752287 0.179664 0.389761 0.638885 0.828383 0.931622 0.97403 0.990384 0.995881 
0.00118565 0.00032093 0.000489065 0.000881852 0.00111249 0.000712287 0.000836028 0.00121964 0.00220193 0.000840085 0.00223933 0.000514139 0.00768365 0.00747833 0.00273409 0.00851128 0.0032625 0.000824035 0.00216732 7.8469e-005 
0.662232 0.696743 0.659374 0.650468 0.705252 0.71918 0.702408 0.631183 0.701091 0.652826 0.681096 0.756701 0.762266 0.704009 0.769172 0.774201 0.772666 0.726199 0.743849 0.770823 
0.0443939 0.0300132 0.0114495 0.0138089 0.0330562 0.0120063 0.00771932 0.0383846 0.015596 0.0315946 0.0204589 0.000415477 0.00423378 0.0494273 0.00210254 0.000623444 0.000818891 0.0562063 0.0503515 0.00299424 
0.742613 0.781527 0.709914 0.740542 0.77925 0.787658 0.781525 0.681459 0.777498 0.765164 0.777852 0.822079 0.828782 0.795783 0.835597 0.839129 0.835775 0.808879 0.81952 0.837138 
0.0448012 0.0312855 0.0203139 0.00960719 0.0234486 0.0086717 0.00993638 0.0486059 0.00740509 0.0205806 0.0111388 0.00224953 0.00130405 0.0305013 0.000469315 0.00068197 0.00183845 0.0354603 0.0316037 0.00207579 
0.00445 0.0042 0.004 0.00385 0.00395 0.00385 0.00415 0.0039 0.004 0.00385 0.00415 0.0045 0.00545 0.00715 0.0086 0.01 0.0106 0.0104 0.01075 0.01115 
0.000497494 0.000509902 0.000547723 0.00047697 0.000384057 0.000357071 0.00047697 0.00043589 0.000447214 0.000572276 0.00047697 0.000591608 0.000497494 0.000653835 0.000489898 0.000547723 0.000489898 0.000969536 0.000766485 0.00047697 
0 0 0 0 0 0 0 0 0 0 0 0 0 0 0 0 0 0 0 0 
0 0 0 0 0 0 0 0 0 0 0 0 0 0 0 0 0 0 0 0 
0 0 0 0 0 0 0 0 0 0 0 0 0 0 0 0 0 0 0 0 
0 0 0 0 0 0 0 0 0 0 0 0 0 0 0 0 0 0 0 0 
0 0 0 0 0 0 0 0 0 0 0 0 0 0 0 0 0 0 0 0 
0 0 0 0 0 0 0 0 0 0 0 0 0 0 0 0 0 0 0 0 
0 0 0 0 0 0 0 0 0 0 0 0 0 0 0 0 0 0 0 0 
0 0 0 0 0 0 0 0 0 0 0 0 0 0 0 0 0 0 0 0 
