1 1 1 1 1 1 1 1 1 1 1 1 1 1 1 1 1 1 1 1 
0 0 0 0 0 0 0 0 0 0 0 0 0 0 0 0 0 0 0 0 
0.876735 0.876735 0.876735 0.876735 0.876735 0.876735 0.876735 0.876735 0.876735 0.876735 0.876735 0.876735 0.876735 0.876735 0.876735 0.876735 0.876735 0.876735 0.876735 0.876735 
0.00404658 0.00404658 0.00404658 0.00404658 0.00404658 0.00404658 0.00404658 0.00404658 0.00404658 0.00404658 0.00404658 0.00404658 0.00404658 0.00404658 0.00404658 0.00404658 0.00404658 0.00404658 0.00404658 0.00404658 
0.876481 0.876481 0.876481 0.876481 0.876481 0.876481 0.876481 0.876481 0.876481 0.876481 0.876481 0.876481 0.876481 0.876481 0.876481 0.876481 0.876481 0.876481 0.876481 0.876481 
0.00404819 0.00404819 0.00404819 0.00404819 0.00404819 0.00404819 0.00404819 0.00404819 0.00404819 0.00404819 0.00404819 0.00404819 0.00404819 0.00404819 0.00404819 0.00404819 0.00404819 0.00404819 0.00404819 0.00404819 
0.00245 0.00245 0.00245 0.00245 0.00245 0.00245 0.00245 0.00245 0.00245 0.00245 0.00245 0.00245 0.00245 0.00245 0.00245 0.00245 0.00245 0.00245 0.00245 0.00245 
0.000497494 0.000497494 0.000497494 0.000497494 0.000497494 0.000497494 0.000497494 0.000497494 0.000497494 0.000497494 0.000497494 0.000497494 0.000497494 0.000497494 0.000497494 0.000497494 0.000497494 0.000497494 0.000497494 0.000497494 
0.00462633 0.0125445 0.012669 0.0284786 0.0455071 0.0703737 0.111272 0.169902 0.254315 0.382144 0.530916 0.686673 0.810125 0.892082 0.940258 0.970916 0.984084 0.992714 0.996112 0.997891 
0.00204045 0.00148606 0.000697364 0.000973742 0.00212548 0.000358089 0.00557689 0.00488896 0.00441119 0.00397729 0.00193441 0.00640888 0.00172231 0.00327252 0.00199485 0.000930513 0.000444751 0.000920249 0.000546339 0.000329422 
0.539537 0.673069 0.668078 0.753541 0.778959 0.810125 0.830454 0.850907 0.861299 0.865569 0.869511 0.8721 0.874146 0.874662 0.872429 0.876361 0.874217 0.872553 0.871619 0.87427 
0.0383524 0.0179171 0.0362629 0.0139865 0.0168455 0.00717788 0.00115079 0.00534694 0.00219121 0.000426675 0.00523968 0.000940876 0.00155539 0.00159389 0.00144608 0.00100856 0.00160132 0.00278393 0.00385735 0.00356867 
0.361054 0.623644 0.602486 0.742584 0.775664 0.810589 0.828571 0.849651 0.860066 0.865325 0.869058 0.871694 0.873808 0.874451 0.872168 0.87614 0.87397 0.872279 0.871359 0.874003 
0.222867 0.0453485 0.0528931 0.02331 0.0235566 0.00618292 0.000936159 0.00630647 0.00138278 0.00120417 0.00494754 0.000811771 0.00144055 0.00163159 0.00149061 0.00103555 0.00159637 0.00280759 0.00385451 0.00358224 
0.00265 0.0027 0.00245 0.00235 0.0023 0.0026 0.0027 0.0025 0.00245 0.00255 0.0027 0.00245 0.00235 0.0024 0.0024 0.0025 0.00255 0.00255 0.0026 0.0025 
0.000572276 0.000458258 0.000497494 0.00047697 0.000458258 0.000489898 0.000458258 0.0005 0.000497494 0.000497494 0.000458258 0.000497494 0.00047697 0.000489898 0.000489898 0.0005 0.000497494 0.000497494 0.000489898 0.0005 
0.00477758 0.0130694 0.0116726 0.0311655 0.0466548 0.0705694 0.109262 0.167642 0.252651 0.371121 0.524742 0.683559 0.811744 0.893256 0.940765 0.971228 0.984502 0.992687 0.99669 0.997642 
0.00229618 0.00250345 0.00209209 0.00115079 0.00316286 0.0017015 0.0096489 0.00596929 0.00407271 0.00900839 0.00409078 0.00517375 0.000754918 0.00344521 0.00255752 0.000982844 0.00111675 0.00183792 0.000348682 0.00053934 
0.585961 0.702829 0.652883 0.752295 0.761379 0.784502 0.820409 0.819555 0.840071 0.8471 0.857491 0.868683 0.869039 0.870694 0.871068 0.875641 0.874431 0.871441 0.87266 0.876246 
0.0378772 0.0311156 0.0534355 0.0104456 0.00464426 0.00652491 0.00478019 0.0019213 0.00609586 0.00448141 0.00273692 0.00231317 0.00238062 0.00166168 0.00158393 0.000862393 0.00153799 0.0016429 0.00287039 0.00348341 
0.523182 0.676024 0.683966 0.743883 0.761893 0.783931 0.816699 0.816185 0.839537 0.847095 0.856893 0.86805 0.868823 0.870494 0.870766 0.875364 0.874173 0.871125 0.872412 0.875996 
0.09289 0.047462 0.0211867 0.0167602 0.00580234 0.00587908 0.00199131 0.00212845 0.00661959 0.0034895 0.00257259 0.0025568 0.00217324 0.0019402 0.00143094 0.000812725 0.00156904 0.00165709 0.00285595 0.00349183 
0.00255 0.00255 0.00245 0.00245 0.0025 0.00225 0.00235 0.00245 0.00245 0.00235 0.00225 0.0025 0.00255 0.00245 0.00245 0.00245 0.00245 0.0025 0.0023 0.0022 
0.000497494 0.000497494 0.000497494 0.000497494 0.0005 0.000433013 0.00047697 0.000497494 0.000497494 0.00047697 0.000433013 0.0005 0.000497494 0.000497494 0.000497494 0.000497494 0.000497494 0.0005 0.000458258 0.0004 
1 1 1 1 1 1 1 1 1 1 1 1 1 1 1 1 1 1 1 1 
0 0 0 0 0 0 0 0 0 0 0 0 0 0 0 0 0 0 0 0 
0.884528 0.884528 0.884528 0.884528 0.884528 0.884528 0.884528 0.884528 0.884528 0.884528 0.884528 0.884528 0.884528 0.884528 0.884528 0.884528 0.884528 0.884528 0.884528 0.884528 
0.00202525 0.00202525 0.00202525 0.00202525 0.00202525 0.00202525 0.00202525 0.00202525 0.00202525 0.00202525 0.00202525 0.00202525 0.00202525 0.00202525 0.00202525 0.00202525 0.00202525 0.00202525 0.00202525 0.00202525 
0.884358 0.884358 0.884358 0.884358 0.884358 0.884358 0.884358 0.884358 0.884358 0.884358 0.884358 0.884358 0.884358 0.884358 0.884358 0.884358 0.884358 0.884358 0.884358 0.884358 
0.00193738 0.00193738 0.00193738 0.00193738 0.00193738 0.00193738 0.00193738 0.00193738 0.00193738 0.00193738 0.00193738 0.00193738 0.00193738 0.00193738 0.00193738 0.00193738 0.00193738 0.00193738 0.00193738 0.00193738 
0.00245 0.00245 0.00245 0.00245 0.00245 0.00245 0.00245 0.00245 0.00245 0.00245 0.00245 0.00245 0.00245 0.00245 0.00245 0.00245 0.00245 0.00245 0.00245 0.00245 
0.000497494 0.000497494 0.000497494 0.000497494 0.000497494 0.000497494 0.000497494 0.000497494 0.000497494 0.000497494 0.000497494 0.000497494 0.000497494 0.000497494 0.000497494 0.000497494 0.000497494 0.000497494 0.000497494 0.000497494 
0.00403915 0.00703737 0.0101423 0.0204448 0.0307384 0.0522242 0.0792171 0.119715 0.178505 0.274359 0.393265 0.539609 0.69726 0.807171 0.887811 0.942135 0.969306 0.984066 0.992625 0.996183 
0.00132571 0.00129108 0.00107648 0.000177044 0.0015429 0.00134868 0.00141635 0.0015508 0.00259908 0.00427857 0.000116341 0.00157993 0.00310262 0.00536296 0.00701968 0.00208921 0.00147965 0.00147212 0.000475708 0.000455304 
0.57153 0.615489 0.680685 0.749867 0.797447 0.828345 0.855454 0.858879 0.874262 0.875649 0.878915 0.883043 0.883915 0.883221 0.883612 0.884582 0.885267 0.881815 0.884012 0.88468 
0.0402571 0.0261687 0.0185147 0.0252288 0.00281357 0.00560091 0.000265566 0.00297419 0.00424528 0.00169672 0.00311083 0.00054 0.000928682 0.000666013 0.00236989 0.001041 0.00207248 0.00213716 0.00199834 0.00228625 
0.555659 0.510514 0.685791 0.742126 0.795276 0.828732 0.853188 0.859326 0.874286 0.876114 0.878363 0.8824 0.883828 0.883292 0.883152 0.884622 0.884917 0.881375 0.883668 0.884469 
0.112204 0.0787506 0.0217866 0.0152813 0.00542856 0.00608836 0.000203712 0.00140084 0.00365872 0.00134769 0.0025821 0.000377184 0.000888381 0.000807571 0.00258 0.00107551 0.0020427 0.00194792 0.00188163 0.00233404 
0.00245 0.0024 0.00225 0.00215 0.00255 0.00255 0.0025 0.00235 0.0025 0.0024 0.00265 0.00265 0.00225 0.00255 0.00255 0.00245 0.0025 0.0025 0.0026 0.0027 
0.000497494 0.000489898 0.000433013 0.000357071 0.000497494 0.000497494 0.0005 0.00047697 0.0005 0.000489898 0.00047697 0.00047697 0.000433013 0.000497494 0.000497494 0.000497494 0.0005 0.0005 0.000489898 0.000458258 
0.00419929 0.00811388 0.00894128 0.0211121 0.031032 0.0529359 0.0761655 0.114404 0.173995 0.267295 0.386851 0.539537 0.701868 0.808897 0.885907 0.942224 0.969973 0.984422 0.99363 0.996077 
0.00162828 0.00241259 0.0021799 0.000265566 0.00258736 0.00105644 0.00433758 0.00582872 0.00355484 0.00280304 0.00480951 0.00144293 0.00402721 0.00648674 0.00726223 0.00349503 0.00166527 0.00218106 0.00107294 0.000796698 
0.562767 0.642464 0.611868 0.757171 0.75895 0.791281 0.826103 0.828906 0.845979 0.856539 0.865489 0.876121 0.873772 0.880552 0.879368 0.883737 0.884698 0.88089 0.88419 0.884457 
0.042217 0.0660628 0.038794 0.0136324 0.00454594 0.00469832 0.00832107 0.00465447 0.0031862 0.00150656 0.00202993 0.00144731 0.00422889 0.0019264 0.00439775 0.000519987 0.00146298 0.00234673 0.00115079 0.00221691 
0.499726 0.607642 0.64493 0.746402 0.753607 0.788563 0.821194 0.828327 0.845653 0.857043 0.86497 0.87568 0.87376 0.880666 0.878985 0.883697 0.884527 0.880435 0.883836 0.884167 
0.0916519 0.0883032 0.0264418 0.013219 0.00505597 0.00569596 0.00976999 0.00176788 0.00317304 0.00159879 0.00164653 0.00121315 0.00391175 0.00207994 0.00472611 0.000519916 0.00124679 0.00208813 0.000943098 0.00233763 
0.00235 0.0024 0.0025 0.00235 0.00235 0.00255 0.00245 0.0025 0.00245 0.0026 0.0024 0.0023 0.00235 0.00245 0.00245 0.00255 0.00265 0.00255 0.0025 0.0025 
0.00047697 0.000489898 0.0005 0.00047697 0.00047697 0.000497494 0.000497494 0.0005 0.000497494 0.000489898 0.000489898 0.000458258 0.00047697 0.000497494 0.000497494 0.000589491 0.00047697 0.000497494 0.0005 0.0005 
1 1 1 1 1 1 1 1 1 1 1 1 1 1 1 1 1 1 1 1 
0 0 0 0 0 0 0 0 0 0 0 0 0 0 0 0 0 0 0 0 
0.900249 0.900249 0.900249 0.900249 0.900249 0.900249 0.900249 0.900249 0.900249 0.900249 0.900249 0.900249 0.900249 0.900249 0.900249 0.900249 0.900249 0.900249 0.900249 0.900249 
0.00211242 0.00211242 0.00211242 0.00211242 0.00211242 0.00211242 0.00211242 0.00211242 0.00211242 0.00211242 0.00211242 0.00211242 0.00211242 0.00211242 0.00211242 0.00211242 0.00211242 0.00211242 0.00211242 0.00211242 
0.899739 0.899739 0.899739 0.899739 0.899739 0.899739 0.899739 0.899739 0.899739 0.899739 0.899739 0.899739 0.899739 0.899739 0.899739 0.899739 0.899739 0.899739 0.899739 0.899739 
0.00219705 0.00219705 0.00219705 0.00219705 0.00219705 0.00219705 0.00219705 0.00219705 0.00219705 0.00219705 0.00219705 0.00219705 0.00219705 0.00219705 0.00219705 0.00219705 0.00219705 0.00219705 0.00219705 0.00219705 
0.0027 0.0027 0.0027 0.0027 0.0027 0.0027 0.0027 0.0027 0.0027 0.0027 0.0027 0.0027 0.0027 0.0027 0.0027 0.0027 0.0027 0.0027 0.0027 0.0027 
0.000458258 0.000458258 0.000458258 0.000458258 0.000458258 0.000458258 0.000458258 0.000458258 0.000458258 0.000458258 0.000458258 0.000458258 0.000458258 0.000458258 0.000458258 0.000458258 0.000458258 0.000458258 0.000458258 0.000458258 
0.00358541 0.00781139 0.0108452 0.0211477 0.0327847 0.0547509 0.0810142 0.122678 0.185676 0.282518 0.407464 0.55694 0.704947 0.817206 0.893754 0.945205 0.971023 0.9854 0.992642 0.996281 
0.000886605 0.00302904 0.000923683 0.00115079 0.00141442 0.00120433 0.00300975 0.00419811 0.00274016 0.00375013 0.0038594 0.00303536 0.00111349 0.00359285 0.00455109 0.00238227 0.000827498 0.000654928 0.000481661 0.000570783 
0.567589 0.606673 0.674609 0.73161 0.783452 0.826957 0.858541 0.870427 0.884537 0.885205 0.892206 0.894964 0.899342 0.898105 0.899235 0.898185 0.901557 0.896521 0.898781 0.901165 
0.0565845 0.0611698 0.034245 0.0245206 0.0138516 0.00933859 0.00354088 0.00228119 0.003017 0.00198163 0.00104605 0.00195252 0.000974758 0.000429541 0.000919604 0.000633112 0.00185333 0.00213707 0.00132353 0.00158899 
0.53877 0.506591 0.644533 0.724373 0.785512 0.822319 0.855086 0.869741 0.883631 0.88523 0.891553 0.894396 0.898925 0.897889 0.898812 0.897873 0.901278 0.896194 0.898618 0.901037 
0.0913228 0.194682 0.0330062 0.0203951 0.010938 0.0100588 0.00516497 0.000973078 0.00180247 0.00199219 0.00109443 0.00211332 0.00104076 0.0004486 0.000886101 0.000743186 0.00179179 0.0020442 0.00131101 0.00151818 
0.00245 0.00245 0.00245 0.0025 0.00255 0.0023 0.0025 0.00265 0.0026 0.0024 0.0026 0.00265 0.0027 0.00265 0.00275 0.0027 0.0026 0.0026 0.00265 0.0026 
0.000497494 0.000497494 0.000497494 0.0005 0.000497494 0.000458258 0.0005 0.00047697 0.000489898 0.000489898 0.000489898 0.00047697 0.000458258 0.00047697 0.000433013 0.000458258 0.000489898 0.000489898 0.00047697 0.000583095 
0.00381673 0.00880783 0.00954626 0.0223932 0.0331139 0.0552669 0.0785053 0.117616 0.181886 0.275667 0.399964 0.556904 0.709911 0.817936 0.8921 0.944956 0.971299 0.985498 0.993701 0.995996 
0.00130085 0.00385243 0.00163592 0.00115079 0.00210679 0.000574929 0.00672767 0.00888326 0.00407026 0.00399539 0.00672014 0.00272747 0.0028736 0.00415075 0.00532394 0.00369887 0.00147815 0.00158303 0.000988145 0.000770485 
0.571103 0.641343 0.647375 0.748728 0.765178 0.800694 0.837411 0.842678 0.861397 0.871379 0.882411 0.889591 0.891922 0.898327 0.895009 0.897518 0.900258 0.895854 0.898843 0.90081 
0.0364602 0.0766511 0.0275017 0.00646211 0.00594719 0.00162 0.00044261 0.00530902 0.00226019 0.00293258 0.004491 0.00218108 0.0013879 0.00148595 0.00153528 0.00065734 0.000552677 0.00211445 0.00124237 0.0019193 
0.470658 0.609008 0.663872 0.726854 0.761425 0.796464 0.831807 0.84197 0.86023 0.871826 0.881714 0.888998 0.891356 0.89812 0.894386 0.89714 0.899847 0.895378 0.898706 0.900712 
0.0779124 0.0953047 0.028508 0.0109552 0.00879241 0.00223785 0.0016871 0.00197743 0.000879844 0.00282969 0.00411598 0.00261715 0.00147813 0.00174396 0.00154862 0.000821316 0.000488669 0.00209048 0.00105011 0.00176471 
0.00245 0.0027 0.00245 0.0024 0.00255 0.0027 0.00255 0.0025 0.0026 0.00275 0.0026 0.00265 0.0027 0.00275 0.0027 0.00275 0.00275 0.0027 0.0028 0.00265 
0.000497494 0.000458258 0.000497494 0.000489898 0.000497494 0.000458258 0.000497494 0.0005 0.000489898 0.000433013 0.000489898 0.00047697 0.000556776 0.000433013 0.000458258 0.000433013 0.000433013 0.000458258 0.000509902 0.00047697 
1 1 1 1 1 1 1 1 1 1 1 1 1 1 1 1 1 1 1 1 
0 0 0 0 0 0 0 0 0 0 0 0 0 0 0 0 0 0 0 0 
0.905792 0.905792 0.905792 0.905792 0.905792 0.905792 0.905792 0.905792 0.905792 0.905792 0.905792 0.905792 0.905792 0.905792 0.905792 0.905792 0.905792 0.905792 0.905792 0.905792 
0.000988266 0.000988266 0.000988266 0.000988266 0.000988266 0.000988266 0.000988266 0.000988266 0.000988266 0.000988266 0.000988266 0.000988266 0.000988266 0.000988266 0.000988266 0.000988266 0.000988266 0.000988266 0.000988266 0.000988266 
0.905513 0.905513 0.905513 0.905513 0.905513 0.905513 0.905513 0.905513 0.905513 0.905513 0.905513 0.905513 0.905513 0.905513 0.905513 0.905513 0.905513 0.905513 0.905513 0.905513 
0.00116515 0.00116515 0.00116515 0.00116515 0.00116515 0.00116515 0.00116515 0.00116515 0.00116515 0.00116515 0.00116515 0.00116515 0.00116515 0.00116515 0.00116515 0.00116515 0.00116515 0.00116515 0.00116515 0.00116515 
0.0029 0.0029 0.0029 0.0029 0.0029 0.0029 0.0029 0.0029 0.0029 0.0029 0.0029 0.0029 0.0029 0.0029 0.0029 0.0029 0.0029 0.0029 0.0029 0.0029 
0.00043589 0.00043589 0.00043589 0.00043589 0.00043589 0.00043589 0.00043589 0.00043589 0.00043589 0.00043589 0.00043589 0.00043589 0.00043589 0.00043589 0.00043589 0.00043589 0.00043589 0.00043589 0.00043589 0.00043589 
0.0153114 0.0246975 0.0344573 0.0537811 0.0781228 0.11532 0.158657 0.228416 0.314893 0.432037 0.566335 0.704075 0.821566 0.897402 0.944546 0.97113 0.985356 0.99226 0.996548 0.998283 
0.00328121 0.000295609 0.0051464 0.00309827 0.00168474 0.00246998 0.00150487 0.00146848 0.00423999 0.00217452 0.00282162 0.00250688 0.0014819 0.00357665 0.0031697 0.00102506 0.000338078 0.000625313 0.000574929 0.000282885 
0.708977 0.771379 0.787171 0.823105 0.846094 0.878381 0.883808 0.889635 0.894413 0.898488 0.897909 0.903514 0.900285 0.903541 0.903719 0.90444 0.903212 0.901192 0.901824 0.904431 
0.0576472 0.0146942 0.0370644 0.00239009 0.00893098 0.00157601 0 0.00450388 0.000708176 0.0021847 0.00139186 0.00165382 0.000552462 0.000177044 0.00148222 0.00122437 0.0010698 0.00116694 0.00118013 0.000799525 
0.71691 0.773896 0.792156 0.812456 0.845448 0.87753 0.88178 0.889133 0.894095 0.898374 0.897256 0.903102 0.899702 0.903356 0.902902 0.903959 0.902715 0.90088 0.901576 0.904348 
0.0568279 0.0214493 0.0340718 0.00872096 0.00921867 0.00178556 0.000489378 0.0040857 0.000546795 0.00230973 0.00133109 0.00187752 0.000664207 0.000276129 0.00156072 0.00118127 0.000956873 0.0010441 0.00142539 0.0010585 
0.0023 0.00245 0.0027 0.00255 0.00265 0.0025 0.0027 0.00305 0.00265 0.00275 0.0028 0.0029 0.0027 0.00295 0.0028 0.0029 0.00305 0.00275 0.0028 0.00295 
0.000458258 0.000497494 0.000458258 0.000497494 0.00047697 0.0005 0.000556776 0.000384057 0.00047697 0.000433013 0.0004 0.0003 0.000556776 0.000384057 0.0006 0.0003 0.000217945 0.000433013 0.0004 0.000384057 
0.0153381 0.0250267 0.0328826 0.0570463 0.0800356 0.115391 0.158256 0.225916 0.313683 0.420836 0.560302 0.699733 0.823754 0.898737 0.944724 0.971593 0.985881 0.992322 0.996851 0.998167 
0.00387418 0.00140927 0.00487869 0.0028327 0.00124504 0.0050298 0.00637359 0.00170881 0.00689301 0.00811628 0.00750078 0.00654517 0.00193493 0.00408474 0.00494017 0.00131994 0.00104858 0.00147405 0.000598405 0.000347317 
0.660658 0.725632 0.76589 0.773078 0.814582 0.83347 0.857064 0.865133 0.878532 0.886842 0.893034 0.900027 0.89952 0.901512 0.903096 0.904555 0.902963 0.901077 0.901655 0.904368 
0.0456416 0.0225158 0.0214199 0.00230157 0.00792134 0.00612392 0.00761289 0.00541302 0.00227402 0.00216795 0.00149855 0.00294766 0.000595753 0.00054699 0.000498221 0.000928682 0.00100699 0.00118628 0.00131372 0.000575135 
0.657452 0.724364 0.77208 0.751236 0.813995 0.829652 0.852682 0.864482 0.878033 0.88723 0.892383 0.899294 0.898911 0.901183 0.902442 0.904074 0.902461 0.900716 0.90139 0.90426 
0.0355803 0.00259966 0.0162308 0.00314908 0.0124474 0.00559986 0.00787278 0.00332033 0.00119016 0.00128271 0.00144553 0.00310814 0.000422486 0.000798322 0.00046221 0.00091081 0.00094651 0.00113411 0.00152918 0.000807995 
0.00275 0.0028 0.0027 0.0028 0.00265 0.0028 0.00295 0.0026 0.0028 0.0027 0.00295 0.00285 0.00285 0.0028 0.00305 0.0029 0.00285 0.003 0.00295 0.0029 
0.000433013 0.0004 0.000458258 0.0004 0.00047697 0.0004 0.000384057 0.000489898 0.000509902 0.000458258 0.000497494 0.00047697 0.00047697 0.0004 0.000384057 0.00043589 0.000357071 0.000316228 0.000217945 0.000538516 
0.0170641 0.0289947 0.0441192 0.0793505 0.127865 0.20742 0.338861 0.514048 0.688416 0.817322 0.902233 0.947384 0.974288 0.986886 0.993052 0.996459 0.998238 0.998932 0.99952 0.99968 
0.000836299 0.001588 0.00256096 0.00274418 0.00253357 0.00932597 0.0116849 0.00429061 0.00759641 0.00488766 0.00280071 0.00226273 0.000366824 0.000720805 0.000888745 0.000750502 0.000280778 0.000373242 0.000127072 0.000199733 
0.767055 0.814395 0.857393 0.881432 0.89073 0.901833 0.899208 0.904235 0.899395 0.899422 0.899306 0.898363 0.899573 0.899351 0.900979 0.898754 0.899431 0.897927 0.900018 0.89976 
0.0224966 0.00769249 0.00967773 0.0108882 0.00174966 0.00203198 0.00168192 0.000625566 0.00267757 0.0023484 0.00147687 0.000901347 0.00115645 0.00194454 0.00223485 0.00138402 0.00217606 0.00169672 0.00179521 0.00124971 
0.761661 0.806334 0.853815 0.879867 0.890278 0.901621 0.898334 0.904109 0.899218 0.899293 0.899206 0.89824 0.899393 0.899248 0.900894 0.898656 0.899217 0.897775 0.899814 0.899641 
0.0205198 0.00829412 0.0118146 0.0100636 0.0022408 0.0024437 0.00212119 0.000581835 0.00279731 0.00236972 0.00145893 0.000858199 0.00122176 0.0019858 0.00222996 0.00135999 0.00210373 0.00169468 0.00182124 0.00127075 
0.0502 0.0502 0.0502 0.05055 0.0501 0.0502 0.05065 0.05035 0.0504 0.0503 0.05055 0.05055 0.05045 0.05065 0.0506 0.0505 0.0501 0.0504 0.0506 0.05075 
0.000678233 0.000509902 0.000748331 0.000739932 0.0006245 0.000748331 0.00047697 0.00047697 0.0008 0.000556776 0.000497494 0.000668954 0.000668954 0.000653835 0.000489898 0.00067082 0.0006245 0.000663325 0.000489898 0.000622495 
1 1 1 1 1 1 1 1 1 1 1 1 1 1 1 1 1 1 1 1 
0 0 0 0 0 0 0 0 0 0 0 0 0 0 0 0 0 0 0 0 
0.917705 0.917705 0.917705 0.917705 0.917705 0.917705 0.917705 0.917705 0.917705 0.917705 0.917705 0.917705 0.917705 0.917705 0.917705 0.917705 0.917705 0.917705 0.917705 0.917705 
0.00535806 0.00535806 0.00535806 0.00535806 0.00535806 0.00535806 0.00535806 0.00535806 0.00535806 0.00535806 0.00535806 0.00535806 0.00535806 0.00535806 0.00535806 0.00535806 0.00535806 0.00535806 0.00535806 0.00535806 
0.917549 0.917549 0.917549 0.917549 0.917549 0.917549 0.917549 0.917549 0.917549 0.917549 0.917549 0.917549 0.917549 0.917549 0.917549 0.917549 0.917549 0.917549 0.917549 0.917549 
0.00473006 0.00473006 0.00473006 0.00473006 0.00473006 0.00473006 0.00473006 0.00473006 0.00473006 0.00473006 0.00473006 0.00473006 0.00473006 0.00473006 0.00473006 0.00473006 0.00473006 0.00473006 0.00473006 0.00473006 
0.0124 0.0124 0.0124 0.0124 0.0124 0.0124 0.0124 0.0124 0.0124 0.0124 0.0124 0.0124 0.0124 0.0124 0.0124 0.0124 0.0124 0.0124 0.0124 0.0124 
0.000734847 0.000734847 0.000734847 0.000734847 0.000734847 0.000734847 0.000734847 0.000734847 0.000734847 0.000734847 0.000734847 0.000734847 0.000734847 0.000734847 0.000734847 0.000734847 0.000734847 0.000734847 0.000734847 0.000734847 
0.00411032 0.00742883 0.0106851 0.0202847 0.027847 0.0448132 0.0734164 0.108016 0.179012 0.280836 0.398621 0.54556 0.702527 0.812002 0.889938 0.942295 0.96984 0.984751 0.992117 0.995827 
0.000748389 0.00182926 0.000673987 0.00161128 0.0018246 0.00261467 0.000383286 0.00505365 0.00504048 0.00463184 0.00380212 0.0129454 0.00858116 0.00435433 0.0020229 0.00181817 0.00113587 0.000974758 0.00129918 0.000371008 
0.68839 0.692678 0.755133 0.78879 0.865676 0.874617 0.906308 0.899395 0.909689 0.910996 0.915854 0.919546 0.921726 0.919333 0.920454 0.918852 0.923826 0.921246 0.918363 0.920294 
0.0679236 0.0811689 0.0610402 0.0200125 0.0153673 0.00402595 0.00645137 0.00274587 0.00154556 0.00375382 0.00468985 0.00305474 0.00361911 0.00404517 0.00403976 0.000678669 0.00240174 0.000855944 0.00334576 0.00131778 
0.71458 0.728317 0.768049 0.795199 0.861393 0.872012 0.905472 0.895129 0.909912 0.908963 0.914211 0.918079 0.921204 0.917885 0.918636 0.918204 0.922765 0.919683 0.917174 0.920354 
0.0428947 0.0950216 0.0220466 0.00547975 0.0184712 0.00723237 0.00607067 0.00502505 0.00135973 0.00512181 0.00554062 0.00418885 0.00407784 0.00541875 0.00507679 0.000986364 0.00317416 0.00103652 0.00376149 0.00075663 
0.0029 0.00315 0.00295 0.00335 0.00335 0.004 0.00485 0.00535 0.0066 0.0081 0.009 0.01015 0.0108 0.01115 0.0119 0.01205 0.01175 0.0117 0.0115 0.01165 
0.00043589 0.000357071 0.000384057 0.00047697 0.000572276 0.000547723 0.000357071 0.000572276 0.000489898 0.000538516 0.000632456 0.000852936 0.0006 0.00047697 0.000768115 0.000668954 0.00053619 0.000640312 0.000806226 0.000726292 
0.0322865 0.0474021 0.0479004 0.0456406 0.0146441 0.020863 0.0489858 0.0530249 0.0535409 0.0615391 0.0831762 0.12161 0.203274 0.359573 0.571406 0.766931 0.892286 0.964164 0.985463 0.994181 
0.020992 0.00265262 0.00156907 0.00444573 0.0160993 0.0223141 0.00062935 0.00376157 0.00585998 0.00150066 0.00519484 0.00528906 0.00766208 0.00650272 0.0112048 0.00926349 0.00508607 0.00293319 0.00226832 0.000860923 
0.783327 0.901948 0.904413 0.830418 0.573336 0.672126 0.897642 0.884528 0.865311 0.900196 0.910294 0.912989 0.916308 0.916228 0.905614 0.919217 0.922233 0.920498 0.918674 0.920178 
0.185751 0.00652699 0.010722 0.0841698 0.0854485 0.190251 0.0150007 0.0118393 0.0142987 0.00530085 0.00725234 0.00314046 0.00358587 0.00178877 0.0147361 0.00167392 0.00190522 0.00109485 0.00357136 0.00103662 
0.833221 0.900894 0.902476 0.796685 0.2984 0.39857 0.900239 0.88438 0.871279 0.897126 0.909055 0.911709 0.91644 0.915107 0.901678 0.918767 0.920983 0.918912 0.917562 0.920184 
0.10929 0.00770935 0.0126377 0.119388 0.335484 0.440679 0.0126395 0.0102127 0.0128712 0.00688756 0.00805066 0.0029737 0.00290959 0.00239894 0.0164643 0.00133578 0.00251323 0.00144877 0.00406256 0.000612754 
0.00855 0.0092 0.009 0.00885 0.0077 0.008 0.0091 0.00895 0.00905 0.0094 0.00985 0.0102 0.01135 0.0129 0.01455 0.01535 0.0152 0.0155 0.0154 0.01555 
0.000920598 0.0004 0.000547723 0.00047697 0.000714143 0.000894427 0.000538516 0.000497494 0.000668954 0.000489898 0.000357071 0.0004 0.00047697 0.00043589 0.000739932 0.000572276 0.000509902 0.000591608 0.000734847 0.000589491 
0.0329982 0.0481673 0.0474466 0.0480694 0.0145107 0.0218861 0.0477847 0.0498043 0.0515391 0.0614324 0.0807473 0.124475 0.20605 0.365685 0.571931 0.766868 0.890694 0.967384 0.98556 0.994279 
0.0214754 0.00354495 0.00131994 0.00476532 0.0164922 0.0228384 0.00141509 0.00260353 0.00749051 0.00181623 0.00620269 0.00491421 0.0104945 0.00811089 0.0129489 0.0097311 0.00853297 0.00467437 0.00294766 0.00096689 
0.742544 0.839048 0.837055 0.811014 0.634199 0.647891 0.847447 0.826246 0.841601 0.832064 0.871735 0.86855 0.88089 0.908247 0.910863 0.917002 0.922731 0.918479 0.920027 0.920578 
0.125959 0.0171696 0.0201641 0.0154864 0.149363 0.165908 0.0156159 0.00183498 0.00948427 0.0212376 0.0125366 0.00429444 0.00974975 0.00265135 0.00639245 0.00300415 0.00323964 0.00433824 0.0017393 0.00096361 
0.733745 0.837483 0.841092 0.788703 0.715387 0.738279 0.838072 0.817265 0.842481 0.816825 0.869107 0.863845 0.881084 0.908417 0.910283 0.917363 0.921585 0.916877 0.919148 0.920605 
0.152752 0.0212657 0.0158501 0.0243306 0.0577411 0.0821451 0.0240548 0.0139801 0.00376599 0.0312869 0.014971 0.00652255 0.00579562 0.00428303 0.00621102 0.00213657 0.0035576 0.00434665 0.00214137 0.000603204 
0.0034 0.0036 0.0035 0.0037 0.0028 0.003 0.00375 0.0036 0.0036 0.0035 0.0038 0.0046 0.0059 0.0072 0.009 0.0116 0.01285 0.01365 0.013 0.0135 
0.000663325 0.000489898 0.0005 0.000556776 0.0006 0.000707107 0.00053619 0.000489898 0.000489898 0.000591608 0.0006 0.000489898 0.000538516 0.0004 0.000774597 0.000583095 0.000572276 0.000852936 0.000894427 0.0005 
0 0 0 0 0 0 0 0 0 0 0 0 0 0 0 0 0 0 0 0 
0 0 0 0 0 0 0 0 0 0 0 0 0 0 0 0 0 0 0 0 
0 0 0 0 0 0 0 0 0 0 0 0 0 0 0 0 0 0 0 0 
0 0 0 0 0 0 0 0 0 0 0 0 0 0 0 0 0 0 0 0 
0 0 0 0 0 0 0 0 0 0 0 0 0 0 0 0 0 0 0 0 
0 0 0 0 0 0 0 0 0 0 0 0 0 0 0 0 0 0 0 0 
0 0 0 0 0 0 0 0 0 0 0 0 0 0 0 0 0 0 0 0 
0 0 0 0 0 0 0 0 0 0 0 0 0 0 0 0 0 0 0 0 
