1 1 1 1 1 1 1 1 1 1 1 1 1 1 1 1 1 1 1 1 
0 0 0 0 0 0 0 0 0 0 0 0 0 0 0 0 0 0 0 0 
0.917156 0.917156 0.917156 0.917156 0.917156 0.917156 0.917156 0.917156 0.917156 0.917156 0.917156 0.917156 0.917156 0.917156 0.917156 0.917156 0.917156 0.917156 0.917156 0.917156 
0.00177585 0.00177585 0.00177585 0.00177585 0.00177585 0.00177585 0.00177585 0.00177585 0.00177585 0.00177585 0.00177585 0.00177585 0.00177585 0.00177585 0.00177585 0.00177585 0.00177585 0.00177585 0.00177585 0.00177585 
0.826295 0.826295 0.826295 0.826295 0.826295 0.826295 0.826295 0.826295 0.826295 0.826295 0.826295 0.826295 0.826295 0.826295 0.826295 0.826295 0.826295 0.826295 0.826295 0.826295 
0.00372356 0.00372356 0.00372356 0.00372356 0.00372356 0.00372356 0.00372356 0.00372356 0.00372356 0.00372356 0.00372356 0.00372356 0.00372356 0.00372356 0.00372356 0.00372356 0.00372356 0.00372356 0.00372356 0.00372356 
0.00195 0.00195 0.00195 0.00195 0.00195 0.00195 0.00195 0.00195 0.00195 0.00195 0.00195 0.00195 0.00195 0.00195 0.00195 0.00195 0.00195 0.00195 0.00195 0.00195 
0.000497494 0.000497494 0.000497494 0.000497494 0.000497494 0.000497494 0.000497494 0.000497494 0.000497494 0.000497494 0.000497494 0.000497494 0.000497494 0.000497494 0.000497494 0.000497494 0.000497494 0.000497494 0.000497494 0.000497494 
0.00213675 0.00330225 0.00533023 0.0138928 0.0261072 0.0704118 0.134172 0.247576 0.387102 0.529806 0.701166 0.765346 0.868314 0.93704 0.963838 0.981632 0.991375 0.996931 0.998166 0.99892 
0.00075633 0.00193277 0.00108235 0.00106582 0.00356066 0.010638 0.000221956 0.00216407 0.0013986 0.00833169 2.22045e-016 0 0.0016257 0.00145635 0.00013986 9.32401e-005 0.000610823 0.000290207 9.32401e-005 3.38687e-005 
0.762113 0.760653 0.759705 0.745672 0.727288 0.732797 0.772945 0.845587 0.880249 0.89885 0.909868 0.906449 0.912813 0.92216 0.92648 0.916348 0.923504 0.921989 0.921585 0.919744 
0.000665867 0.00123697 0.000463864 0.00296908 0.0329718 0.011713 0.00188662 0.00382874 0.00018648 0.000745111 3.33067e-016 3.33067e-016 3.38687e-005 0.00196438 0.00191142 0.00358974 0.00255532 0.00259941 0.000652681 0.000372555 
0.0144377 0.018035 0.0111202 0.0628243 0.0989558 0.344766 0.431782 0.64762 0.740573 0.784122 0.808454 0.802493 0.816695 0.836823 0.845851 0.824653 0.839556 0.836334 0.835625 0.831723 
0.0145546 0.0184981 0.00379514 0.0138791 0.0929661 0.054511 0.00444604 0.00928709 0.00234708 0.00256937 1.11022e-016 2.22045e-016 0.00013667 0.00419482 0.00399158 0.0075095 0.0053632 0.00542865 0.00133674 0.000792869 
0.002 0.00165 0.002 0.0021 0.0018 0.00185 0.00205 0.002 0.0021 0.00185 0.0018 0.00185 0.00185 0.00175 0.00185 0.00185 0.00185 0.00195 0.0021 0.0019 
0.000547723 0.00047697 0.000316228 0.0003 0.0004 0.000357071 0.000384057 0.000547723 0.000538516 0.00047697 0.0004 0.00047697 0.00047697 0.000433013 0.000357071 0.000357071 0.00047697 0.000497494 0.0003 0.00043589 
0.00198135 0.00282051 0.0048174 0.0141414 0.0237918 0.0691919 0.135789 0.241694 0.387428 0.53237 0.70303 0.767366 0.869977 0.934483 0.962098 0.982176 0.991927 0.997762 0.998368 0.998936 
0.000908626 0.00208739 0.00154621 0.00190326 0.00334702 0.0121776 0.00266347 0.000998801 0.00470862 0.00934776 0 2.22045e-016 0.00250628 0.000406424 0.000512821 0.00032634 0.000898738 0.000150666 0.0002331 0.000101606 
0.672036 0.68157 0.710008 0.686682 0.601492 0.666045 0.81972 0.898096 0.878943 0.872953 0.918726 0.921523 0.908019 0.913761 0.923823 0.916457 0.915439 0.922012 0.921865 0.919891 
0.019589 0.0388099 0.0524166 0.0660049 0.00655162 0.0609876 0.00699161 0.00305189 0.0013986 0.00572381 1.11022e-016 0 0.000745111 0.00138862 0.000559441 0.00205128 0.00149481 0.00253796 0.000559441 0.000338687 
0.248502 0.21862 0.352422 0.405044 0.281519 0.345371 0.61758 0.789622 0.746127 0.732451 0.83014 0.835451 0.8068 0.819716 0.840513 0.825196 0.822645 0.83638 0.836211 0.831981 
0.0525269 0.0315264 0.00826797 0.162637 0.00375576 0.0995283 0.0205317 0.002267 0.00232288 0.0127115 2.22045e-016 1.11022e-016 0.00175025 0.00269937 0.00107618 0.00419636 0.00315409 0.00530652 0.0011413 0.000733798 
0.00185 0.0019 0.00205 0.00195 0.0019 0.00195 0.00195 0.00195 0.002 0.00185 0.0021 0.00195 0.0019 0.002 0.0019 0.00195 0.00175 0.00185 0.0018 0.00185 
0.000357071 0.0003 0.000497494 0.000497494 0.0003 0.000497494 0.000497494 0.000217945 0.000447214 0.00047697 0.0003 0.000384057 0.0003 0.000447214 0.00043589 0.000217945 0.000433013 0.00047697 0.0004 0.000357071 
1 1 1 1 1 1 1 1 1 1 1 1 1 1 1 1 1 1 1 1 
0 0 0 0 0 0 0 0 0 0 0 0 0 0 0 0 0 0 0 0 
0.936939 0.936939 0.936939 0.936939 0.936939 0.936939 0.936939 0.936939 0.936939 0.936939 0.936939 0.936939 0.936939 0.936939 0.936939 0.936939 0.936939 0.936939 0.936939 0.936939 
0.000757486 0.000757486 0.000757486 0.000757486 0.000757486 0.000757486 0.000757486 0.000757486 0.000757486 0.000757486 0.000757486 0.000757486 0.000757486 0.000757486 0.000757486 0.000757486 0.000757486 0.000757486 0.000757486 0.000757486 
0.864981 0.864981 0.864981 0.864981 0.864981 0.864981 0.864981 0.864981 0.864981 0.864981 0.864981 0.864981 0.864981 0.864981 0.864981 0.864981 0.864981 0.864981 0.864981 0.864981 
0.00194029 0.00194029 0.00194029 0.00194029 0.00194029 0.00194029 0.00194029 0.00194029 0.00194029 0.00194029 0.00194029 0.00194029 0.00194029 0.00194029 0.00194029 0.00194029 0.00194029 0.00194029 0.00194029 0.00194029 
0.002 0.002 0.002 0.002 0.002 0.002 0.002 0.002 0.002 0.002 0.002 0.002 0.002 0.002 0.002 0.002 0.002 0.002 0.002 0.002 
0.000447214 0.000447214 0.000447214 0.000447214 0.000447214 0.000447214 0.000447214 0.000447214 0.000447214 0.000447214 0.000447214 0.000447214 0.000447214 0.000447214 0.000447214 0.000447214 0.000447214 0.000447214 0.000447214 0.000447214 
0.0010878 0.00167832 0.00382284 0.00848485 0.0157731 0.0438772 0.0920124 0.149744 0.238741 0.353069 0.490287 0.630614 0.762292 0.86202 0.924103 0.959953 0.97972 0.991158 0.994732 0.99648 
0.0001554 0.000309242 0.000409384 0.00121808 0.000356066 0.00283505 0.000332934 0.00244151 0.00200466 0.000677374 5.55112e-017 0 0.00111767 6.77374e-005 0.00121212 0.00013986 0.000362785 0.000609636 0.000512821 0.000237081 
0.703706 0.650171 0.609542 0.623248 0.615835 0.661538 0.774211 0.844048 0.884413 0.91136 0.921523 0.924942 0.932696 0.933318 0.933675 0.937731 0.93749 0.93648 0.936845 0.941639 
0.056242 0.00409746 0.0083813 0.00274069 0.0336839 0.0233292 0.00260798 0.00460558 0.00382284 0.000270949 0 0 0.000745111 0.000609636 0.000559441 0.00125874 0.000290207 0.000465877 0.00018648 0.00104993 
0.125719 0.199479 0.261752 0.242546 0.259079 0.284647 0.482295 0.658136 0.743981 0.807684 0.83217 0.840436 0.855851 0.857788 0.858685 0.867461 0.865786 0.864161 0.864588 0.874893 
0.0845575 0.0103649 0.0053368 0.0147248 0.0164254 0.0176938 0.0151004 0.00328286 0.00880315 0.000529817 1.11022e-016 1.11022e-016 0.00148685 0.00116121 0.0012194 0.0027764 0.0010459 0.000680879 0.000236653 0.00228001 
0.0017 0.00195 0.002 0.00175 0.00185 0.00175 0.00195 0.00215 0.00205 0.00195 0.002 0.0019 0.00195 0.00195 0.002 0.002 0.0019 0.00195 0.0021 0.00175 
0.000556776 0.000384057 0.000447214 0.000433013 0.000357071 0.00053619 0.000589491 0.000572276 0.000384057 0.000217945 0.000316228 0.00043589 0.000497494 0.000589491 0.000316228 0.000447214 0.0003 0.000217945 0.00043589 0.000433013 
0.0011655 0.00135198 0.00359751 0.00814297 0.014561 0.0441259 0.092603 0.147094 0.23697 0.364802 0.497591 0.632168 0.762945 0.858601 0.922813 0.960466 0.979744 0.992611 0.994561 0.995905 
0.0003885 0.000463864 0.000652449 0.00258843 0.000503794 0.00476282 0.0029964 0.00316287 0.00554779 0.00304818 1.66533e-016 1.11022e-016 0.000982192 0.00142248 0.00107226 0.000652681 0.000393978 0.00107381 0.000932401 0.000440293 
0.683621 0.625765 0.59777 0.589184 0.601896 0.623838 0.734942 0.783077 0.851577 0.884577 0.908159 0.918415 0.927358 0.932036 0.932012 0.93798 0.937615 0.936123 0.93669 0.941484 
0.0543455 0.0228839 0.0189386 0.00639494 0.0223542 0.024457 0.0117082 0.00965508 0.00041958 0.000169343 3.33067e-016 3.33067e-016 0.000304818 0.000237081 0.0002331 0.00191142 0.000232971 0.000355982 0.00018648 0.00104993 
0.173141 0.220275 0.267701 0.269431 0.269886 0.272548 0.418081 0.538094 0.671979 0.751963 0.807178 0.825175 0.843167 0.854967 0.855415 0.868101 0.866035 0.863406 0.864218 0.874523 
0.04664 0.0333559 0.00177713 0.00265162 0.0249444 0.0102689 0.0167982 0.0117497 0.000826584 0.00235825 1.11022e-016 0 0.000299788 0.000816968 0.000481513 0.00422103 0.000974451 0.000468349 0.000209097 0.00226118 
0.00195 0.0019 0.002 0.00195 0.0018 0.00185 0.002 0.00205 0.00195 0.002 0.002 0.00205 0.00195 0.0019 0.00185 0.0019 0.00205 0.00205 0.0021 0.00205 
0.000384057 0.00043589 0.000316228 0.000217945 0.0006 0.000357071 0.000316228 0.000384057 0.000217945 8.67362e-019 8.67362e-019 0.000217945 0.000384057 0.0003 0.000357071 0.00043589 0.000384057 0.000217945 0.0003 0.000497494 
1 1 1 1 1 1 1 1 1 1 1 1 1 1 1 1 1 1 1 1 
0 0 0 0 0 0 0 0 0 0 0 0 0 0 0 0 0 0 0 0 
0.941538 0.941538 0.941538 0.941538 0.941538 0.941538 0.941538 0.941538 0.941538 0.941538 0.941538 0.941538 0.941538 0.941538 0.941538 0.941538 0.941538 0.941538 0.941538 0.941538 
0.00252524 0.00252524 0.00252524 0.00252524 0.00252524 0.00252524 0.00252524 0.00252524 0.00252524 0.00252524 0.00252524 0.00252524 0.00252524 0.00252524 0.00252524 0.00252524 0.00252524 0.00252524 0.00252524 0.00252524 
0.871666 0.871666 0.871666 0.871666 0.871666 0.871666 0.871666 0.871666 0.871666 0.871666 0.871666 0.871666 0.871666 0.871666 0.871666 0.871666 0.871666 0.871666 0.871666 0.871666 
0.00497238 0.00497238 0.00497238 0.00497238 0.00497238 0.00497238 0.00497238 0.00497238 0.00497238 0.00497238 0.00497238 0.00497238 0.00497238 0.00497238 0.00497238 0.00497238 0.00497238 0.00497238 0.00497238 0.00497238 
0.00205 0.00205 0.00205 0.00205 0.00205 0.00205 0.00205 0.00205 0.00205 0.00205 0.00205 0.00205 0.00205 0.00205 0.00205 0.00205 0.00205 0.00205 0.00205 0.00205 
0.000384057 0.000384057 0.000384057 0.000384057 0.000384057 0.000384057 0.000384057 0.000384057 0.000384057 0.000384057 0.000384057 0.000384057 0.000384057 0.000384057 0.000384057 0.000384057 0.000384057 0.000384057 0.000384057 0.000384057 
0.00139083 0.00193473 0.00465423 0.0100155 0.0191764 0.0513598 0.0977855 0.158656 0.252277 0.365548 0.503963 0.64289 0.770109 0.867475 0.928407 0.961554 0.980692 0.991632 0.995431 0.996791 
0.000166467 0.000451664 0.000614715 0.00199402 0.000406424 0.000205575 0.00283829 0.00294091 0.00111888 0.000474162 0 2.22045e-016 0.000440293 0.000135475 0.000606061 0.00027972 0.000169343 0.000552217 0.00027972 0.000237081 
0.727397 0.668446 0.752657 0.723512 0.694786 0.725913 0.782642 0.856636 0.895105 0.917537 0.92805 0.932712 0.935633 0.937855 0.937949 0.942704 0.94202 0.941127 0.940808 0.944359 
0.0409507 0.0289455 0.00899447 0.00443356 0.00149336 0.00876075 0.00496238 0.00127625 0.0018648 0.000237081 2.22045e-016 1.11022e-016 0.000135475 6.77374e-005 0.000792541 0.00125874 0.000343642 0.00042636 4.662e-005 0.000711242 
0.097071 0.173981 0.0280926 0.114088 0.171981 0.241053 0.410909 0.648192 0.755178 0.813261 0.841384 0.852671 0.857467 0.86391 0.863983 0.874931 0.871986 0.871156 0.86987 0.877662 
0.0616761 0.0401465 0.0268051 0.0115878 0.0140708 0.0271278 0.0098038 0.00376359 0.00545429 0.00130188 3.33067e-016 0 0.000126035 0.000155904 0.00183104 0.00300484 0.00143335 0.000349091 0.000380385 0.00161183 
0.00215 0.002 0.00215 0.00205 0.0019 0.0021 0.00225 0.00215 0.00225 0.00215 0.00215 0.00215 0.00225 0.00215 0.00215 0.0021 0.00215 0.00215 0.00215 0.0021 
0.000357071 0.000316228 0.000357071 0.000217945 0.0003 0.0003 0.00053619 0.000357071 0.000433013 0.000357071 0.000357071 0.000357071 0.000433013 0.000357071 0.000357071 0.0003 0.000357071 0.000357071 0.000357071 0.0003 
0.00142968 0.00150738 0.0043512 0.00979021 0.0172572 0.0508469 0.0967754 0.15568 0.251437 0.378182 0.51251 0.643201 0.770427 0.865812 0.926946 0.96174 0.980979 0.993504 0.99512 0.996208 
0.00055074 0.000675767 0.0010878 0.00361318 0.000435329 0.00274826 0.00517179 0.0039952 0.004662 0.00298044 0 1.11022e-016 0.000474162 0.00101606 0.00041958 0.000559441 0.000204987 0.00101499 0.000745921 0.000406424 
0.695936 0.677319 0.662051 0.681267 0.706092 0.715641 0.757257 0.811717 0.865423 0.896636 0.912665 0.922455 0.930194 0.936099 0.936006 0.94289 0.941779 0.940233 0.940357 0.944646 
0.0351788 0.0409396 0.038036 0.00983665 0.0186074 0.0100842 0.00269988 0.0075465 0.0032634 0.000575768 3.33067e-016 1.11022e-016 0.000135475 0.000135475 0.000559441 0.0020979 0.000604415 0.000530186 9.32401e-005 0.000812848 
0.155274 0.17403 0.346074 0.352071 0.346252 0.32029 0.387391 0.554936 0.678215 0.766802 0.810007 0.828227 0.844524 0.860267 0.859977 0.87576 0.871357 0.868994 0.868749 0.878454 
0.0389932 0.0530508 0.0324929 0.0309376 0.0325441 0.0115619 0.0209385 0.00235628 0.006294 0.00355261 2.22045e-016 2.22045e-016 0.000211408 0.000761836 0.00150157 0.00493968 0.00197243 0.000722358 0.000498421 0.00186174 
0.00215 0.00195 0.0022 0.002 0.00205 0.00215 0.0021 0.0022 0.00215 0.0022 0.00225 0.00215 0.00205 0.00225 0.0022 0.0023 0.0022 0.00225 0.0023 0.0023 
0.000357071 0.000217945 0.0004 0.000316228 0.000217945 0.000357071 0.0003 0.0004 0.000357071 0.0004 0.000433013 0.000357071 0.000217945 0.000433013 0.0004 0.000458258 0.0004 0.000433013 0.000458258 0.000458258 
1 1 1 1 1 1 1 1 1 1 1 1 1 1 1 1 1 1 1 1 
0 0 0 0 0 0 0 0 0 0 0 0 0 0 0 0 0 0 0 0 
0.940008 0.940008 0.940008 0.940008 0.940008 0.940008 0.940008 0.940008 0.940008 0.940008 0.940008 0.940008 0.940008 0.940008 0.940008 0.940008 0.940008 0.940008 0.940008 0.940008 
0.00153954 0.00153954 0.00153954 0.00153954 0.00153954 0.00153954 0.00153954 0.00153954 0.00153954 0.00153954 0.00153954 0.00153954 0.00153954 0.00153954 0.00153954 0.00153954 0.00153954 0.00153954 0.00153954 0.00153954 
0.86882 0.86882 0.86882 0.86882 0.86882 0.86882 0.86882 0.86882 0.86882 0.86882 0.86882 0.86882 0.86882 0.86882 0.86882 0.86882 0.86882 0.86882 0.86882 0.86882 
0.0034466 0.0034466 0.0034466 0.0034466 0.0034466 0.0034466 0.0034466 0.0034466 0.0034466 0.0034466 0.0034466 0.0034466 0.0034466 0.0034466 0.0034466 0.0034466 0.0034466 0.0034466 0.0034466 0.0034466 
0.0022 0.0022 0.0022 0.0022 0.0022 0.0022 0.0022 0.0022 0.0022 0.0022 0.0022 0.0022 0.0022 0.0022 0.0022 0.0022 0.0022 0.0022 0.0022 0.0022 
0.0004 0.0004 0.0004 0.0004 0.0004 0.0004 0.0004 0.0004 0.0004 0.0004 0.0004 0.0004 0.0004 0.0004 0.0004 0.0004 0.0004 0.0004 0.0004 0.0004 
0.00142191 0.00243201 0.00517483 0.0111267 0.022129 0.0601632 0.111904 0.185983 0.276286 0.394584 0.536752 0.676768 0.797249 0.885221 0.938446 0.967273 0.982805 0.993364 0.996193 0.997545 
0.000518382 0.000198249 0.00115154 0.00152451 0.000872735 0.00364488 0.00209986 0.000443912 0.00135198 0.00077898 0 2.22045e-016 0.000474162 0.000270949 0.00041958 0.00027972 0.00065614 0.000110978 0.0002331 0.000135475 
0.726395 0.61805 0.673722 0.643434 0.680155 0.723683 0.808477 0.882238 0.902642 0.918936 0.929604 0.932401 0.933932 0.939946 0.938446 0.939658 0.939713 0.938904 0.937793 0.944343 
0.0313727 0.0900415 0.0190875 0.0446259 0.0135381 0.0119341 0.00227887 0.00288543 0.0011655 0.000237081 5.55112e-016 1.11022e-016 0.000575768 0.000304818 0.000885781 0.00013986 0.000143061 0.000315715 0.00032634 0.00145635 
0.102257 0.213824 0.194451 0.22039 0.204187 0.30563 0.531608 0.734943 0.776989 0.819558 0.845551 0.85309 0.854611 0.869293 0.865503 0.86835 0.86774 0.866519 0.864512 0.878053 
0.0634302 0.0944208 0.0230754 0.0491572 0.02291 0.00785016 0.00994682 0.0136193 0.00369378 0.00133218 1.11022e-016 0 0.00175091 0.000931217 0.00207991 0.000372594 0.000500818 0.000406406 0.000642863 0.00302146 
0.0022 0.00235 0.00205 0.0023 0.0023 0.00215 0.0022 0.00235 0.00225 0.0023 0.0023 0.0022 0.00235 0.00235 0.00225 0.0023 0.0023 0.0025 0.00255 0.00245 
0.0004 0.00047697 0.000217945 0.000458258 0.000458258 0.000357071 0.0004 0.00047697 0.000433013 0.000458258 0.000458258 0.0004 0.00047697 0.00047697 0.000433013 0.000458258 0.000458258 0.0005 0.000497494 0.000497494 
0.0014763 0.00193473 0.00479409 0.0110256 0.0200777 0.0584149 0.111919 0.180785 0.277032 0.4046 0.544988 0.679876 0.798834 0.883232 0.937016 0.967413 0.983559 0.995509 0.996146 0.997405 
0.000758919 0.000338598 0.00154799 0.00250116 0.000803886 0.00545362 0.00129794 0.00160918 0.00452214 0.000948323 2.22045e-016 2.22045e-016 0.000338687 0.0010838 0.00032634 0.000792541 0.00102564 6.77374e-005 0.000559441 0.000203212 
0.6815 0.632844 0.618298 0.58763 0.597871 0.669005 0.761593 0.816698 0.868594 0.896744 0.914685 0.921989 0.930559 0.93728 0.938213 0.939518 0.939394 0.938889 0.937653 0.944033 
0.053685 0.0286786 0.00453914 0.0158519 0.0196165 0.0220903 0.008623 0.00238603 0.000652681 0.000304818 0 2.22045e-016 0.000101606 0.0010838 0.00018648 0.000559441 0.000255349 0.000290207 0.00037296 0.00145635 
0.176498 0.211657 0.257025 0.271252 0.266258 0.285845 0.440461 0.587094 0.69811 0.770063 0.815338 0.829368 0.847091 0.863306 0.865301 0.868148 0.866952 0.866403 0.86424 0.877377 
0.0463503 0.0295872 0.00942824 0.0255781 0.0134424 0.0245942 0.015808 0.0026196 0.000857687 0.0013027 3.33067e-016 0 0.000527253 0.00264528 0.000649778 0.00124707 0.000723696 0.000394799 0.000703397 0.00300058 
0.00225 0.0022 0.00275 0.0024 0.00225 0.0023 0.0023 0.0025 0.0024 0.0025 0.00245 0.0027 0.0024 0.0024 0.0026 0.0024 0.0025 0.0023 0.00245 0.0024 
0.000433013 0.0004 0.000433013 0.000489898 0.000433013 0.000458258 0.000458258 0.000591608 0.000489898 0.0005 0.000497494 0.000458258 0.000489898 0.000489898 0.000489898 0.000489898 0.0005 0.000458258 0.000497494 0.000489898 
0.0194328 0.0531702 0.0955556 0.162595 0.277809 0.421608 0.57648 0.723559 0.853924 0.921103 0.9554 0.978244 0.989176 0.994437 0.996783 0.99871 0.999829 1 1 1 
0.00349649 0.00453845 0.00397196 0.00471278 0.00436923 0.00567848 0.00568864 0.0107649 0.0027972 0.00115154 2.22045e-016 5.55112e-016 0.000237081 0.000135475 0.00013986 0.00013986 6.77374e-005 0 0 0 
0.80561 0.919479 0.949852 0.956076 0.963644 0.966006 0.97101 0.968011 0.971018 0.97035 0.970319 0.969697 0.972339 0.972789 0.971546 0.970427 0.971904 0.972976 0.970179 0.970591 
0.0111018 0.00857976 0.00713761 0.00309409 0.00214175 0.00230594 0.00140676 0.00116527 0.0002331 0.000135475 0 5.55112e-016 0.000677374 6.77374e-005 0.00041958 0.00032634 0.000665867 0.000332934 0.000979021 0.000169343 
0.376482 0.810201 0.89189 0.904694 0.922545 0.927567 0.938981 0.932634 0.939094 0.937781 0.937643 0.93642 0.941963 0.942908 0.940318 0.937954 0.94105 0.9433 0.937412 0.938256 
0.0635366 0.027265 0.01571 0.00721956 0.00459522 0.00529676 0.00304811 0.00249041 0.000483766 0.000249493 2.22045e-016 2.22045e-016 0.00142123 0.000142123 0.000874473 0.000690575 0.00139708 0.000698542 0.00206031 0.000351039 
0.0197 0.01935 0.01935 0.01955 0.0193 0.01955 0.01965 0.01975 0.01975 0.01945 0.0193 0.01915 0.0194 0.0193 0.01925 0.01955 0.0195 0.0195 0.01985 0.01945 
0.000458258 0.000572276 0.00047697 0.000497494 0.000458258 0.000497494 0.00047697 0.000433013 0.00053619 0.000589491 0.000556776 0.000572276 0.000583095 0.000458258 0.00053619 0.000589491 0.0005 0.00074162 0.000572276 0.000668954 
1 1 1 1 1 1 1 1 1 1 1 1 1 1 1 1 1 1 1 1 
0 0 0 0 0 0 0 0 0 0 0 0 0 0 0 0 0 0 0 0 
0.978361 0.978361 0.978361 0.978361 0.978361 0.978361 0.978361 0.978361 0.978361 0.978361 0.978361 0.978361 0.978361 0.978361 0.978361 0.978361 0.978361 0.978361 0.978361 0.978361 
0.00295541 0.00295541 0.00295541 0.00295541 0.00295541 0.00295541 0.00295541 0.00295541 0.00295541 0.00295541 0.00295541 0.00295541 0.00295541 0.00295541 0.00295541 0.00295541 0.00295541 0.00295541 0.00295541 0.00295541 
0.954095 0.954095 0.954095 0.954095 0.954095 0.954095 0.954095 0.954095 0.954095 0.954095 0.954095 0.954095 0.954095 0.954095 0.954095 0.954095 0.954095 0.954095 0.954095 0.954095 
0.00681986 0.00681986 0.00681986 0.00681986 0.00681986 0.00681986 0.00681986 0.00681986 0.00681986 0.00681986 0.00681986 0.00681986 0.00681986 0.00681986 0.00681986 0.00681986 0.00681986 0.00681986 0.00681986 0.00681986 
0.0035 0.0035 0.0035 0.0035 0.0035 0.0035 0.0035 0.0035 0.0035 0.0035 0.0035 0.0035 0.0035 0.0035 0.0035 0.0035 0.0035 0.0035 0.0035 0.0035 
0.0005 0.0005 0.0005 0.0005 0.0005 0.0005 0.0005 0.0005 0.0005 0.0005 0.0005 0.0005 0.0005 0.0005 0.0005 0.0005 0.0005 0.0005 0.0005 0.0005 
0.0016317 0.00399378 0.00637918 0.0131935 0.0172261 0.0303652 0.0663092 0.0924165 0.129355 0.199852 0.30704 0.471484 0.603675 0.766092 0.862347 0.916939 0.963139 0.983209 0.988936 0.993955 
0.000930456 0.000675767 0.000755691 0.00131669 0.00212749 0.000988228 0.0045892 0.00516833 0.00304497 0.00264978 0.00528351 0 0.00111767 0.00419972 0.00231937 0.0016435 0.00308092 0.000576187 0.000507376 6.77374e-005 
0.783916 0.796255 0.796247 0.881943 0.940396 0.932914 0.938314 0.964942 0.975369 0.974646 0.978617 0.977156 0.979635 0.978531 0.979254 0.980186 0.979277 0.979557 0.972113 0.979666 
0.0265851 0.100764 0.0993956 0.00845541 0.0257768 0.0352498 0.00665767 0.00187796 0.000580415 0.0229547 0.000406424 1.11022e-016 3.38687e-005 0.000101606 0.000275808 0.000252973 0.00024212 0.000248032 0.00258846 0.00193051 
0.318767 0.691689 0.673601 0.764431 0.880683 0.874013 0.876686 0.924542 0.948945 0.949015 0.955201 0.952657 0.956842 0.954327 0.956415 0.95804 0.956412 0.956667 0.942621 0.957697 
0.352431 0.114493 0.0856851 0.0115142 0.0396272 0.055932 0.00830068 0.00530319 0.000958826 0.0374783 0.00107499 1.11022e-016 0.000145105 0.000166057 0.000491414 0.000411828 0.000352813 0.000402787 0.00489909 0.00383304 
0.0021 0.00205 0.0025 0.0026 0.00225 0.0023 0.00295 0.0031 0.0029 0.00275 0.003 0.00325 0.00325 0.00325 0.0032 0.00315 0.00325 0.0035 0.0041 0.00335 
0.0003 0.000384057 0.0005 0.000489898 0.000433013 0.000458258 0.000497494 0.0003 0.00043589 0.00053619 0.000447214 0.000433013 0.000433013 0.000433013 0.0004 0.000357071 0.000433013 0.000591608 0.000538516 0.000572276 
0.0001554 0.0001554 0.000606061 0.00037296 0.00035742 0.0150816 0.0150194 0.0180653 0.0206915 0.028073 0.0422145 0.0933955 0.128928 0.269619 0.474406 0.678314 0.868609 0.950287 0.978617 0.99209 
0 0 0.00164526 7.61302e-005 0.000148242 0.00190165 0.00607539 0.00132124 0.000709202 0.000375139 0.00111767 2.77556e-017 0.00314979 0.00270949 0.00206606 0.00656545 0.00688328 0.000979021 0.00114554 6.77374e-005 
0.526092 0.473753 0.480466 0.761616 0.6046 0.709409 0.890373 0.955307 0.963124 0.977234 0.9731 0.957731 0.980186 0.975501 0.979806 0.980132 0.979782 0.979775 0.972098 0.97965 
0.260382 0.260382 0.255916 2.22045e-016 0.239846 0.108095 0.0542942 0.0134959 0.0327543 0.00640326 0.00751885 4.44089e-016 0.00101606 0.000914454 0.000418356 0.000101606 0.00041958 0.000101606 0.00254186 0.00199825 
0.173155 0.211634 0.21391 0 0.115437 0.620648 0.666303 0.899777 0.915901 0.951771 0.942171 0.914787 0.958382 0.947829 0.957631 0.957884 0.957659 0.957125 0.942619 0.957665 
0.19143 0.19143 0.193732 0 0.176333 0.0908145 0.280346 0.0346698 0.0914251 0.01491 0.0185595 1.11022e-016 0.00192304 0.00200739 0.000974978 0.000337703 0.000738133 0.000197336 0.00478018 0.00397208 
0.0058 0.00565 0.0057 0.0056 0.00565 0.00585 0.00615 0.00615 0.00585 0.00595 0.006 0.0063 0.00605 0.00645 0.0067 0.0063 0.00675 0.0068 0.0073 0.0068 
0.0004 0.00047697 0.000556776 0.000583095 0.00047697 0.000572276 0.000357071 0.000572276 0.000357071 0.000589491 0.000547723 0.000458258 0.000217945 0.000497494 0.000458258 0.000458258 0.000433013 0.0006 0.000556776 0.000509902 
8.54701e-005 6.21601e-005 0.000567211 0.0003108 0.00020202 0.013885 0.0152292 0.0160684 0.0212199 0.0286014 0.0447475 0.0979021 0.127071 0.272214 0.47777 0.67136 0.870824 0.950987 0.97756 0.991476 
7.73106e-005 7.61302e-005 0.00183693 0 0.000148242 0.00278738 0.00633263 0.00261072 0.00111572 0.000971064 0.00132088 0 0.00318366 0.00291271 0.00205544 0.0086306 0.0096985 0.00121212 0.00189716 0.000101606 
0.257879 0.252587 0.435859 0.53892 0.3954 0.885012 0.769713 0.907218 0.898524 0.935462 0.962556 0.880653 0.875835 0.968842 0.974942 0.980692 0.977428 0.979037 0.971943 0.978601 
0.0177789 0.0175861 0.204337 0.0926649 0.115333 0.0188009 0.221952 0.0104395 0.0165894 0.00131871 0.003353 0 0.0142248 0.00440293 0.000816221 0.000583268 0.00102714 0.00041958 0.00254376 0.00182891 
0.382669 0.383305 0.326915 0.279527 0.352806 0.769207 0.69334 0.795617 0.733808 0.857456 0.919315 0.793991 0.789427 0.933733 0.947544 0.959067 0.952371 0.955547 0.942322 0.955496 
0.00194763 0.00181781 0.102491 0.0566426 0.0234695 0.0314289 0.12917 0.0458474 0.0538395 0.00183991 0.00811041 2.22045e-016 0.021255 0.00772476 0.00145009 0.00105663 0.00208232 0.00075621 0.00479281 0.0036121 
0.00205 0.002 0.00225 0.0022 0.0019 0.00205 0.0022 0.0022 0.00215 0.0022 0.002 0.00245 0.0026 0.00275 0.0031 0.00315 0.00345 0.00375 0.00415 0.00385 
0.000384057 0.000547723 0.000433013 0.0004 0.0003 0.000384057 0.0004 0.0004 0.000357071 0.0004 8.67362e-019 0.000497494 0.000489898 0.000433013 0.0003 0.000357071 0.000497494 0.00053619 0.000357071 0.00047697 
0 0 0 0 0 0 0 0 0 0 0 0 0 0 0 0 0 0 0 0 
0 0 0 0 0 0 0 0 0 0 0 0 0 0 0 0 0 0 0 0 
0 0 0 0 0 0 0 0 0 0 0 0 0 0 0 0 0 0 0 0 
0 0 0 0 0 0 0 0 0 0 0 0 0 0 0 0 0 0 0 0 
0 0 0 0 0 0 0 0 0 0 0 0 0 0 0 0 0 0 0 0 
0 0 0 0 0 0 0 0 0 0 0 0 0 0 0 0 0 0 0 0 
0 0 0 0 0 0 0 0 0 0 0 0 0 0 0 0 0 0 0 0 
0 0 0 0 0 0 0 0 0 0 0 0 0 0 0 0 0 0 0 0 
