1 1 1 1 1 1 1 1 1 1 1 1 1 1 1 1 1 1 1 1 
0 0 0 0 0 0 0 0 0 0 0 0 0 0 0 0 0 0 0 0 
0.628048 0.628048 0.628048 0.628048 0.628048 0.628048 0.628048 0.628048 0.628048 0.628048 0.628048 0.628048 0.628048 0.628048 0.628048 0.628048 0.628048 0.628048 0.628048 0.628048 
0.00354895 0.00354895 0.00354895 0.00354895 0.00354895 0.00354895 0.00354895 0.00354895 0.00354895 0.00354895 0.00354895 0.00354895 0.00354895 0.00354895 0.00354895 0.00354895 0.00354895 0.00354895 0.00354895 0.00354895 
0.692836 0.692836 0.692836 0.692836 0.692836 0.692836 0.692836 0.692836 0.692836 0.692836 0.692836 0.692836 0.692836 0.692836 0.692836 0.692836 0.692836 0.692836 0.692836 0.692836 
0.002871 0.002871 0.002871 0.002871 0.002871 0.002871 0.002871 0.002871 0.002871 0.002871 0.002871 0.002871 0.002871 0.002871 0.002871 0.002871 0.002871 0.002871 0.002871 0.002871 
0.00135 0.00135 0.00135 0.00135 0.00135 0.00135 0.00135 0.00135 0.00135 0.00135 0.00135 0.00135 0.00135 0.00135 0.00135 0.00135 0.00135 0.00135 0.00135 0.00135 
0.00047697 0.00047697 0.00047697 0.00047697 0.00047697 0.00047697 0.00047697 0.00047697 0.00047697 0.00047697 0.00047697 0.00047697 0.00047697 0.00047697 0.00047697 0.00047697 0.00047697 0.00047697 0.00047697 0.00047697 
0.00172789 0.0053684 0.0143012 0.0206368 0.0323191 0.0634645 0.125875 0.214214 0.33509 0.484145 0.642849 0.783482 0.874212 0.930982 0.963486 0.980591 0.992034 0.995034 0.997913 0.998696 
0.000556142 0.000663167 0.000189476 0.00099475 0.000663167 0.00260813 0.00613098 0.00234732 0.00159992 0.00342099 0.00625289 0.00298134 0.00272927 0.000631701 0.00159715 0.000207333 0.00128633 0.000756891 0.00023206 0.000434688 
0.454184 0.433167 0.482123 0.541252 0.552043 0.559617 0.568963 0.586177 0.607368 0.602184 0.613138 0.616127 0.616062 0.629722 0.626299 0.637133 0.627907 0.631895 0.622734 0.628885 
0.0162769 0.0113686 0.0153949 0.0158213 0.00573165 0.000521626 0.00403558 0.00217344 0.00508209 0.00404299 0.00199255 0.000851811 0.00696434 0.0107449 0.0100088 0.00134766 0.00357133 0.00897457 0.00546377 0.00336883 
0.34166 0.255457 0.452259 0.620386 0.653769 0.650828 0.662271 0.660644 0.686155 0.677053 0.681983 0.684815 0.684377 0.694167 0.691555 0.70087 0.692623 0.69578 0.688383 0.693585 
0.0819686 0.0476683 0.044878 0.0449061 0.0189937 0.001411 0.00332309 0.00447112 0.00750555 0.0032551 0.001648 0.00174881 0.00610698 0.00871396 0.00863591 0.00108533 0.002887 0.00755219 0.00454559 0.00275402 
0.0014 0.00135 0.0012 0.0011 0.0013 0.0011 0.0013 0.00125 0.00135 0.00135 0.0015 0.0014 0.00125 0.00135 0.0013 0.0013 0.0015 0.0014 0.00145 0.0015 
0.000489898 0.00047697 0.0004 0.0003 0.000458258 0.0003 0.000458258 0.000433013 0.00047697 0.00047697 0.0005 0.000489898 0.000433013 0.00047697 0.000458258 0.000458258 0.0005 0.000489898 0.000497494 0.0005 
0.000804173 0.00596609 0.0162139 0.0246468 0.0305477 0.0591393 0.129885 0.218996 0.325038 0.470941 0.640676 0.782743 0.867583 0.931461 0.965486 0.981037 0.992958 0.994784 0.99799 0.998261 
0.000618954 0.0013737 0.000378952 0.00246319 0.000521059 0.00528146 0.00589816 0.00495544 0.00432919 0.00497599 0.0121191 0.00894402 0.00781136 0.00226317 0.00393963 0.000518333 0.00194326 0.00216255 0.000906288 0.00108672 
0.527179 0.517692 0.542056 0.563606 0.535199 0.551815 0.578983 0.568746 0.59536 0.599468 0.61504 0.619778 0.624864 0.63145 0.631211 0.632591 0.627396 0.634329 0.619681 0.63171 
0.0393963 0.00558955 0.000947381 0.00743694 0.00326846 0.00775918 0.0041908 0.0107803 0.00385862 0.00528699 0.000931288 0.000106476 0.00376451 0.00440147 0.0120318 0.00756766 0.00369119 0.00637951 0.00789868 0.00619431 
0.572354 0.579166 0.621062 0.661997 0.59201 0.62048 0.655134 0.643652 0.666763 0.67004 0.683 0.686812 0.69214 0.694816 0.695489 0.697214 0.692085 0.697866 0.685869 0.695864 
0.0916278 0.00491022 0.00287053 0.011092 0.00548021 0.0111063 0.00778029 0.012968 0.00222953 0.0046681 0.000566394 0.000444993 0.00332417 0.00295862 0.0102248 0.00616002 0.00322308 0.00524416 0.00653394 0.00503344 
0.00115 0.0013 0.0015 0.00125 0.0013 0.0017 0.0013 0.00135 0.0013 0.00135 0.00125 0.0014 0.00135 0.0013 0.00125 0.0014 0.00125 0.00135 0.0014 0.00125 
0.000357071 0.000458258 0.0005 0.000433013 0.000458258 0.000458258 0.000458258 0.00047697 0.000458258 0.00047697 0.000433013 0.000489898 0.00047697 0.000458258 0.000433013 0.000489898 0.000433013 0.00047697 0.000489898 0.000433013 
1 1 1 1 1 1 1 1 1 1 1 1 1 1 1 1 1 1 1 1 
0 0 0 0 0 0 0 0 0 0 0 0 0 0 0 0 0 0 0 0 
0.605651 0.605651 0.605651 0.605651 0.605651 0.605651 0.605651 0.605651 0.605651 0.605651 0.605651 0.605651 0.605651 0.605651 0.605651 0.605651 0.605651 0.605651 0.605651 0.605651 
0.00198058 0.00198058 0.00198058 0.00198058 0.00198058 0.00198058 0.00198058 0.00198058 0.00198058 0.00198058 0.00198058 0.00198058 0.00198058 0.00198058 0.00198058 0.00198058 0.00198058 0.00198058 0.00198058 0.00198058 
0.674886 0.674886 0.674886 0.674886 0.674886 0.674886 0.674886 0.674886 0.674886 0.674886 0.674886 0.674886 0.674886 0.674886 0.674886 0.674886 0.674886 0.674886 0.674886 0.674886 
0.00156857 0.00156857 0.00156857 0.00156857 0.00156857 0.00156857 0.00156857 0.00156857 0.00156857 0.00156857 0.00156857 0.00156857 0.00156857 0.00156857 0.00156857 0.00156857 0.00156857 0.00156857 0.00156857 0.00156857 
0.00145 0.00145 0.00145 0.00145 0.00145 0.00145 0.00145 0.00145 0.00145 0.00145 0.00145 0.00145 0.00145 0.00145 0.00145 0.00145 0.00145 0.00145 0.00145 0.00145 
0.000497494 0.000497494 0.000497494 0.000497494 0.000497494 0.000497494 0.000497494 0.000497494 0.000497494 0.000497494 0.000497494 0.000497494 0.000497494 0.000497494 0.000497494 0.000497494 0.000497494 0.000497494 0.000497494 0.000497494 
0.00081504 0.0027494 0.00709628 0.0105521 0.0169528 0.0374701 0.077744 0.141187 0.222071 0.341176 0.499587 0.655118 0.787057 0.878244 0.932406 0.961432 0.98321 0.989872 0.995099 0.997718 
0.000236845 0.000615798 0.000331583 0.000426321 0.000947381 0.00169528 0.00170736 0.00321669 0.000847015 0.00362833 0.00796334 0.00244896 0.00216459 0.00116963 0.00479144 0.00134766 0.00227628 0.00129753 0.000547582 0.000326016 
0.439763 0.491567 0.499837 0.543914 0.513367 0.548055 0.561291 0.584699 0.58509 0.593034 0.592676 0.594306 0.59775 0.603119 0.60526 0.614464 0.60489 0.611661 0.605412 0.609759 
0.00592169 0.0158213 0.0101843 0.0108475 0.00284214 0.000912845 0.00232822 0.00121713 0.00414096 0.002799 0.0018196 0.00170362 0.00348217 0.00586083 0.0135225 0.00300633 0.00478596 0.000540637 0.00580577 0.00641165 
0.257998 0.529451 0.518612 0.632327 0.585805 0.633344 0.649513 0.660829 0.671757 0.6686 0.667604 0.666977 0.669611 0.672459 0.673671 0.681849 0.673536 0.678634 0.673821 0.678438 
0.0650723 0.0362324 0.0277915 0.0230321 0.000363069 0.00378568 0.000429259 0.00187175 0.000841914 0.000209596 0.00181316 0.000816894 0.00303696 0.00449458 0.0109243 0.00212856 0.00369334 0.000246139 0.00492937 0.00450594 
0.0013 0.00115 0.0012 0.0014 0.00125 0.00115 0.00125 0.0013 0.00145 0.0015 0.0013 0.00155 0.0016 0.00155 0.00165 0.0016 0.0017 0.0015 0.0015 0.0017 
0.000458258 0.000357071 0.0004 0.000489898 0.000433013 0.000357071 0.000433013 0.000458258 0.000497494 0.0005 0.000458258 0.000497494 0.000489898 0.000497494 0.00047697 0.000489898 0.000458258 0.0005 0.0005 0.000458258 
0.000434688 0.0032819 0.0106173 0.0110519 0.0147142 0.0357314 0.0813193 0.146838 0.216964 0.327809 0.495686 0.654032 0.784612 0.879298 0.93258 0.960117 0.985634 0.989209 0.995447 0.997609 
0.000434688 0.00104212 0.00108949 0.000787479 0.00161055 0.00169528 0.00302669 0.00625951 0.00555265 0.000518333 0.0157933 0.00351372 0.0015058 0.00347633 0.00883754 0.00103667 0.00427174 0.00248693 0.00122655 0.00108672 
0.475277 0.44875 0.517246 0.529407 0.519463 0.539839 0.548794 0.567268 0.566453 0.579102 0.581634 0.586742 0.5921 0.598859 0.602173 0.612639 0.604727 0.610845 0.605195 0.609759 
0.0655786 0.00729483 0.00175265 0.00776852 0.00383689 0.00273854 0.00620859 0.00565095 0.00611733 0.00964099 0.00741201 0.0036202 0.000658789 0.0056927 0.0137355 0.00466499 0.00455297 0.00108127 0.00588818 0.00597696 
0.41865 0.360541 0.598132 0.613909 0.596905 0.606395 0.625838 0.643558 0.64983 0.653255 0.655572 0.659442 0.664372 0.668256 0.671397 0.680454 0.673427 0.677985 0.673683 0.678322 
0.170649 0.0271415 0.000209814 0.0179833 0.00191525 0.00426533 0.0104788 0.000166164 0.00085133 0.00935687 0.00645898 0.00405372 0.000255919 0.00402541 0.0109183 0.00333254 0.00350868 0.000721934 0.0049805 0.00414895 
0.00135 0.0014 0.00115 0.00125 0.00135 0.00105 0.00125 0.0014 0.0013 0.00125 0.00165 0.0015 0.0015 0.0016 0.00145 0.00145 0.00155 0.00155 0.00155 0.0014 
0.00047697 0.000489898 0.000357071 0.000433013 0.00047697 0.000217945 0.000433013 0.000489898 0.000458258 0.000433013 0.00047697 0.0005 0.0005 0.000489898 0.000497494 0.000497494 0.000497494 0.000497494 0.000497494 0.000489898 
1 1 1 1 1 1 1 1 1 1 1 1 1 1 1 1 1 1 1 1 
0 0 0 0 0 0 0 0 0 0 0 0 0 0 0 0 0 0 0 0 
0.64173 0.64173 0.64173 0.64173 0.64173 0.64173 0.64173 0.64173 0.64173 0.64173 0.64173 0.64173 0.64173 0.64173 0.64173 0.64173 0.64173 0.64173 0.64173 0.64173 
0.00325175 0.00325175 0.00325175 0.00325175 0.00325175 0.00325175 0.00325175 0.00325175 0.00325175 0.00325175 0.00325175 0.00325175 0.00325175 0.00325175 0.00325175 0.00325175 0.00325175 0.00325175 0.00325175 0.00325175 
0.710506 0.710506 0.710506 0.710506 0.710506 0.710506 0.710506 0.710506 0.710506 0.710506 0.710506 0.710506 0.710506 0.710506 0.710506 0.710506 0.710506 0.710506 0.710506 0.710506 
0.00212153 0.00212153 0.00212153 0.00212153 0.00212153 0.00212153 0.00212153 0.00212153 0.00212153 0.00212153 0.00212153 0.00212153 0.00212153 0.00212153 0.00212153 0.00212153 0.00212153 0.00212153 0.00212153 0.00212153 
0.00145 0.00145 0.00145 0.00145 0.00145 0.00145 0.00145 0.00145 0.00145 0.00145 0.00145 0.00145 0.00145 0.00145 0.00145 0.00145 0.00145 0.00145 0.00145 0.00145 
0.000589491 0.000589491 0.000589491 0.000589491 0.000589491 0.000589491 0.000589491 0.000589491 0.000589491 0.000589491 0.000589491 0.000589491 0.000589491 0.000589491 0.000589491 0.000589491 0.000589491 0.000589491 0.000589491 0.000589491 
0.0020213 0.00319496 0.00911758 0.0111389 0.0239839 0.0507281 0.0929363 0.157227 0.255738 0.385829 0.550337 0.706672 0.818789 0.900478 0.945229 0.968094 0.986351 0.991687 0.996555 0.997718 
0.000691072 0.000663167 0.00099475 0.000349613 0.000615798 0.000912845 0.00279386 0.00156488 0.00685832 0.001244 0.00662022 0.00117124 0.00159992 0.00211383 0.00319429 0.001244 0.00175713 0.00162191 0.00084534 0.00054336 
0.460574 0.565681 0.520604 0.548805 0.559291 0.570702 0.574788 0.605955 0.599978 0.61566 0.621082 0.622213 0.628559 0.634221 0.630602 0.642382 0.632373 0.642339 0.636231 0.638339 
0.0189657 0.0059685 0.0173371 0.000692353 0.00634745 0.00117366 0.00341472 0.0073897 0.00220312 0.000103667 0.00571429 0.0018101 0.000376451 0.00618552 0.00968935 0.00165866 0.00581958 0.00302756 0.00519407 0.00369485 
0.378198 0.695917 0.602069 0.642592 0.676022 0.680662 0.686103 0.701234 0.693696 0.699015 0.699959 0.696492 0.702362 0.703894 0.700513 0.71247 0.702829 0.710266 0.706188 0.70838 
0.0931846 0.0122612 0.0318917 0.00355539 0.0145456 0.00184897 0.00396512 0.000258998 0.0029401 0.00140494 0.00526374 0.000805849 0.00156622 0.00512156 0.00885081 0.000615598 0.00526914 0.00174114 0.00376395 0.00262157 
0.0016 0.00135 0.0015 0.0014 0.00125 0.0018 0.0015 0.0013 0.00145 0.0017 0.0014 0.00155 0.00165 0.00175 0.00185 0.0018 0.00165 0.00165 0.00185 0.00195 
0.000489898 0.00047697 0.0005 0.000489898 0.000433013 0.0004 0.0005 0.000458258 0.000497494 0.000458258 0.000489898 0.000497494 0.00047697 0.000433013 0.000357071 0.0004 0.00047697 0.00047697 0.000357071 0.000384057 
0.000923712 0.00354271 0.0122039 0.0115736 0.0217344 0.047707 0.0965551 0.161747 0.244197 0.374973 0.546935 0.706151 0.816779 0.902847 0.946707 0.966377 0.988513 0.990882 0.99674 0.997609 
0.000518333 0.0012316 0.00175265 0.000518333 1.04083e-017 0.00228211 0.00349233 0.00339057 0.00839845 0.00777499 0.0160198 0.00266191 0.00715257 0.0046686 0.0072404 0.001866 0.00281062 0.00313569 0.00153993 0.00130406 
0.604053 0.509476 0.554249 0.558911 0.526962 0.581461 0.569637 0.603521 0.607118 0.614497 0.617007 0.620778 0.623288 0.633851 0.630689 0.639502 0.631797 0.642665 0.635775 0.638883 
0.0353521 0.0027474 0.00483164 0.0103039 0.00431058 0.00697674 0.00667423 0.00312975 0.00560574 0.00228066 0.000230784 0.000745335 0.0036704 0.00512687 0.0103282 0.00425033 0.0064967 0.00194629 0.00546723 0.00380352 
0.689717 0.563604 0.664461 0.660012 0.587069 0.667993 0.647983 0.689579 0.692027 0.689409 0.692874 0.696831 0.697603 0.703762 0.700777 0.70997 0.702602 0.710308 0.7057 0.708894 
0.0744391 0.00769062 0.00899516 0.019767 0.00504351 0.00703957 0.00877268 0.00409328 0.00892478 0.00529744 0.000355576 0.000518385 0.00319454 0.00417716 0.00920847 0.00257768 0.00575134 0.000714039 0.00408474 0.00278562 
0.0013 0.00135 0.00145 0.00145 0.00155 0.00115 0.0015 0.00165 0.00155 0.0013 0.00175 0.0018 0.00165 0.00155 0.0017 0.0016 0.00165 0.0017 0.0016 0.00145 
0.000458258 0.00047697 0.000497494 0.000497494 0.000497494 0.000357071 0.0005 0.000572276 0.000497494 0.000458258 0.00053619 0.0004 0.00047697 0.000497494 0.000458258 0.000489898 0.00047697 0.000458258 0.000489898 0.000497494 
1 1 1 1 1 1 1 1 1 1 1 1 1 1 1 1 1 1 1 1 
0 0 0 0 0 0 0 0 0 0 0 0 0 0 0 0 0 0 0 0 
0.645468 0.645468 0.645468 0.645468 0.645468 0.645468 0.645468 0.645468 0.645468 0.645468 0.645468 0.645468 0.645468 0.645468 0.645468 0.645468 0.645468 0.645468 0.645468 0.645468 
0.000851811 0.000851811 0.000851811 0.000851811 0.000851811 0.000851811 0.000851811 0.000851811 0.000851811 0.000851811 0.000851811 0.000851811 0.000851811 0.000851811 0.000851811 0.000851811 0.000851811 0.000851811 0.000851811 0.000851811 
0.726755 0.726755 0.726755 0.726755 0.726755 0.726755 0.726755 0.726755 0.726755 0.726755 0.726755 0.726755 0.726755 0.726755 0.726755 0.726755 0.726755 0.726755 0.726755 0.726755 
0.000869804 0.000869804 0.000869804 0.000869804 0.000869804 0.000869804 0.000869804 0.000869804 0.000869804 0.000869804 0.000869804 0.000869804 0.000869804 0.000869804 0.000869804 0.000869804 0.000869804 0.000869804 0.000869804 0.000869804 
0.00175 0.00175 0.00175 0.00175 0.00175 0.00175 0.00175 0.00175 0.00175 0.00175 0.00175 0.00175 0.00175 0.00175 0.00175 0.00175 0.00175 0.00175 0.00175 0.00175 
0.000433013 0.000433013 0.000433013 0.000433013 0.000433013 0.000433013 0.000433013 0.000433013 0.000433013 0.000433013 0.000433013 0.000433013 0.000433013 0.000433013 0.000433013 0.000433013 0.000433013 0.000433013 0.000433013 0.000433013 
0.00525973 0.0105847 0.0173658 0.0340795 0.0658661 0.106433 0.223712 0.333232 0.470561 0.617822 0.753228 0.855553 0.91404 0.954271 0.97657 0.986644 0.995653 0.99737 0.998609 0.999239 
0.00134437 0.000663167 0.0019895 0.00188802 0.00360914 0.00762878 0.000155215 0.00773745 0.00468953 0.002488 0.00535937 0.00202305 0.00319983 0.00102498 0.000745335 0.00134766 0.000986464 0.000216255 0.000173875 0.000108672 
0.531841 0.551108 0.591915 0.579135 0.557368 0.59787 0.603771 0.626081 0.616975 0.631917 0.629733 0.638122 0.637524 0.642002 0.640991 0.647718 0.649109 0.648576 0.646099 0.647685 
0.0341089 0.00630008 0.00322109 0.0132161 0.00602575 0.000521626 0.00411319 0.00495544 0.0039207 0.00134766 0.00105898 0.000532382 0.00235282 0.00318932 0.00564325 0.000932999 0.00122269 0.00194629 0.00547996 0.0108672 
0.599707 0.648251 0.735942 0.70219 0.666888 0.723782 0.715162 0.720464 0.713477 0.722509 0.717692 0.724107 0.725781 0.725328 0.724143 0.728521 0.729905 0.728482 0.726918 0.728989 
0.140536 0.014333 0.00428847 0.0211545 0.00989772 0.000712927 0.000503431 0.00030171 0.00271776 0.000516606 0.00129544 0.000966579 0.000982794 0.00263828 0.0040446 0.000870506 0.00104202 0.00231887 0.00314473 0.0053248 
0.00155 0.0016 0.00145 0.00145 0.00135 0.0018 0.0017 0.0016 0.0017 0.00205 0.00195 0.0018 0.00195 0.00185 0.00195 0.002 0.002 0.00205 0.00185 0.0018 
0.000497494 0.000489898 0.000497494 0.000497494 0.00047697 0.0004 0.000458258 0.000489898 0.000458258 0.000217945 0.000217945 0.0004 0.000384057 0.000357071 0.000217945 0.000316228 8.67362e-019 0.000384057 0.000357071 0.0004 
0.00382526 0.00984569 0.0192676 0.0373832 0.0626603 0.0968485 0.228385 0.33358 0.463638 0.611443 0.747142 0.860291 0.907955 0.950685 0.977657 0.986383 0.995762 0.996805 0.998892 0.999239 
0.00142257 0.0012316 0.00222634 0.00308598 0.00393933 0.0121278 0.000931288 0.0118235 0.00701776 0.00466499 0.00514256 0.00447201 0.00734079 0.00349235 0.00234248 0.002177 0.00103667 0.00151378 0.000455386 0.000108672 
0.473886 0.536655 0.552521 0.5792 0.565323 0.596631 0.603749 0.618735 0.619648 0.631145 0.626788 0.638079 0.634916 0.645077 0.641426 0.647913 0.649109 0.648142 0.646077 0.648011 
0.0518639 0.00582639 0.0124581 0.00723886 0.00475307 0.00319496 0.00302669 0.0087807 0.00299982 0.00269533 0.00278529 0.00351372 0.00310572 0.00391219 0.0040461 0.000311 0.000530048 0.00194629 0.00576368 0.0109759 
0.426535 0.634098 0.654231 0.700193 0.668752 0.697153 0.693114 0.709352 0.711741 0.71806 0.716538 0.725681 0.723626 0.727397 0.724312 0.728949 0.729806 0.728157 0.726888 0.729173 
0.146266 0.0107414 0.0230975 0.0122859 0.00388067 0.00429084 0.00429903 0.00540717 0.00167567 0.00273447 0.00440973 0.00308575 0.00186267 0.00292748 0.00261628 8.80294e-005 0.000548233 0.00222914 0.00344189 0.00547977 
0.00155 0.00155 0.0016 0.0015 0.0017 0.00115 0.0016 0.0019 0.00185 0.00185 0.00185 0.00175 0.00195 0.00195 0.00195 0.0019 0.0019 0.00185 0.002 0.00195 
0.000497494 0.000497494 0.000489898 0.0005 0.000458258 0.000357071 0.000489898 0.0003 0.000357071 0.000357071 0.000357071 0.000433013 0.000217945 0.000217945 0.000217945 0.00043589 0.0003 0.00047697 8.67362e-019 0.000217945 
0.0199739 0.112997 0.247707 0.413649 0.541208 0.676353 0.779146 0.856814 0.916464 0.95201 0.972267 0.984525 0.993099 0.997294 0.997957 0.999141 0.999489 1 1 0.999891 
0.00971844 0.00558955 0.00312636 0.00831823 0.00254293 0.000586829 0.00147454 0.00165181 0.00699236 0.00290266 0.00149699 0.000212953 0.000282338 0.000642821 0.000425906 0.000311 0.000220312 0 0 0.000108672 
0.498185 0.628298 0.726288 0.75 0.764551 0.775418 0.79261 0.783569 0.785742 0.786568 0.787655 0.788655 0.78847 0.787524 0.788263 0.787568 0.78885 0.783058 0.792263 0.787329 
0.0333364 0.00738957 0.000331583 0.00151031 0.00244751 0.00241252 0.00372515 0.00121713 0.00279994 0.00414666 0.00159715 0.00596268 0.00291749 0.00224654 0.00564325 0.00456133 0.00521739 0.00291944 0.00295748 0.00358618 
0.465675 0.658941 0.771453 0.791592 0.800703 0.815231 0.828568 0.82134 0.822929 0.82378 0.824511 0.82537 0.825293 0.824435 0.82508 0.824484 0.825516 0.820725 0.828369 0.824374 
0.0791683 0.0122746 0.000413476 0.000670786 0.00278501 0.00172391 0.00314761 0.00134181 0.00214829 0.00327467 0.00133578 0.00498895 0.00239626 0.00186591 0.00464646 0.00373821 0.00436579 0.00249284 0.00241446 0.00297726 
0.0314 0.03105 0.03115 0.03135 0.03145 0.03195 0.032 0.03155 0.0316 0.0318 0.03155 0.03185 0.03165 0.0319 0.0315 0.0318 0.03185 0.03175 0.0317 0.03195 
0.000583095 0.000384057 0.000357071 0.000572276 0.000497494 0.000384057 0.000447214 0.000589491 0.000583095 0.000509902 0.000497494 0.00047697 0.00047697 0.000538516 0.0005 0.000509902 0.000572276 0.000433013 0.000458258 0.000497494 
1 1 1 1 1 1 1 1 1 1 1 1 1 1 1 1 1 1 1 1 
0 0 0 0 0 0 0 0 0 0 0 0 0 0 0 0 0 0 0 0 
0.880222 0.880222 0.880222 0.880222 0.880222 0.880222 0.880222 0.880222 0.880222 0.880222 0.880222 0.880222 0.880222 0.880222 0.880222 0.880222 0.880222 0.880222 0.880222 0.880222 
0.00848864 0.00848864 0.00848864 0.00848864 0.00848864 0.00848864 0.00848864 0.00848864 0.00848864 0.00848864 0.00848864 0.00848864 0.00848864 0.00848864 0.00848864 0.00848864 0.00848864 0.00848864 0.00848864 0.00848864 
0.89831 0.89831 0.89831 0.89831 0.89831 0.89831 0.89831 0.89831 0.89831 0.89831 0.89831 0.89831 0.89831 0.89831 0.89831 0.89831 0.89831 0.89831 0.89831 0.89831 
0.00813542 0.00813542 0.00813542 0.00813542 0.00813542 0.00813542 0.00813542 0.00813542 0.00813542 0.00813542 0.00813542 0.00813542 0.00813542 0.00813542 0.00813542 0.00813542 0.00813542 0.00813542 0.00813542 0.00813542 
0.00925 0.00925 0.00925 0.00925 0.00925 0.00925 0.00925 0.00925 0.00925 0.00925 0.00925 0.00925 0.00925 0.00925 0.00925 0.00925 0.00925 0.00925 0.00925 0.00925 
0.00053619 0.00053619 0.00053619 0.00053619 0.00053619 0.00053619 0.00053619 0.00053619 0.00053619 0.00053619 0.00053619 0.00053619 0.00053619 0.00053619 0.00053619 0.00053619 0.00053619 0.00053619 0.00053619 0.00053619 
0.000217344 0.000510759 0.00113019 0.0020213 0.00942186 0.021767 0.0376005 0.0717779 0.116975 0.182406 0.279189 0.397305 0.510259 0.651674 0.722191 0.802304 0.882656 0.926885 0.950359 0.975114 
5.42101e-020 0.000331583 0.00014741 0.000850424 0.00129548 0.00119297 0.00255691 0.000847015 0.00650022 0.0116211 0.00934415 0.0143575 0.00330556 0.0170656 0.00244896 0.00816138 0.00460385 0.00499532 0.00635203 0.00119539 
0.393827 0.605412 0.589198 0.595653 0.689807 0.692545 0.790013 0.82018 0.8302 0.864682 0.869409 0.874006 0.88496 0.875647 0.884764 0.881765 0.871745 0.868822 0.876885 0.876875 
1.66533e-016 0.00236845 0.0101241 0.000996944 0.0301258 0.0302662 0.0119954 0.0212159 0.0122055 0.0137427 0.00500235 0.0059272 0.00200275 0.00412283 0.00511087 0.000599176 0.00661987 0.00221379 0.00541508 0.0133667 
0 0.753138 0.731242 0.736187 0.728464 0.753646 0.823435 0.841643 0.852273 0.883116 0.887444 0.892239 0.902271 0.893337 0.901932 0.898911 0.888641 0.88614 0.893052 0.893824 
0 0.00652569 0.0159354 0.0227249 0.0210139 0.0193327 0.0131034 0.0234012 0.0122736 0.0139407 0.00378702 0.00555047 0.00206872 0.00348296 0.00406077 0.000186747 0.00655395 0.00275298 0.00492854 0.0120471 
0.0012 0.00155 0.00125 0.0013 0.00155 0.00195 0.00195 0.00245 0.0033 0.004 0.00495 0.0058 0.00625 0.0076 0.00775 0.0077 0.00845 0.00815 0.0082 0.0083 
0.0004 0.000497494 0.000433013 0.000458258 0.000497494 0.000217945 0.000217945 0.000497494 0.000458258 0.000547723 0.000384057 0.0006 0.00053619 0.000489898 0.000433013 0.000714143 0.000497494 0.000653835 0.000509902 0.000458258 
0.0664529 0.05401 0.0564225 0.0613997 0.0348729 0.0662139 0.0607259 0.0578461 0.077983 0.083384 0.0910128 0.111737 0.17193 0.27907 0.454314 0.614084 0.789057 0.870441 0.933677 0.972473 
0.00510776 0.00047369 0.00146671 0.00656778 0.00895275 0.0198255 0.0130693 0.00954788 0.00212686 0.00393103 0.00163641 0.0061343 0.00525796 0.00566097 0.0228012 0.0140584 0.026694 0.014281 0.00387658 0.00130818 
0.765768 0.739231 0.667833 0.77707 0.607542 0.749641 0.826636 0.75176 0.831776 0.829157 0.838731 0.858737 0.872408 0.884416 0.877874 0.875462 0.861878 0.869148 0.875842 0.873462 
0.0305667 0.0178108 0.0271898 0.0407032 0.0343899 0.0482152 0.0662945 0.034109 0.00746127 0.00332932 0.00356802 0.00233225 0.00606327 0.00217626 0.00405328 0.00430539 0.0111609 0.00160669 0.00165506 0.00604498 
0.8039 0.80698 0.771841 0.826569 0.752734 0.810767 0.862854 0.812396 0.854207 0.853007 0.859822 0.880078 0.892787 0.901823 0.895131 0.893298 0.879774 0.886864 0.892102 0.890736 
0.0226899 0.00877043 0.013468 0.0176625 0.0136967 0.0189923 0.0363378 0.0147955 0.00443973 0.0049304 0.00225348 0.00273761 0.0053849 0.00186886 0.00428481 0.00370033 0.0103204 0.00128215 0.00182916 0.00535753 
0.005 0.00465 0.0045 0.0047 0.00395 0.00495 0.00485 0.00475 0.00505 0.00515 0.0052 0.00555 0.00615 0.00685 0.0084 0.0092 0.0104 0.0101 0.00995 0.01025 
0.000447214 0.00047697 0.0005 0.000458258 0.000384057 0.000589491 0.000357071 0.000433013 0.000384057 0.00047697 0.0004 0.000497494 0.000357071 0.000357071 0.000583095 0.000509902 0.0008 0.000538516 0.000589491 0.00053619 
0.0671702 0.0569985 0.0591067 0.0666812 0.0327103 0.0599652 0.062932 0.0568246 0.0777222 0.0819496 0.0906759 0.107781 0.168072 0.285557 0.454032 0.610117 0.78935 0.870452 0.936155 0.976146 
0.0051048 0.000349613 0.00230577 0.008331 0.00790442 0.0179386 0.0136895 0.0102931 0.00261211 0.00255365 0.00167736 0.00711346 0.00490404 0.00432306 0.017314 0.0149952 0.031641 0.0180558 0.00408692 0.000640612 
0.767377 0.700348 0.706477 0.766073 0.724212 0.757498 0.774419 0.754423 0.720289 0.762693 0.748413 0.804977 0.828037 0.830167 0.85413 0.836177 0.852 0.861193 0.876527 0.873582 
0.0126961 0.0164143 0.0182195 0.0134655 0.0176301 0.0566 0.0523453 0.0285609 0.0395454 0.0161666 0.019039 0.0286664 0.00674593 0.010095 0.00252182 0.0179313 0.00691122 0.001173 0.00597949 0.0114273 
0.795036 0.732276 0.72401 0.805136 0.747451 0.78401 0.804329 0.787581 0.76158 0.799653 0.778769 0.830528 0.853147 0.852396 0.874386 0.86019 0.870817 0.879039 0.892633 0.890801 
0.0155467 0.0167036 0.0250598 0.0171467 0.0212381 0.0782382 0.0552349 0.0217613 0.03442 0.0174824 0.0202641 0.0276496 0.00520707 0.0101815 0.00228497 0.0185436 0.00639838 0.00179824 0.00580228 0.0103278 
0.00215 0.0022 0.0019 0.0023 0.0017 0.00205 0.00195 0.00195 0.00225 0.0023 0.00245 0.0023 0.0031 0.00425 0.00555 0.0069 0.00885 0.0099 0.00965 0.0099 
0.000357071 0.0004 0.0003 0.000458258 0.000458258 0.000217945 0.000384057 0.000384057 0.000433013 0.000458258 0.000497494 0.000458258 0.000538516 0.000433013 0.000497494 0.00122066 0.000653835 0.0006245 0.000572276 0.00043589 
0 0 0 0 0 0 0 0 0 0 0 0 0 0 0 0 0 0 0 0 
0 0 0 0 0 0 0 0 0 0 0 0 0 0 0 0 0 0 0 0 
0 0 0 0 0 0 0 0 0 0 0 0 0 0 0 0 0 0 0 0 
0 0 0 0 0 0 0 0 0 0 0 0 0 0 0 0 0 0 0 0 
0 0 0 0 0 0 0 0 0 0 0 0 0 0 0 0 0 0 0 0 
0 0 0 0 0 0 0 0 0 0 0 0 0 0 0 0 0 0 0 0 
0 0 0 0 0 0 0 0 0 0 0 0 0 0 0 0 0 0 0 0 
0 0 0 0 0 0 0 0 0 0 0 0 0 0 0 0 0 0 0 0 
