/******************************************/
PAI_C	 Acc	 F1	 Max_F1
1e-005	0.605097	0.753574	0.605097
0.0001	0.605086	0.753827	0.605097
0.001	0.605086	0.753827	0.605097
0.01	0.605086	0.753827	0.605097
0.1	0.624429	0.752719	0.624429
1	0.639861	0.708634	0.639861
10	0.602695	0.671577	0.639861
100	0.602695	0.671577	0.639861
1000	0.602695	0.671577	0.639861
10000	0.602695	0.671577	0.639861
100000	0.602695	0.671577	0.639861
/******************************************/
/******************************************/
PAII_C	 Acc	 F1	 Max_F1 
1e-005	0.605086	0.753827	0.605086
0.0001	0.605086	0.753827	0.605086
0.001	0.605086	0.753827	0.605086
0.01	0.631602	0.754952	0.631602
0.1	0.652032	0.731871	0.652032
1	0.621387	0.689151	0.652032
10	0.604869	0.673491	0.652032
100	0.602695	0.671577	0.652032
1000	0.602695	0.671577	0.652032
10000	0.602695	0.671577	0.652032
100000	0.602695	0.671577	0.652032
/******************************************/
/******************************************/
r	 eta	 acc	 f1	 max_F1
1e-005	1e-005	0.713541	0.73039	0.713541
1e-005	0.0001	0.695066	0.701553	0.713541
1e-005	0.001	0.713258	0.714612	0.713541
1e-005	0.01	0.735492	0.730573	0.735492
1e-005	0.1	0.739231	0.758262	0.739231
1e-005	1	0.744838	0.799795	0.744838
1e-005	10	0.724299	0.757656	0.744838
1e-005	100	0.686155	0.679396	0.744838
1e-005	1000	0.673288	0.657146	0.744838
1e-005	10000	0.643556	0.602135	0.744838
1e-005	100000	0.768094	0.775037	0.768094
0.0001	1e-005	0.667344	0.658047	0.768094
0.0001	0.0001	0.686807	0.709417	0.768094
0.0001	0.001	0.726581	0.748797	0.768094
0.0001	0.01	0.766355	0.788177	0.768094
0.0001	0.1	0.7688	0.79114	0.7688
0.0001	1	0.771789	0.794762	0.771789
0.0001	10	0.74098	0.753847	0.771789
0.0001	100	0.703325	0.70384	0.771789
0.0001	1000	0.6985	0.689138	0.771789
0.0001	10000	0.840035	0.852446	0.840035
0.0001	100000	0.862421	0.882451	0.862421
0.001	1e-005	0.673767	0.649217	0.862421
0.001	0.0001	0.726625	0.716016	0.862421
0.001	0.001	0.729407	0.719531	0.862421
0.001	0.01	0.661334	0.626067	0.862421
0.001	0.1	0.653771	0.615682	0.862421
0.001	1	0.733764	0.73301	0.862421
0.001	10	0.747881	0.753715	0.862421
0.001	100	0.75401	0.757514	0.862421
0.001	1000	0.801782	0.814257	0.862421
0.001	10000	0.881547	0.89868	0.881547
0.001	100000	0.855684	0.87812	0.881547
0.01	1e-005	0.752652	0.792995	0.881547
0.01	0.0001	0.743751	0.784893	0.881547
0.01	0.001	0.686546	0.664447	0.881547
0.01	0.01	0.672245	0.634336	0.881547
0.01	0.1	0.749511	0.773808	0.881547
0.01	1	0.775266	0.820299	0.881547
0.01	10	0.787198	0.814559	0.881547
0.01	100	0.809172	0.818745	0.881547
0.01	1000	0.867855	0.88348	0.881547
0.01	10000	0.867203	0.888075	0.881547
0.01	100000	0.848533	0.874213	0.881547
0.1	1e-005	0.727233	0.752904	0.881547
0.1	0.0001	0.72632	0.751882	0.881547
0.1	0.001	0.708976	0.732468	0.881547
0.1	0.01	0.708976	0.732468	0.881547
0.1	0.1	0.703977	0.776428	0.881547
0.1	1	0.703977	0.776428	0.881547
0.1	10	0.756575	0.795471	0.881547
0.1	100	0.84373	0.866877	0.881547
0.1	1000	0.842643	0.866273	0.881547
0.1	10000	0.82895	0.858122	0.881547
0.1	100000	0.820985	0.851916	0.881547
1	1e-005	0.651163	0.767627	0.881547
1	0.0001	0.649957	0.767378	0.881547
1	0.001	0.627038	0.762656	0.881547
1	0.01	0.627038	0.762656	0.881547
1	0.1	0.635949	0.764184	0.881547
1	1	0.63747	0.763672	0.881547
1	10	0.762823	0.816302	0.881547
1	100	0.819822	0.843909	0.881547
1	1000	0.797001	0.83159	0.881547
1	10000	0.800696	0.835161	0.881547
1	100000	0.803956	0.838003	0.881547
10	1e-005	0.631102	0.751386	0.881547
10	0.0001	0.618779	0.758867	0.881547
10	0.001	0.617474	0.758574	0.881547
10	0.01	0.61617	0.758281	0.881547
10	0.1	0.613084	0.756985	0.881547
10	1	0.665942	0.769185	0.881547
10	10	0.766355	0.803581	0.881547
10	100	0.754749	0.795498	0.881547
10	1000	0.737666	0.783109	0.881547
10	10000	0.746359	0.790372	0.881547
10	100000	0.737666	0.783342	0.881547
100	1e-005	0.605521	0.754232	0.881547
100	0.0001	0.605727	0.754455	0.881547
100	0.001	0.605738	0.754467	0.881547
100	0.01	0.605542	0.754015	0.881547
100	0.1	0.615518	0.758036	0.881547
100	1	0.677907	0.766691	0.881547
100	10	0.710715	0.76005	0.881547
100	100	0.69637	0.748786	0.881547
100	1000	0.696805	0.749416	0.881547
100	10000	0.695718	0.748744	0.881547
100	100000	0.689198	0.74336	0.881547
1000	1e-005	0.604434	0.752785	0.881547
1000	0.0001	0.604271	0.752742	0.881547
1000	0.001	0.603782	0.752612	0.881547
1000	0.01	0.603934	0.752751	0.881547
1000	0.1	0.618561	0.757964	0.881547
1000	1	0.666377	0.741452	0.881547
1000	10	0.658933	0.719315	0.881547
1000	100	0.653988	0.7149	0.881547
1000	1000	0.65464	0.71508	0.881547
1000	10000	0.656379	0.716413	0.881547
1000	100000	0.655727	0.715823	0.881547
10000	1e-005	0.604651	0.751994	0.881547
10000	0.0001	0.605738	0.7544	0.881547
10000	0.001	0.605347	0.753976	0.881547
10000	0.01	0.604869	0.753458	0.881547
10000	0.1	0.622767	0.757301	0.881547
10000	1	0.637905	0.711665	0.881547
10000	10	0.639644	0.703187	0.881547
10000	100	0.649641	0.709759	0.881547
10000	1000	0.637905	0.701166	0.881547
10000	10000	0.64073	0.703391	0.881547
10000	100000	0.64073	0.703391	0.881547
100000	1e-005	0.603999	0.7515	0.881547
100000	0.0001	0.603836	0.751271	0.881547
100000	0.001	0.603782	0.751194	0.881547
100000	0.01	0.603782	0.751591	0.881547
100000	0.1	0.618344	0.754406	0.881547
100000	1	0.630102	0.703218	0.881547
100000	10	0.641382	0.704301	0.881547
100000	100	0.639644	0.702761	0.881547
100000	1000	0.638557	0.701597	0.881547
100000	10000	0.643338	0.70565	0.881547
100000	100000	0.642643	0.705065	0.881547
/******************************************/
/******************************************/
r	 acc	 f1	 max_F1
1e-005	0.864812	0.885493	0.864812
0.0001	0.866985	0.886834	0.866985
0.001	0.874212	0.892021	0.874212
0.01	0.865681	0.88251	0.874212
0.1	0.79135	0.832811	0.874212
1	0.709052	0.786336	0.874212
10	0.655292	0.768535	0.874212
100	0.609433	0.755776	0.874212
1000	0.604869	0.753592	0.874212
10000	0.604869	0.753532	0.874212
100000	0.604869	0.753458	0.874212
/******************************************/

Best PAI_C: 	1
Best PAII_C:	0.1
Best AROW_r=0.001	 AROW_eta=10000
Best AROWC_r=0.001
