1 1 1 1 1 1 1 1 1 1 1 1 1 1 1 1 1 1 1 1 
0 0 0 0 0 0 0 0 0 0 0 0 0 0 0 0 0 0 0 0 
0.972321 0.972321 0.972321 0.972321 0.972321 0.972321 0.972321 0.972321 0.972321 0.972321 0.972321 0.972321 0.972321 0.972321 0.972321 0.972321 0.972321 0.972321 0.972321 0.972321 
0.000348023 0.000348023 0.000348023 0.000348023 0.000348023 0.000348023 0.000348023 0.000348023 0.000348023 0.000348023 0.000348023 0.000348023 0.000348023 0.000348023 0.000348023 0.000348023 0.000348023 0.000348023 0.000348023 0.000348023 
0.575642 0.575642 0.575642 0.575642 0.575642 0.575642 0.575642 0.575642 0.575642 0.575642 0.575642 0.575642 0.575642 0.575642 0.575642 0.575642 0.575642 0.575642 0.575642 0.575642 
0.00459167 0.00459167 0.00459167 0.00459167 0.00459167 0.00459167 0.00459167 0.00459167 0.00459167 0.00459167 0.00459167 0.00459167 0.00459167 0.00459167 0.00459167 0.00459167 0.00459167 0.00459167 0.00459167 0.00459167 
0.0323 0.0323 0.0323 0.0323 0.0323 0.0323 0.0323 0.0323 0.0323 0.0323 0.0323 0.0323 0.0323 0.0323 0.0323 0.0323 0.0323 0.0323 0.0323 0.0323 
0.000842615 0.000842615 0.000842615 0.000842615 0.000842615 0.000842615 0.000842615 0.000842615 0.000842615 0.000842615 0.000842615 0.000842615 0.000842615 0.000842615 0.000842615 0.000842615 0.000842615 0.000842615 0.000842615 0.000842615 
0.00412862 0.00492784 0.00656933 0.00989451 0.016701 0.0289434 0.0519394 0.0941877 0.166028 0.272647 0.422701 0.589687 0.73896 0.848237 0.916974 0.956826 0.977866 0.988835 0.994308 0.997146 
0.000173321 0.000232936 0.000411607 0.0006134 0.000968047 0.00138812 0.00341962 0.00298247 0.00509973 0.00501411 0.00612005 0.00359223 0.00643508 0.00366733 0.00210434 0.00141844 0.000664171 0.000578498 0.000323735 0.000255365 
0.969409 0.969756 0.969719 0.97 0.970398 0.971926 0.972718 0.97371 0.974422 0.974068 0.973954 0.97342 0.973008 0.972789 0.972596 0.972463 0.972404 0.972318 0.972316 0.972264 
0.00160135 0.00110591 0.00130943 0.00116881 0.00116524 0.00106714 0.000873714 0.000619084 0.00062674 0.00043239 0.000411306 0.000493489 0.000520173 0.000469162 0.000394207 0.000365012 0.000351915 0.000251436 0.000422694 0.000332676 
0.133112 0.141691 0.167461 0.282077 0.368139 0.464429 0.505492 0.544301 0.568963 0.574833 0.580323 0.580563 0.578806 0.578522 0.577566 0.576555 0.576444 0.575231 0.574791 0.574527 
0.0344137 0.0605554 0.0446085 0.0738264 0.0680394 0.0273017 0.0152638 0.0110091 0.00804632 0.00653221 0.00563602 0.00678349 0.0073504 0.0065708 0.00540591 0.00488836 0.00487953 0.00345369 0.0061045 0.00441608 
0.03235 0.0328 0.0334 0.0332 0.0333 0.03315 0.03345 0.0331 0.0336 0.03405 0.03365 0.03395 0.03545 0.0362 0.0381 0.03785 0.0381 0.0379 0.038 0.03785 
0.000572276 0.000509902 0.000860233 0.000927362 0.00151987 0.000653835 0.000668954 0.000768115 0.000734847 0.000739932 0.000963068 0.000497494 0.00217888 0.00143527 0.00104403 0.000792149 0.000830662 0.0006245 0.000707107 0.000963068 
0.0039421 0.00499029 0.00648747 0.00987678 0.0168698 0.0286817 0.052288 0.0945253 0.166187 0.273318 0.422065 0.589663 0.738979 0.848681 0.916865 0.956832 0.977864 0.988917 0.994324 0.997104 
0.000259272 0.000428684 0.000528406 0.000811886 0.00131432 0.00186501 0.00385394 0.00365157 0.00630164 0.00598331 0.00723329 0.00362232 0.00758268 0.00399781 0.00277402 0.00202787 0.000991485 0.00100187 0.000557165 0.000420945 
0.89759 0.906651 0.914422 0.921984 0.933962 0.943473 0.951498 0.957751 0.962766 0.966251 0.968032 0.970262 0.971022 0.971706 0.971977 0.972206 0.972299 0.972275 0.972291 0.972236 
0.0169512 0.0126158 0.00922036 0.00927896 0.00454721 0.00409024 0.00264267 0.0020951 0.00133176 0.00075269 0.000876485 0.000622529 0.000551137 0.000337796 0.00037571 0.000344774 0.000324556 0.000425757 0.000387756 0.000262896 
0.170135 0.172221 0.19311 0.221808 0.256488 0.303119 0.351252 0.409056 0.455451 0.498469 0.520344 0.549609 0.558848 0.566984 0.570407 0.573569 0.575542 0.574684 0.574767 0.574306 
0.0252052 0.0184249 0.0289123 0.0293177 0.0221989 0.0189775 0.0172428 0.0192907 0.0148028 0.00848105 0.00964603 0.00753071 0.00668427 0.00457284 0.00457252 0.00492802 0.00474039 0.00559749 0.00514985 0.00337428 
0.03235 0.0327 0.03285 0.0326 0.03275 0.03265 0.0328 0.03255 0.03295 0.033 0.03335 0.03335 0.0342 0.03585 0.03675 0.03575 0.036 0.0358 0.0359 0.03575 
0.000726292 0.00100499 0.00115217 0.000583095 0.000766485 0.000653835 0.00087178 0.000497494 0.000497494 0.000948683 0.000792149 0.00047697 0.00233666 0.00224221 0.00133697 0.00117792 0.00109545 0.00107703 0.00137477 0.00129904 
1 1 1 1 1 1 1 1 1 1 1 1 1 1 1 1 1 1 1 1 
0 0 0 0 0 0 0 0 0 0 0 0 0 0 0 0 0 0 0 0 
0.976027 0.976027 0.976027 0.976027 0.976027 0.976027 0.976027 0.976027 0.976027 0.976027 0.976027 0.976027 0.976027 0.976027 0.976027 0.976027 0.976027 0.976027 0.976027 0.976027 
0.000428246 0.000428246 0.000428246 0.000428246 0.000428246 0.000428246 0.000428246 0.000428246 0.000428246 0.000428246 0.000428246 0.000428246 0.000428246 0.000428246 0.000428246 0.000428246 0.000428246 0.000428246 0.000428246 0.000428246 
0.613042 0.613042 0.613042 0.613042 0.613042 0.613042 0.613042 0.613042 0.613042 0.613042 0.613042 0.613042 0.613042 0.613042 0.613042 0.613042 0.613042 0.613042 0.613042 0.613042 
0.00568933 0.00568933 0.00568933 0.00568933 0.00568933 0.00568933 0.00568933 0.00568933 0.00568933 0.00568933 0.00568933 0.00568933 0.00568933 0.00568933 0.00568933 0.00568933 0.00568933 0.00568933 0.00568933 0.00568933 
0.03265 0.03265 0.03265 0.03265 0.03265 0.03265 0.03265 0.03265 0.03265 0.03265 0.03265 0.03265 0.03265 0.03265 0.03265 0.03265 0.03265 0.03265 0.03265 0.03265 
0.000572276 0.000572276 0.000572276 0.000572276 0.000572276 0.000572276 0.000572276 0.000572276 0.000572276 0.000572276 0.000572276 0.000572276 0.000572276 0.000572276 0.000572276 0.000572276 0.000572276 0.000572276 0.000572276 0.000572276 
0.0027361 0.00345936 0.00457845 0.00712803 0.0115622 0.0192193 0.0333353 0.0584615 0.101561 0.172417 0.280692 0.428497 0.591721 0.738176 0.846875 0.916203 0.95613 0.977529 0.988591 0.994317 
0.000117416 0.000162204 0.000346489 0.000387524 0.000441412 0.000576223 0.00100085 0.00120389 0.00187471 0.00339169 0.00275402 0.00473211 0.00392592 0.00311582 0.00242383 0.00167076 0.000919652 0.000779752 0.000488049 0.000346827 
0.970894 0.970977 0.971522 0.97289 0.973902 0.97551 0.976298 0.977281 0.977984 0.977973 0.978058 0.97781 0.977028 0.976841 0.976579 0.976289 0.976283 0.975919 0.97618 0.976234 
0.00173883 0.00211751 0.00169497 0.00117212 0.00108901 0.000817091 0.000853029 0.000697904 0.000722835 0.000588666 0.000493881 0.000477599 0.000494185 0.000401157 0.000383845 0.000326595 0.000441571 0.000406651 0.000387322 0.000401459 
0.343521 0.351079 0.362017 0.42157 0.470512 0.511029 0.546697 0.5786 0.603148 0.612682 0.620439 0.624733 0.619506 0.619204 0.618229 0.615891 0.615733 0.610854 0.614421 0.614856 
0.0584877 0.0431281 0.0534527 0.0452483 0.0407757 0.0297542 0.0198747 0.0135841 0.00899418 0.006618 0.00810146 0.00605838 0.00711393 0.00484333 0.00546401 0.00538056 0.00563051 0.00585585 0.00626351 0.00486608 
0.0322 0.03225 0.0325 0.0322 0.03235 0.0322 0.0326 0.0324 0.0331 0.0329 0.0335 0.03365 0.0345 0.0364 0.03785 0.0369 0.0373 0.0372 0.0371 0.0365 
0.000979796 0.000698212 0.00111803 0.000509902 0.000792149 0.000678233 0.0008 0.000663325 0.000768115 0.000538516 0.000866025 0.000572276 0.00107238 0.00193391 0.00193067 0.00117898 0.00122882 0.0012083 0.00154596 0.00136015 
0.0026382 0.00343236 0.00449827 0.00713562 0.0116668 0.0191459 0.0335319 0.0586387 0.101598 0.172965 0.280525 0.42801 0.591979 0.738552 0.847012 0.916182 0.956147 0.977606 0.988699 0.994342 
0.000222976 0.000314344 0.000520261 0.000483192 0.000695053 0.000873695 0.00145646 0.00184156 0.00255792 0.00450115 0.00368385 0.00532573 0.0056496 0.00425376 0.00362848 0.00266491 0.00144715 0.00130219 0.000886889 0.000663233 
0.94254 0.951105 0.953944 0.958042 0.959076 0.962905 0.96553 0.967557 0.969452 0.971376 0.973195 0.97431 0.974796 0.975686 0.975951 0.975941 0.976098 0.975842 0.97614 0.976197 
0.013026 0.00719613 0.00580553 0.00462178 0.00414875 0.00202357 0.00153632 0.00142415 0.00139493 0.00117161 0.000667491 0.000548323 0.000518289 0.000325223 0.000392401 0.000335439 0.00048071 0.000305034 0.000436949 0.00036133 
0.191119 0.197206 0.231567 0.283016 0.306528 0.346327 0.404245 0.45431 0.486195 0.530293 0.558018 0.581401 0.592558 0.605216 0.610615 0.611211 0.6134 0.609805 0.613828 0.614271 
0.0364536 0.0369689 0.0437385 0.0403146 0.0340152 0.0285565 0.0217427 0.0242968 0.0133587 0.0121311 0.00978812 0.00734911 0.007639 0.00388824 0.00571204 0.00514227 0.00636892 0.00472256 0.00641684 0.00435797 
0.0325 0.0326 0.0326 0.0325 0.0328 0.0325 0.0329 0.033 0.03285 0.03315 0.03335 0.03365 0.0347 0.03645 0.0377 0.0369 0.0371 0.0371 0.03705 0.0367 
0.00067082 0.0008 0.000916515 0.00067082 0.000927362 0.00067082 0.000888819 0.000948683 0.000653835 0.00047697 0.000653835 0.000653835 0.00122882 0.00193585 0.00151987 0.00122066 0.00151327 0.000943398 0.00159609 0.00126886 
1 1 1 1 1 1 1 1 1 1 1 1 1 1 1 1 1 1 1 1 
0 0 0 0 0 0 0 0 0 0 0 0 0 0 0 0 0 0 0 0 
0.981744 0.981744 0.981744 0.981744 0.981744 0.981744 0.981744 0.981744 0.981744 0.981744 0.981744 0.981744 0.981744 0.981744 0.981744 0.981744 0.981744 0.981744 0.981744 0.981744 
0.000250782 0.000250782 0.000250782 0.000250782 0.000250782 0.000250782 0.000250782 0.000250782 0.000250782 0.000250782 0.000250782 0.000250782 0.000250782 0.000250782 0.000250782 0.000250782 0.000250782 0.000250782 0.000250782 0.000250782 
0.669866 0.669866 0.669866 0.669866 0.669866 0.669866 0.669866 0.669866 0.669866 0.669866 0.669866 0.669866 0.669866 0.669866 0.669866 0.669866 0.669866 0.669866 0.669866 0.669866 
0.00461519 0.00461519 0.00461519 0.00461519 0.00461519 0.00461519 0.00461519 0.00461519 0.00461519 0.00461519 0.00461519 0.00461519 0.00461519 0.00461519 0.00461519 0.00461519 0.00461519 0.00461519 0.00461519 0.00461519 
0.0331 0.0331 0.0331 0.0331 0.0331 0.0331 0.0331 0.0331 0.0331 0.0331 0.0331 0.0331 0.0331 0.0331 0.0331 0.0331 0.0331 0.0331 0.0331 0.0331 
0.0007 0.0007 0.0007 0.0007 0.0007 0.0007 0.0007 0.0007 0.0007 0.0007 0.0007 0.0007 0.0007 0.0007 0.0007 0.0007 0.0007 0.0007 0.0007 0.0007 
0.00272512 0.00341126 0.00455988 0.00690522 0.0112651 0.0192632 0.0335674 0.0591189 0.103492 0.178526 0.290558 0.441798 0.606244 0.750528 0.855291 0.921204 0.958946 0.978961 0.989373 0.994686 
0.000113539 0.000214364 0.000285863 0.000285944 0.000381944 0.000605718 0.0010034 0.00114755 0.00175196 0.00341693 0.00382689 0.00313355 0.00342519 0.00273491 0.00213435 0.00158753 0.000805714 0.000648131 0.000454338 0.000305114 
0.971267 0.971693 0.972546 0.973855 0.975114 0.976725 0.9779 0.978955 0.980098 0.980672 0.981259 0.98167 0.981856 0.98179 0.981853 0.981825 0.981903 0.981841 0.98184 0.981809 
0.00176283 0.00149713 0.00116328 0.000898855 0.00112475 0.000614219 0.000513526 0.000412437 0.000439793 0.000411479 0.000359968 0.000288354 0.000296345 0.000290363 0.000198205 0.000281171 0.000226662 0.000338309 0.000253518 0.000278228 
0.340806 0.352882 0.358424 0.402137 0.445535 0.507496 0.539025 0.579309 0.612409 0.631406 0.648952 0.661217 0.667876 0.668423 0.670329 0.669908 0.671436 0.670984 0.67073 0.670519 
0.0611096 0.0522637 0.060705 0.0540867 0.0590505 0.0207497 0.0173001 0.0134593 0.008486 0.00840256 0.00736776 0.00485172 0.005202 0.0053784 0.00355848 0.00590737 0.00404662 0.00565242 0.00480394 0.00466482 
0.03355 0.0333 0.0336 0.0335 0.03385 0.03365 0.03395 0.0339 0.0343 0.03455 0.0343 0.03485 0.0357 0.03755 0.0387 0.0378 0.03785 0.03805 0.03805 0.0371 
0.000920598 0.000458258 0.0010198 0.000866025 0.00090967 0.000572276 0.000864581 0.0006245 0.000781025 0.000668954 0.000781025 0.000792149 0.00138203 0.00149917 0.00161555 0.0012083 0.00135185 0.000973396 0.00146544 0.000888819 
0.00265086 0.00339522 0.00444341 0.00691788 0.0113714 0.019297 0.0339556 0.0593738 0.103554 0.179053 0.290158 0.441474 0.606334 0.750741 0.855319 0.921273 0.958986 0.979024 0.989422 0.994718 
0.000239449 0.00040595 0.000471886 0.000460779 0.00071187 0.000932496 0.00143905 0.00171317 0.0026417 0.00458945 0.0043574 0.00408505 0.00528734 0.0039463 0.00335084 0.00259655 0.00127208 0.0012438 0.000885726 0.000593905 
0.944265 0.953906 0.956505 0.9608 0.963452 0.96794 0.970971 0.97311 0.975032 0.977023 0.978501 0.979798 0.980619 0.98121 0.981471 0.981662 0.981739 0.981815 0.98182 0.981809 
0.012381 0.00732673 0.00421898 0.00345478 0.00278857 0.00126111 0.00170949 0.000931013 0.000864018 0.000619829 0.000430767 0.00035807 0.00045067 0.000297407 0.000279392 0.000319477 0.000180557 0.000321601 0.000208639 0.000269437 
0.180483 0.188582 0.205538 0.245915 0.28469 0.331474 0.403662 0.464382 0.509041 0.566087 0.597173 0.628116 0.646038 0.657662 0.66325 0.667085 0.668596 0.670517 0.670222 0.670602 
0.0367719 0.0351133 0.0322721 0.0443228 0.0371011 0.0343834 0.032282 0.027543 0.0177543 0.00993044 0.0106315 0.00707573 0.00857987 0.0049993 0.0051801 0.00660892 0.00316865 0.00519249 0.00390477 0.00438734 
0.0336 0.03345 0.0339 0.0339 0.03385 0.0341 0.0341 0.03385 0.0345 0.0343 0.0347 0.0351 0.0367 0.0378 0.0393 0.0379 0.03845 0.03815 0.03855 0.03795 
0.000860233 0.000589491 0.00109087 0.0007 0.000726292 0.00043589 0.000943398 0.000572276 0.000866025 0.000458258 0.000640312 0.000768115 0.00212368 0.00206398 0.00173494 0.00122066 0.00107121 0.00135185 0.00177412 0.000973396 
1 1 1 1 1 1 1 1 1 1 1 1 1 1 1 1 1 1 1 1 
0 0 0 0 0 0 0 0 0 0 0 0 0 0 0 0 0 0 0 0 
0.981761 0.981761 0.981761 0.981761 0.981761 0.981761 0.981761 0.981761 0.981761 0.981761 0.981761 0.981761 0.981761 0.981761 0.981761 0.981761 0.981761 0.981761 0.981761 0.981761 
0.000290765 0.000290765 0.000290765 0.000290765 0.000290765 0.000290765 0.000290765 0.000290765 0.000290765 0.000290765 0.000290765 0.000290765 0.000290765 0.000290765 0.000290765 0.000290765 0.000290765 0.000290765 0.000290765 0.000290765 
0.649791 0.649791 0.649791 0.649791 0.649791 0.649791 0.649791 0.649791 0.649791 0.649791 0.649791 0.649791 0.649791 0.649791 0.649791 0.649791 0.649791 0.649791 0.649791 0.649791 
0.00601084 0.00601084 0.00601084 0.00601084 0.00601084 0.00601084 0.00601084 0.00601084 0.00601084 0.00601084 0.00601084 0.00601084 0.00601084 0.00601084 0.00601084 0.00601084 0.00601084 0.00601084 0.00601084 0.00601084 
0.0373 0.0373 0.0373 0.0373 0.0373 0.0373 0.0373 0.0373 0.0373 0.0373 0.0373 0.0373 0.0373 0.0373 0.0373 0.0373 0.0373 0.0373 0.0373 0.0373 
0.000842615 0.000842615 0.000842615 0.000842615 0.000842615 0.000842615 0.000842615 0.000842615 0.000842615 0.000842615 0.000842615 0.000842615 0.000842615 0.000842615 0.000842615 0.000842615 0.000842615 0.000842615 0.000842615 0.000842615 
0.00365854 0.00503587 0.00746476 0.0120356 0.0198405 0.0334644 0.0564908 0.0969339 0.161649 0.262131 0.396546 0.555496 0.706426 0.82466 0.90216 0.948196 0.973342 0.986449 0.993249 0.996498 
0.00022168 0.000265773 0.000347843 0.000408859 0.000732335 0.000800847 0.0013111 0.00154587 0.00213287 0.00250417 0.00273453 0.0026725 0.00252431 0.00145549 0.00151377 0.00137082 0.000572503 0.00054536 0.000339495 0.000258226 
0.973034 0.973589 0.97445 0.975298 0.976501 0.97788 0.978689 0.979351 0.980185 0.98073 0.981131 0.98142 0.981634 0.981657 0.98176 0.981773 0.981776 0.981764 0.981783 0.981736 
0.000977083 0.00074199 0.000881729 0.0009551 0.000781477 0.000437116 0.00035303 0.000245953 0.000265515 0.000244384 0.000307917 0.000248866 0.00024078 0.000227453 0.000166605 0.000214854 0.000241382 0.000159183 0.000205403 0.000269456 
0.300611 0.31292 0.349337 0.388392 0.444762 0.499617 0.531516 0.562429 0.590518 0.611592 0.625981 0.636532 0.644174 0.645743 0.648876 0.649534 0.649494 0.649567 0.649795 0.649638 
0.0703581 0.0479402 0.0511609 0.053337 0.0409665 0.0190812 0.0110956 0.00729486 0.00584202 0.0060045 0.00709719 0.00568588 0.00482028 0.00460098 0.00344696 0.00450676 0.00505668 0.00337105 0.00447446 0.00537704 
0.03515 0.03485 0.0352 0.035 0.0353 0.03535 0.03575 0.0361 0.0366 0.03735 0.0377 0.03845 0.0394 0.04135 0.0427 0.0419 0.04175 0.0417 0.0425 0.04165 
0.000852936 0.000653835 0.00107703 0.000707107 0.000953939 0.000726292 0.000829156 0.0006245 0.000734847 0.000792149 0.000556776 0.000864581 0.00165529 0.0022644 0.00145258 0.00137477 0.00137386 0.000953939 0.00136015 0.00115217 
0.00359018 0.00510507 0.00735758 0.0120474 0.0200295 0.0335581 0.0567449 0.0971567 0.16208 0.262701 0.395827 0.555462 0.706639 0.824832 0.902364 0.948274 0.97332 0.986493 0.993248 0.996481 
0.000282496 0.000452267 0.00064499 0.000723753 0.00105191 0.00132737 0.00194489 0.00245491 0.00363148 0.00398231 0.00423814 0.00396433 0.00395382 0.00262705 0.00241112 0.00227657 0.000975184 0.00102429 0.000591297 0.000482266 
0.951116 0.959711 0.963866 0.967134 0.969042 0.970799 0.973324 0.9753 0.976622 0.977972 0.979136 0.980261 0.980851 0.981291 0.981557 0.98163 0.981718 0.981744 0.981764 0.98172 
0.00920179 0.00460472 0.00290671 0.00202725 0.00127009 0.0012471 0.000757311 0.000611555 0.000535681 0.000367695 0.000303349 0.000288305 0.000261026 0.000198743 0.000243274 0.000186074 0.000195528 0.000146313 0.000197088 0.000280924 
0.143477 0.143028 0.173359 0.189622 0.238749 0.283039 0.363897 0.449849 0.496826 0.551189 0.581646 0.611554 0.627556 0.63793 0.644326 0.646816 0.648218 0.648917 0.649405 0.649348 
0.0230959 0.0271662 0.0320854 0.0368887 0.0366642 0.0377853 0.0345302 0.0194854 0.0147703 0.00805432 0.00819007 0.00600694 0.00538594 0.00396116 0.00411001 0.00441723 0.00424395 0.00315007 0.00432127 0.00553083 
0.0357 0.03575 0.03605 0.0359 0.0358 0.03585 0.036 0.03635 0.0366 0.03725 0.03755 0.03875 0.03965 0.04265 0.0433 0.04295 0.0432 0.0424 0.0434 0.04185 
0.00100499 0.000942072 0.00102347 0.00117898 0.000927362 0.000792149 0.00104881 0.000726292 0.000734847 0.000622495 0.000589491 0.000829156 0.00168152 0.00303768 0.00195192 0.00159609 0.00172047 0.000969536 0.0022 0.00110793 
0.0062385 0.00910457 0.0149548 0.0267204 0.0490151 0.0910642 0.167601 0.294973 0.466622 0.637823 0.779215 0.876402 0.934129 0.9659 0.982447 0.991181 0.995618 0.997777 0.998904 0.999418 
0.000322889 0.000588869 0.000823951 0.00125215 0.00221638 0.00479065 0.00610835 0.0110432 0.00934012 0.00530292 0.00484206 0.00312074 0.00303162 0.00181406 0.000925288 0.000547842 0.000327184 0.000187434 0.00010232 0.000103707 
0.967782 0.969083 0.970306 0.972584 0.973981 0.975543 0.976562 0.976867 0.97702 0.976314 0.97611 0.976022 0.975862 0.975898 0.975741 0.975635 0.975772 0.975656 0.975611 0.975617 
0.00161563 0.00195814 0.00107797 0.00112391 0.000889136 0.000738707 0.000635725 0.000427793 0.00045575 0.000445008 0.000310376 0.000360414 0.000328057 0.000338209 0.000291763 0.000364271 0.000338567 0.000431915 0.00026514 0.000350682 
0.201548 0.283129 0.408738 0.486233 0.543406 0.591703 0.615444 0.628688 0.634652 0.629203 0.629052 0.628842 0.627613 0.628243 0.626152 0.624751 0.627126 0.625707 0.624824 0.625094 
0.0811852 0.0636078 0.0477212 0.0305971 0.0227381 0.011411 0.00797077 0.00589214 0.00698234 0.00567565 0.00421756 0.00484 0.00420377 0.00466184 0.00412939 0.00480602 0.00456167 0.00585857 0.00353442 0.00494053 
13.3367 13.3251 13.3224 13.3311 13.336 13.3406 13.3519 13.3577 13.3786 13.3647 13.3736 13.3676 13.4588 13.6373 13.7154 13.6605 13.646 13.6891 13.6683 13.6689 
0.0207463 0.0247182 0.0218391 0.0188571 0.0253219 0.0250348 0.0256462 0.016731 0.0551311 0.0187939 0.0248161 0.0259277 0.128369 0.0913066 0.101291 0.0319163 0.0438497 0.0573785 0.0526478 0.0612674 
1 1 1 1 1 1 1 1 1 1 1 1 1 1 1 1 1 1 1 1 
0 0 0 0 0 0 0 0 0 0 0 0 0 0 0 0 0 0 0 0 
0.984373 0.984373 0.984373 0.984373 0.984373 0.984373 0.984373 0.984373 0.984373 0.984373 0.984373 0.984373 0.984373 0.984373 0.984373 0.984373 0.984373 0.984373 0.984373 0.984373 
0.000323677 0.000323677 0.000323677 0.000323677 0.000323677 0.000323677 0.000323677 0.000323677 0.000323677 0.000323677 0.000323677 0.000323677 0.000323677 0.000323677 0.000323677 0.000323677 0.000323677 0.000323677 0.000323677 0.000323677 
0.704889 0.704889 0.704889 0.704889 0.704889 0.704889 0.704889 0.704889 0.704889 0.704889 0.704889 0.704889 0.704889 0.704889 0.704889 0.704889 0.704889 0.704889 0.704889 0.704889 
0.00812107 0.00812107 0.00812107 0.00812107 0.00812107 0.00812107 0.00812107 0.00812107 0.00812107 0.00812107 0.00812107 0.00812107 0.00812107 0.00812107 0.00812107 0.00812107 0.00812107 0.00812107 0.00812107 0.00812107 
0.598 0.598 0.598 0.598 0.598 0.598 0.598 0.598 0.598 0.598 0.598 0.598 0.598 0.598 0.598 0.598 0.598 0.598 0.598 0.598 
0.0197636 0.0197636 0.0197636 0.0197636 0.0197636 0.0197636 0.0197636 0.0197636 0.0197636 0.0197636 0.0197636 0.0197636 0.0197636 0.0197636 0.0197636 0.0197636 0.0197636 0.0197636 0.0197636 0.0197636 
0.00288716 0.00362478 0.00503671 0.00768082 0.0123757 0.0206211 0.0368436 0.0638391 0.109601 0.187461 0.3007 0.453835 0.613921 0.755698 0.857738 0.92402 0.959667 0.979419 0.989441 0.994724 
0.000112023 0.000191403 0.000240039 0.00048802 0.000731384 0.000909171 0.0014235 0.00169686 0.00236797 0.00327123 0.00475488 0.00548168 0.00517763 0.00398205 0.00300862 0.00181706 0.000925251 0.000765727 0.000425857 0.000222227 
0.966646 0.966361 0.969311 0.971414 0.972953 0.975699 0.977438 0.98017 0.981462 0.98255 0.983006 0.983671 0.983875 0.984077 0.98424 0.984241 0.98421 0.984146 0.984267 0.984122 
0.00318734 0.00277854 0.0015761 0.00129287 0.00124013 0.000855405 0.000758227 0.000644851 0.000477296 0.000519488 0.000571465 0.000439388 0.000348922 0.000280735 0.000344312 0.000347531 0.000285076 0.000215026 0.000386007 0.000426145 
0.308893 0.33434 0.378552 0.43044 0.456674 0.508334 0.540852 0.61294 0.635297 0.661251 0.672256 0.689807 0.694195 0.699997 0.701049 0.700294 0.69862 0.698918 0.702862 0.701693 
0.0465343 0.0529738 0.0575833 0.0547146 0.0443351 0.0305897 0.0358046 0.0142998 0.0129571 0.0174795 0.0152852 0.0102722 0.00637694 0.00621288 0.00764011 0.0108997 0.00873247 0.00872322 0.0099676 0.00909846 
0.061 0.0665 0.07305 0.0833 0.0982 0.12065 0.1576 0.20295 0.2555 0.332 0.39385 0.47115 0.522 0.5679 0.5904 0.6041 0.60385 0.60935 0.61245 0.61195 
0.00176068 0.00128452 0.00188348 0.00384838 0.00528772 0.00516018 0.0103605 0.00988167 0.0106278 0.0156652 0.0142453 0.0189955 0.0214429 0.0227594 0.0243093 0.0238325 0.0126975 0.0159915 0.0163171 0.0190643 
0.00948941 0.00960081 0.00929361 0.00943118 0.00943202 0.00949025 0.0100852 0.0103882 0.0124863 0.0170681 0.0278749 0.0555439 0.118852 0.249219 0.460472 0.696738 0.861873 0.945762 0.979915 0.992841 
0.000595872 0.00061934 0.000649096 0.000611173 0.00042556 0.000740852 0.000792067 0.000595127 0.000821767 0.00114062 0.000981173 0.00171751 0.00379069 0.00507183 0.00548041 0.00483026 0.0021954 0.001527 0.000645488 0.00021578 
0.981173 0.981006 0.980755 0.980451 0.980921 0.981166 0.980821 0.981039 0.981099 0.981641 0.981445 0.982043 0.982696 0.983483 0.98381 0.98408 0.984219 0.984106 0.984268 0.984129 
0.000880052 0.000943253 0.000877943 0.001167 0.000828885 0.00115088 0.000987517 0.000880341 0.00102868 0.00071327 0.000670273 0.000626012 0.000429249 0.000326403 0.000292416 0.000347504 0.000313854 0.000227415 0.000336291 0.000451025 
0.627101 0.625152 0.61227 0.605026 0.620429 0.621535 0.618964 0.625717 0.624619 0.636271 0.627451 0.648264 0.663895 0.681948 0.689677 0.695179 0.697708 0.697296 0.702677 0.702438 
0.0337323 0.0320307 0.0299791 0.0379919 0.0316645 0.0397788 0.0351624 0.0291153 0.0380742 0.0226959 0.0250844 0.0167473 0.0147207 0.00780834 0.00732391 0.0118148 0.00853119 0.00900776 0.00869171 0.00919365 
0.23845 0.2389 0.23585 0.23815 0.23765 0.2369 0.24245 0.24075 0.2499 0.26175 0.28125 0.3312 0.4057 0.5027 0.59835 0.6668 0.69395 0.71235 0.7179 0.7186 
0.00637554 0.0061636 0.00650596 0.00615041 0.00383764 0.00727942 0.00865722 0.0056734 0.0079806 0.00954921 0.00638651 0.0103663 0.0173698 0.017757 0.0223903 0.0234832 0.0129015 0.0168531 0.0129611 0.0191922 
0.00937041 0.00965736 0.00920837 0.00945227 0.00948856 0.00941261 0.0102684 0.0103013 0.0125116 0.0171677 0.0279146 0.0556427 0.11876 0.249077 0.460644 0.696142 0.862033 0.945581 0.979878 0.992844 
0.000735282 0.000717971 0.000801151 0.000663714 0.000524074 0.000855242 0.000819396 0.000783307 0.0010459 0.00134146 0.00115685 0.00215765 0.00437315 0.00599039 0.00596399 0.00553599 0.00229903 0.00177222 0.000772561 0.000457559 
0.954012 0.953242 0.95586 0.954568 0.955297 0.953794 0.953596 0.953302 0.958662 0.960443 0.964808 0.970001 0.975111 0.979461 0.982106 0.98334 0.983931 0.984051 0.984252 0.984101 
0.00284558 0.00416868 0.00331494 0.00364592 0.0040969 0.00517755 0.00492507 0.00552201 0.00242201 0.00198424 0.00200033 0.00110547 0.00124932 0.000622498 0.000439708 0.000395489 0.000168114 0.000233633 0.000431457 0.000408615 
0.247515 0.25463 0.242951 0.244912 0.260263 0.238019 0.229377 0.249711 0.259542 0.287462 0.344009 0.444545 0.528368 0.611494 0.659786 0.681436 0.693587 0.69657 0.702435 0.701331 
0.0545696 0.0403175 0.0376003 0.0460376 0.0548597 0.0454839 0.0406421 0.0409052 0.03686 0.0385309 0.0444519 0.0319872 0.0187842 0.0170729 0.0110426 0.0121171 0.00552904 0.00816207 0.0100462 0.00964184 
0.0634 0.0648 0.06295 0.0638 0.06395 0.06305 0.06475 0.06615 0.06835 0.0752 0.09075 0.1219 0.18265 0.2797 0.4174 0.546 0.62875 0.6735 0.6971 0.70045 
0.00363868 0.00328024 0.00297447 0.00276767 0.0022017 0.00324769 0.00301455 0.00351105 0.00385065 0.00478121 0.00450416 0.00683301 0.015496 0.0184258 0.0181835 0.0281372 0.0147712 0.0189328 0.0183763 0.0228067 
0 0 0 0 0 0 0 0 0 0 0 0 0 0 0 0 0 0 0 0 
0 0 0 0 0 0 0 0 0 0 0 0 0 0 0 0 0 0 0 0 
0 0 0 0 0 0 0 0 0 0 0 0 0 0 0 0 0 0 0 0 
0 0 0 0 0 0 0 0 0 0 0 0 0 0 0 0 0 0 0 0 
0 0 0 0 0 0 0 0 0 0 0 0 0 0 0 0 0 0 0 0 
0 0 0 0 0 0 0 0 0 0 0 0 0 0 0 0 0 0 0 0 
0 0 0 0 0 0 0 0 0 0 0 0 0 0 0 0 0 0 0 0 
0 0 0 0 0 0 0 0 0 0 0 0 0 0 0 0 0 0 0 0 
