APE
que 0.000491385 0.00168914 0.00190412 0.00199625 0.00429962 
std_que 0 0 0 0 0 
acc 0.25681 0.418138 0.768128 0.731335 0.727987 
std_acc 0 0 0 0 0 
f1 0.0591003 0.393534 0.860413 0.837507 0.806044 
std_f1 0 0 0 0 0 
time 0.01229 0.011353 0.011818 0.011048 0.010563 
std_time 0 0 0 0 0 
APAII
que 0.000890636 0.000614232 0.00104419 0.00113633 0.00214981 
std_que 0 0 0 0 0 
acc 0.739996 0.738583 0.758177 0.759313 0.755874 
std_acc 0 0 0 0 0 
f1 0.844968 0.847929 0.862121 0.863164 0.86036 
std_f1 0 0 0 0 0 
time 0.013574 0.012289 0.011825 0.011913 0.011848 
std_time 0 0 0 0 0 
ASOP
que 3.07116e-05 3.07116e-05 3.07116e-05 0.000153558 9.21348e-05 
std_que 0 0 0 0 0 
acc 0.240779 0.240779 0.240779 0.240902 0.24084 
std_acc 0 0 0 0 0 
f1 0 0 0 0.000323559 0.000161793 
std_f1 0 0 0 0 0 
time 2.04515 1.97531 2.01812 1.98571 1.96694 
std_time 0 0 0 0 0 
AROW
que 1 1 1 1 1 
std_que 0 0 0 0 0 
acc 0.845859 0.845859 0.845859 0.845859 0.845859 
std_acc 0 0 0 0 0 
f1 0.90091 0.90091 0.90091 0.90091 0.90091 
std_f1 0 0 0 0 0 
time 0.686756 0.686756 0.686756 0.686756 0.686756 
std_time 0 0 0 0 0 
AAROW
que 3.07116e-05 3.07116e-05 0.000675655 0.000644943 0.00150487 
std_que 0 0 0 0 0 
acc 0.240779 0.240779 0.589386 0.74362 0.746629 
std_acc 0 0 0 0 0 
f1 0 0 0.673233 0.821349 0.827167 
std_f1 0 0 0 0 0 
time 0.010491 0.010412 0.013051 0.013085 0.013424 
std_time 0 0 0 0 0 
AAROW2
que 0.0257363 0.0262584 0.0242929 0.0242314 0.0242622 
std_que 0 0 0 0 0 
acc 0.838365 0.838365 0.836092 0.837874 0.833881 
std_acc 0 0 0 0 0 
f1 0.898215 0.896955 0.896258 0.897866 0.89563 
std_f1 0 0 0 0 0 
time 0.237169 0.235484 0.237309 0.229089 0.230569 
std_time 0 0 0 0 0 
RAROW
que 0.0259513 0.0282239 0.0225116 0.0243543 0.0249685 
std_que 0 0 0 0 0 
acc 0.808667 0.813888 0.810325 0.811953 0.805381 
std_acc 0 0 0 0 0 
f1 0.877072 0.880138 0.876529 0.879018 0.872835 
std_f1 0 0 0 0 0 
time 0.030651 0.029686 0.028091 0.028039 0.027297 
std_time 0 0 0 0 0 
