1 1 1 1 1 1 1 1 1 1 1 1 1 1 1 1 1 1 1 1 
0 0 0 0 0 0 0 0 0 0 0 0 0 0 0 0 0 0 0 0 
0.770479 0.769607 0.769393 0.770086 0.770571 0.76945 0.7685 0.768821 0.768564 0.770357 0.7699 0.769136 0.769564 0.770086 0.768664 0.770457 0.769343 0.770214 0.771 0.771357 
0.00343905 0.00326949 0.00315384 0.00329359 0.00242479 0.00300553 0.00384137 0.00282224 0.00375839 0.0041158 0.00336067 0.00339221 0.00234933 0.00361781 0.00358633 0.0031372 0.0027992 0.00294248 0.00400382 0.00256845 
0.769993 0.769098 0.768876 0.769543 0.770141 0.768999 0.767963 0.768369 0.768079 0.76987 0.769457 0.768615 0.769097 0.769621 0.768169 0.769954 0.768831 0.769721 0.770511 0.770906 
0.00349325 0.00326652 0.00315164 0.00329602 0.00243711 0.00302312 0.0038246 0.00287017 0.00378785 0.00413077 0.00345142 0.00342276 0.00235952 0.00365639 0.00359378 0.00317769 0.00282662 0.00294682 0.00401626 0.0025557 
0.00235 0.0008 0.0008 0.0015 0.00075 0.0024 0.00155 0.0008 0.00235 0.00155 0 0.0008 0 0.00225 0.00315 0 0.00075 0.0023 0.00075 0 
0.0055971 0.00348712 0.00348712 0.0045 0.00326917 0.00571314 0.00465269 0.00348712 0.0055971 0.00465269 0 0.00348712 0 0.00535607 0.00630298 0 0.00326917 0.00547814 0.00326917 0 
0.00864286 0.0144071 0.0231071 0.0349786 0.0543429 0.0828 0.1262 0.19035 0.28425 0.4135 0.566764 0.723143 0.83365 0.909486 0.952764 0.974957 0.987564 0.993564 0.996757 0.998529 
0.0015574 0.000937076 0.00187512 0.00254962 0.0035368 0.00397887 0.0035966 0.00545379 0.00653076 0.00824899 0.00893357 0.00485714 0.00424011 0.00415304 0.00248968 0.0018985 0.00133667 0.00114149 0.000790376 0.000576938 
0.602493 0.66045 0.69475 0.718864 0.740043 0.758243 0.767036 0.774057 0.779 0.781071 0.780964 0.776286 0.77295 0.771757 0.770414 0.770614 0.771021 0.770264 0.771029 0.770857 
0.0378518 0.0257034 0.0164672 0.011672 0.00520598 0.00700817 0.00638155 0.00455071 0.00552785 0.00302692 0.00464931 0.00340378 0.00267844 0.00420376 0.00436846 0.00358087 0.00314684 0.00351709 0.00337989 0.00324635 
0.572304 0.651805 0.69541 0.713718 0.736155 0.756742 0.765867 0.773528 0.778079 0.780888 0.780703 0.775876 0.772543 0.771411 0.769938 0.770199 0.770545 0.769762 0.770566 0.770424 
0.0805809 0.0371692 0.0252359 0.0184061 0.0105467 0.00916628 0.00747945 0.00570287 0.00605389 0.00333751 0.00485776 0.00312635 0.00260028 0.0042136 0.00450958 0.00367368 0.00314504 0.00354567 0.00339346 0.00325617 
0.00075 0.0032 0.0039 0.0031 0.00315 0.0016 0.0015 0 0.00235 0.0015 0.00075 0.0024 0 0.0008 0.0016 0.00155 0.0008 0.00235 0.00155 0.0039 
0.00326917 0.0064 0.00675944 0.00620403 0.00630298 0.0048 0.0045 0 0.0055971 0.0045 0.00326917 0.00571314 0 0.00348712 0.0048 0.00465269 0.00348712 0.0055971 0.00465269 0.00675944 
0.00846429 0.0141786 0.023 0.0345929 0.0543929 0.0831786 0.126643 0.189386 0.284943 0.411871 0.565971 0.724343 0.831564 0.909936 0.953257 0.974393 0.987329 0.993086 0.996636 0.998457 
0.00228253 0.00162121 0.00307558 0.00403031 0.00612404 0.00682341 0.00791827 0.0105765 0.00935091 0.0115815 0.0137347 0.00769208 0.00765446 0.00704627 0.00355154 0.00323687 0.00217739 0.00204959 0.00137134 0.000996525 
0.619529 0.640286 0.662814 0.682107 0.704214 0.721364 0.731514 0.744857 0.752036 0.762071 0.764686 0.767093 0.767936 0.76845 0.769807 0.769571 0.769371 0.7694 0.770721 0.770857 
0.0211756 0.0149785 0.0192019 0.015305 0.00854609 0.0112639 0.0126664 0.00773159 0.00630482 0.00629553 0.00563183 0.00355691 0.00296939 0.00361778 0.00296485 0.00373155 0.00355694 0.00399045 0.00331369 0.00344934 
0.603058 0.642659 0.654493 0.67777 0.70248 0.722876 0.729801 0.743481 0.75165 0.761192 0.764242 0.766946 0.76761 0.767954 0.769302 0.769127 0.768867 0.768922 0.770191 0.770411 
0.0339169 0.0174609 0.0265091 0.0184928 0.013246 0.0133416 0.0156377 0.00792633 0.0067351 0.00687136 0.00603119 0.00345233 0.00308642 0.00365097 0.00292841 0.00370998 0.00350028 0.00394153 0.00332409 0.00347266 
0.0008 0.00075 0.00155 0.0016 0.00155 0.0008 0.00155 0.0015 0.00075 0.0015 0.0016 0 0.0015 0.00075 0.00075 0.0031 0.0016 0.0032 0.0016 0.0016 
0.00348712 0.00326917 0.00465269 0.0048 0.00465269 0.00348712 0.00465269 0.0045 0.00326917 0.0045 0.0048 0 0.0045 0.00326917 0.00326917 0.00620403 0.0048 0.0064 0.0048 0.0048 
1 1 1 1 1 1 1 1 1 1 1 1 1 1 1 1 1 1 1 1 
0 0 0 0 0 0 0 0 0 0 0 0 0 0 0 0 0 0 0 0 
0.7714 0.770371 0.7712 0.770771 0.77035 0.769557 0.769314 0.770179 0.769821 0.769329 0.771614 0.770114 0.770786 0.77035 0.769907 0.769943 0.77125 0.769643 0.772129 0.770993 
0.00363644 0.0030972 0.00377273 0.00337591 0.00342812 0.00401627 0.00313623 0.00367975 0.00359616 0.00375285 0.00303386 0.00433721 0.00342783 0.00343198 0.00441386 0.00270276 0.00300709 0.00364818 0.00344724 0.00279229 
0.770786 0.769523 0.770455 0.770197 0.769558 0.768866 0.768595 0.76975 0.769121 0.768591 0.770993 0.769584 0.770455 0.769737 0.769272 0.769342 0.770404 0.769136 0.771574 0.770412 
0.00371036 0.0032623 0.00377039 0.00351741 0.00382521 0.00405549 0.003282 0.00358886 0.00352245 0.00387176 0.00315953 0.00461457 0.00356046 0.00358523 0.00445924 0.00271194 0.00331263 0.00352155 0.00343942 0.00262559 
0.0008 0.0016 0.00075 0.0023 0.0024 0.00235 0.0024 0.0024 0.00235 0.0024 0.00385 0.00075 0.00395 0.00385 0.0016 0.00315 0.00395 0.0023 0.00235 0.0031 
0.00348712 0.0048 0.00326917 0.00547814 0.00571314 0.0055971 0.00571314 0.00571314 0.0055971 0.00571314 0.00667289 0.00326917 0.00684452 0.00667289 0.0048 0.00630298 0.00684452 0.00547814 0.0055971 0.00620403 
0.00672857 0.0112571 0.0164786 0.0255571 0.0394571 0.05915 0.0889143 0.1356 0.202429 0.296093 0.4284 0.58645 0.726507 0.84005 0.912571 0.952729 0.975864 0.987514 0.9937 0.997193 
0.001132 0.00138033 0.00123988 0.00197892 0.00212017 0.00317563 0.00281265 0.00318145 0.00493695 0.00502286 0.00857923 0.00795988 0.00567962 0.00504839 0.00276457 0.00234821 0.00193806 0.00157558 0.000779717 0.000621511 
0.6346 0.684071 0.712621 0.74015 0.757429 0.77135 0.778821 0.785293 0.788586 0.78785 0.786586 0.782543 0.778279 0.776021 0.773164 0.772036 0.771621 0.769836 0.772 0.771264 
0.0427454 0.0272521 0.0222956 0.0149398 0.0122315 0.00694857 0.00819356 0.00474008 0.00480601 0.00379298 0.00370435 0.00415186 0.00296113 0.00394148 0.003832 0.0031764 0.00309815 0.00401458 0.00359563 0.00285724 
0.624003 0.690583 0.716306 0.739414 0.75636 0.771447 0.779321 0.785038 0.788061 0.78749 0.786296 0.781779 0.777796 0.775471 0.772591 0.771484 0.770861 0.769304 0.771316 0.770654 
0.0982924 0.0330727 0.0156223 0.018303 0.0137312 0.00832035 0.0107967 0.00515515 0.00622926 0.00391917 0.00405388 0.00443765 0.00305776 0.00406752 0.00395217 0.00325142 0.00326408 0.00391011 0.00363105 0.00274247 
0.00235 0.00155 0.00155 0.0016 0.00155 0.00075 0.0015 0.0016 0.00315 0.0024 0.0008 0.00155 0.0031 0.00235 0.0023 0.0024 0.003 0.0031 0.00305 0.00235 
0.0055971 0.00465269 0.00465269 0.0048 0.00465269 0.00326917 0.0045 0.0048 0.00630298 0.00571314 0.00348712 0.00465269 0.00620403 0.0055971 0.00547814 0.00571314 0.006 0.00620403 0.00610307 0.0055971 
0.00658571 0.0111357 0.01655 0.0254071 0.0393357 0.0595 0.0894357 0.134979 0.202593 0.2951 0.428471 0.588457 0.724379 0.840857 0.912893 0.951893 0.975807 0.986993 0.993707 0.997207 
0.00177793 0.00195327 0.00222934 0.00354138 0.00438976 0.00572169 0.00645241 0.00719499 0.00698603 0.00884055 0.0140431 0.01234 0.00981505 0.00907621 0.00527042 0.00467754 0.00333512 0.00294108 0.00142891 0.000966241 
0.6225 0.657857 0.676386 0.700529 0.719593 0.730007 0.741021 0.750843 0.758693 0.765271 0.766479 0.76905 0.769421 0.770371 0.77105 0.770286 0.770714 0.769571 0.771986 0.77105 
0.0300352 0.0170199 0.0226999 0.0188542 0.0127061 0.00603011 0.0124274 0.00782825 0.00618231 0.00575821 0.0035655 0.00374718 0.00352237 0.00436461 0.00416332 0.00335365 0.00297678 0.00359336 0.00362697 0.00271063 
0.618574 0.65369 0.668403 0.695335 0.718537 0.731796 0.738178 0.750124 0.756755 0.763788 0.765789 0.768411 0.768945 0.769819 0.770342 0.769777 0.769939 0.769193 0.771304 0.770534 
0.0538665 0.0349192 0.02601 0.0225124 0.0185705 0.00919872 0.016203 0.00836923 0.00648176 0.00603898 0.00409025 0.00412617 0.00360443 0.00444946 0.00399727 0.00347962 0.00312014 0.00348485 0.00371717 0.00265173 
0 0.0031 0.00235 0.00155 0.00075 0.00075 0.0032 0.0023 0 0.0016 0.0024 0.00315 0.0039 0.0024 0.0023 0.0031 0.0024 0.00075 0.0008 0.0016 
0 0.00620403 0.0055971 0.00465269 0.00326917 0.00326917 0.0064 0.00547814 0 0.0048 0.00571314 0.00630298 0.00675944 0.00571314 0.00547814 0.00620403 0.00571314 0.00326917 0.00348712 0.0048 
1 1 1 1 1 1 1 1 1 1 1 1 1 1 1 1 1 1 1 1 
0 0 0 0 0 0 0 0 0 0 0 0 0 0 0 0 0 0 0 0 
0.82705 0.826836 0.82605 0.827536 0.826557 0.826986 0.826564 0.826086 0.826979 0.826986 0.826879 0.82615 0.826264 0.827057 0.826379 0.826386 0.826493 0.826579 0.827071 0.8262 
0.00231908 0.00228271 0.00216808 0.00235167 0.00129749 0.00150503 0.0025902 0.00238807 0.00250684 0.00178537 0.00269591 0.0024914 0.00187261 0.00210073 0.00214632 0.00177574 0.00220781 0.00179823 0.00285446 0.0026609 
0.82703 0.827231 0.825914 0.827882 0.826576 0.827226 0.826494 0.826111 0.827042 0.82705 0.826704 0.825794 0.826572 0.827197 0.826369 0.826479 0.827016 0.826687 0.826906 0.826058 
0.0025966 0.00272134 0.00224745 0.00235131 0.00172874 0.00170778 0.00266994 0.00256346 0.0023969 0.00201998 0.00264025 0.00290194 0.00168847 0.00246445 0.00209828 0.00175891 0.00278517 0.00200209 0.00300391 0.00273042 
0.0039 0.0015 0.00155 0.00155 0.0016 0.0039 0.0031 0.00395 0.0008 0 0.00155 0.0024 0.0024 0.0016 0.00075 0.0008 0.0008 0 0.0024 0.00235 
0.00675944 0.0045 0.00465269 0.00465269 0.0048 0.00675944 0.00620403 0.00684452 0.00348712 0 0.00465269 0.00571314 0.00571314 0.0048 0.00326917 0.00348712 0.00348712 0 0.00571314 0.0055971 
0.0145714 0.0230714 0.0314643 0.0470929 0.06845 0.0973214 0.13935 0.197879 0.276857 0.382207 0.509843 0.649657 0.770114 0.865693 0.925557 0.960357 0.979721 0.9896 0.994971 0.997507 
0.00196811 0.00133057 0.00435184 0.00234228 0.00261833 0.00327073 0.00312674 0.00465751 0.0042726 0.00528426 0.00665658 0.0054773 0.00499971 0.00526585 0.00230788 0.00245428 0.00134883 0.0011983 0.000953618 0.000574056 
0.695243 0.731564 0.733036 0.7719 0.7892 0.798979 0.807243 0.813964 0.819543 0.821686 0.823479 0.825843 0.825621 0.826807 0.825936 0.8259 0.826571 0.827079 0.827021 0.826579 
0.0425374 0.0222573 0.0489934 0.019345 0.00661945 0.00738991 0.00487938 0.00384545 0.00260518 0.00264444 0.00279879 0.0021232 0.00307335 0.00224121 0.00205956 0.00124384 0.00221083 0.00193806 0.00278123 0.00270203 
0.671599 0.730107 0.712021 0.771026 0.786852 0.798348 0.807575 0.814306 0.81959 0.822103 0.82376 0.825359 0.825981 0.826918 0.825958 0.82598 0.827091 0.827149 0.826852 0.826475 
0.109297 0.0272784 0.107263 0.0208529 0.00922661 0.00984536 0.00669953 0.00389991 0.0031609 0.00369477 0.00317407 0.00247191 0.00334913 0.00228043 0.00207014 0.00133915 0.00276299 0.00219388 0.00296265 0.00279617 
0.00155 0.00075 0.0008 0.00075 0 0.00225 0 0.0008 0.00155 0.0016 0.00235 0.0024 0 0.00155 0.0031 0.00155 0.00155 0.0016 0.0031 0 
0.00465269 0.00326917 0.00348712 0.00326917 0 0.00535607 0 0.00348712 0.00465269 0.0048 0.0055971 0.00571314 0 0.00465269 0.00620403 0.00465269 0.00465269 0.0048 0.00620403 0 
0.0143429 0.0230143 0.0312071 0.0465214 0.0683857 0.0981 0.140036 0.196721 0.27755 0.380529 0.508657 0.6516 0.7681 0.866143 0.925843 0.959864 0.9792 0.988979 0.994871 0.997471 
0.00266167 0.00168844 0.00498252 0.00417335 0.00491667 0.00582519 0.00772207 0.00953623 0.00729723 0.00998224 0.0118687 0.00871529 0.0100316 0.00772261 0.00454948 0.00463537 0.00260979 0.00248188 0.00163938 0.00104305 
0.623607 0.671871 0.692586 0.720486 0.752786 0.767221 0.786107 0.79735 0.8084 0.813629 0.818157 0.821679 0.823679 0.82505 0.825814 0.826021 0.826914 0.827179 0.827107 0.82645 
0.0454153 0.0344671 0.0395649 0.025809 0.0165766 0.0138421 0.0103177 0.00668298 0.00424903 0.0034036 0.0030911 0.00277006 0.00277411 0.00267844 0.002319 0.00166248 0.00221838 0.00222044 0.00275343 0.00282889 
0.566526 0.626279 0.641315 0.70816 0.737659 0.765769 0.78418 0.794617 0.807781 0.813728 0.817517 0.820954 0.823809 0.825565 0.825818 0.826194 0.827314 0.827302 0.82688 0.826333 
0.155482 0.10326 0.10871 0.0466537 0.0342734 0.0181024 0.0163625 0.00946002 0.0058473 0.00463639 0.00369701 0.00359995 0.0028086 0.00284697 0.00242248 0.00173375 0.00281615 0.00234825 0.00295207 0.00294596 
0.00075 0.00235 0.00155 0.00155 0.00395 0.00075 0.00075 0.0023 0.0039 0.0048 0.0023 0.003 0.00075 0.00235 0.0024 0.00155 0.00235 0.0039 0.0016 0.00225 
0.00326917 0.0055971 0.00465269 0.00465269 0.00684452 0.00326917 0.00326917 0.00547814 0.00675944 0.00733212 0.00547814 0.006 0.00326917 0.0055971 0.00571314 0.00465269 0.0055971 0.00675944 0.0048 0.00535607 
1 1 1 1 1 1 1 1 1 1 1 1 1 1 1 1 1 1 1 1 
0 0 0 0 0 0 0 0 0 0 0 0 0 0 0 0 0 0 0 0 
0.827957 0.8281 0.828871 0.829193 0.828886 0.82845 0.8281 0.827129 0.828271 0.82795 0.828757 0.828229 0.827543 0.828507 0.827921 0.8279 0.828979 0.828664 0.827986 0.828029 
0.00211944 0.00141573 0.00209562 0.00244251 0.00222628 0.00156249 0.0027034 0.00147973 0.00197892 0.00214013 0.001855 0.00230678 0.0017852 0.00193279 0.00181405 0.00169338 0.00178044 0.00174571 0.00238614 0.00240476 
0.827149 0.827751 0.827857 0.828878 0.828211 0.827984 0.827455 0.826307 0.827509 0.827363 0.827993 0.827377 0.827194 0.82796 0.827272 0.82715 0.828588 0.828127 0.827068 0.827075 
0.00245096 0.00151355 0.0022339 0.00259855 0.00233337 0.00163718 0.003042 0.00181616 0.00207046 0.0025069 0.00217728 0.00288174 0.00225386 0.0021821 0.00201402 0.00199292 0.00222656 0.00199005 0.00271814 0.00276595 
0.00475 0.0015 0.0031 0.00315 0.0008 0.0031 0.0024 0.00075 0.00235 0.0008 0.0008 0.0023 0.0008 0.0016 0.0031 0.00075 0.0008 0.00305 0.0031 0.00315 
0.00725862 0.0045 0.00620403 0.00630298 0.00348712 0.00620403 0.00571314 0.00326917 0.0055971 0.00348712 0.00348712 0.00547814 0.00348712 0.0048 0.00620403 0.00326917 0.00348712 0.00610307 0.00620403 0.00630298 
0.0338714 0.0490786 0.0687714 0.0980857 0.135886 0.183364 0.248393 0.332193 0.4377 0.557964 0.682471 0.796036 0.877257 0.933393 0.965036 0.981286 0.990729 0.994943 0.9977 0.998814 
0.00242095 0.00267737 0.00315595 0.00287082 0.00353628 0.00306543 0.00429187 0.00545918 0.00500447 0.00464953 0.004858 0.00425318 0.00362745 0.00285317 0.00175073 0.00146942 0.0010231 0.000749694 0.000625806 0.000406829 
0.757243 0.773386 0.7846 0.800764 0.810421 0.813779 0.818307 0.821907 0.825079 0.825979 0.826793 0.82775 0.827657 0.828314 0.827629 0.827843 0.828857 0.8286 0.827764 0.828043 
0.0128079 0.0156047 0.0139633 0.00560362 0.00356527 0.00401895 0.00314457 0.00204055 0.00246836 0.00188077 0.00275773 0.00245734 0.00208855 0.00235978 0.00175336 0.0017641 0.00165677 0.00176566 0.00236007 0.00234699 
0.751937 0.772764 0.781338 0.800481 0.809211 0.814536 0.818432 0.821609 0.82456 0.825694 0.826281 0.826936 0.8273 0.827801 0.827006 0.827136 0.828496 0.828066 0.826829 0.827092 
0.0216312 0.014326 0.0204216 0.00634243 0.00365337 0.0044326 0.0030419 0.00255852 0.00319206 0.00233965 0.00281627 0.0030087 0.00259276 0.00264123 0.00186899 0.00216084 0.00203042 0.00201513 0.00268684 0.00270975 
0.0016 0.00305 0.00305 0.00315 0.0046 0.0016 0.00235 0.0016 0.0023 0.0039 0.0031 0.0008 0.00395 0.00465 0.00235 0.00545 0.00625 0.00475 0.0031 0.00545 
0.0048 0.00610307 0.00610307 0.00630298 0.00703136 0.0048 0.0055971 0.0048 0.00547814 0.00675944 0.00620403 0.00348712 0.00684452 0.00710827 0.0055971 0.00743287 0.00766078 0.00725862 0.00620403 0.00743287 
0.03375 0.0497571 0.0679071 0.0981071 0.136207 0.1835 0.249293 0.332157 0.437721 0.558007 0.682164 0.796943 0.875607 0.934021 0.965321 0.980779 0.990943 0.994507 0.997571 0.998714 
0.00365722 0.00437551 0.00384078 0.00530265 0.00660388 0.00821255 0.0080718 0.0106627 0.00790692 0.00777456 0.0109886 0.00811969 0.0068252 0.00603971 0.00291683 0.00268308 0.00198741 0.00147321 0.00109916 0.000761309 
0.704343 0.72155 0.746421 0.762193 0.779543 0.788729 0.80045 0.808043 0.815371 0.819664 0.822707 0.8254 0.826186 0.827679 0.82725 0.82765 0.8288 0.828757 0.827779 0.828014 
0.0237247 0.0300664 0.0166487 0.0122746 0.00717046 0.010308 0.00530273 0.00434744 0.00388098 0.00319639 0.00259138 0.00275962 0.00222238 0.00201011 0.00183218 0.0015142 0.00173111 0.00173916 0.00232839 0.00235342 
0.687582 0.699838 0.730807 0.750692 0.772953 0.785679 0.79841 0.805513 0.813716 0.819337 0.821445 0.824351 0.825648 0.827171 0.826649 0.826916 0.828405 0.828206 0.826817 0.827061 
0.0495511 0.0702272 0.0331953 0.025147 0.014671 0.0141388 0.00795499 0.0059195 0.00562714 0.00424121 0.0028356 0.00362584 0.0027754 0.00226418 0.00193014 0.00191172 0.00200073 0.00200739 0.00261069 0.00270136 
0.00075 0.00155 0.0008 0.0008 0.00235 0.00235 0.00225 0.0023 0.0039 0.0031 0.0031 0.00235 0.0054 0.00155 0.00315 0.0039 0.00235 0.00155 0.0016 0.00235 
0.00326917 0.00465269 0.00348712 0.00348712 0.0055971 0.0055971 0.00535607 0.00547814 0.00675944 0.00620403 0.00620403 0.0055971 0.00736478 0.00465269 0.00630298 0.00675944 0.0055971 0.00465269 0.0048 0.0055971 
1 1 1 1 1 1 1 1 1 1 1 1 1 1 1 1 1 1 1 1 
0 0 0 0 0 0 0 0 0 0 0 0 0 0 0 0 0 0 0 0 
0.773129 0.77245 0.7732 0.773243 0.773121 0.772486 0.772514 0.772979 0.772393 0.772614 0.772471 0.774121 0.772079 0.771921 0.772114 0.774414 0.77395 0.772964 0.77375 0.773564 
0.00334844 0.00222888 0.0029261 0.00322968 0.00279696 0.00198381 0.00317368 0.00297859 0.00304251 0.00393522 0.0027034 0.00269969 0.00351454 0.00313911 0.00405463 0.00365276 0.0034224 0.00285317 0.00382016 0.00274549 
0.772576 0.771959 0.772643 0.772769 0.772646 0.772013 0.772009 0.77243 0.771833 0.772129 0.771946 0.773548 0.771571 0.771453 0.771569 0.773941 0.773431 0.772518 0.773226 0.773119 
0.00335641 0.00224895 0.00301709 0.00320927 0.0027503 0.00205655 0.00316956 0.00300586 0.0030729 0.00395482 0.00275508 0.00267363 0.00349901 0.00315781 0.00408126 0.00373904 0.00338532 0.00284688 0.00389088 0.00266913 
0.15285 0.15215 0.1506 0.15285 0.1513 0.15205 0.15295 0.15365 0.15055 0.15215 0.15215 0.15285 0.149 0.1552 0.1513 0.1521 0.15285 0.1529 0.15755 0.15135 
0.00630298 0.00667289 0.00736478 0.00630298 0.00718401 0.00684452 0.00610307 0.0055971 0.00743287 0.00667289 0.00667289 0.00630298 0.00774597 0.00348712 0.00718401 0.00675944 0.00630298 0.00620403 0.00844082 0.00710827 
0.0213143 0.0329714 0.0495429 0.0748357 0.115629 0.184036 0.300371 0.478371 0.672121 0.815329 0.901514 0.949514 0.974229 0.986993 0.9939 0.996464 0.998464 0.999029 0.9996 0.99975 
0.00173123 0.00182589 0.00292721 0.00310012 0.00540661 0.00796765 0.00739214 0.0131871 0.00862096 0.00706545 0.00408566 0.00394824 0.00215113 0.00146975 0.00101025 0.000824219 0.000482077 0.000321349 0.0002 0.000162097 
0.705264 0.7388 0.747193 0.766207 0.77665 0.784143 0.787093 0.786057 0.780643 0.777243 0.775921 0.775157 0.772229 0.772386 0.773286 0.773764 0.773214 0.7727 0.774143 0.773686 
0.0227099 0.0122989 0.0160562 0.00855981 0.00767416 0.00455219 0.00315332 0.0032634 0.00451358 0.00274832 0.00325027 0.00391645 0.00280357 0.0023986 0.00454052 0.00288461 0.00235368 0.00309539 0.0039685 0.00281889 
0.708971 0.739438 0.745269 0.765662 0.774992 0.784524 0.787398 0.785514 0.780218 0.777044 0.775465 0.774543 0.771801 0.771975 0.772749 0.77327 0.772717 0.772264 0.77366 0.773256 
0.0326021 0.0155355 0.0200751 0.0106924 0.00877076 0.00507631 0.00329882 0.00353037 0.00453369 0.00252474 0.00321581 0.00383778 0.00285221 0.00240408 0.00461563 0.00290158 0.00235647 0.00309686 0.00404727 0.00274305 
0.1498 0.15065 0.1506 0.149 0.1474 0.15065 0.1513 0.15295 0.15055 0.15045 0.15365 0.1537 0.15445 0.15215 0.1537 0.15055 0.1513 0.1513 0.15445 0.1536 
0.0076 0.00729572 0.00736478 0.00774597 0.00778717 0.00729572 0.00718401 0.00610307 0.00743287 0.00756621 0.0055971 0.00547814 0.00465269 0.00667289 0.00547814 0.00743287 0.00718401 0.00718401 0.0083515 0.00571314 
0.0210143 0.0335786 0.0490929 0.0740429 0.115493 0.184943 0.300936 0.477743 0.669993 0.817093 0.901036 0.948671 0.974229 0.987093 0.994136 0.996 0.998579 0.998814 0.99955 0.999679 
0.00274304 0.00348802 0.00518323 0.00538708 0.00816744 0.0137128 0.0111427 0.017821 0.0123001 0.0105166 0.00569763 0.00654234 0.00372043 0.00252549 0.00152093 0.00149898 0.000868349 0.000578704 0.000353626 0.000315824 
0.66995 0.700686 0.713479 0.724507 0.740514 0.749671 0.76295 0.7682 0.770107 0.770486 0.772836 0.773707 0.773464 0.773179 0.773493 0.773457 0.772971 0.7729 0.772936 0.77305 
0.0232126 0.0176197 0.0140276 0.0112701 0.00714806 0.00725682 0.00375099 0.00329793 0.003874 0.00346009 0.00319127 0.00374751 0.00293114 0.00374707 0.00410089 0.0032747 0.00311763 0.00296651 0.00350145 0.00290189 
0.668606 0.696856 0.709846 0.72316 0.739959 0.748556 0.762766 0.767772 0.769409 0.770105 0.772227 0.773143 0.77295 0.772719 0.773001 0.772972 0.772484 0.772448 0.772432 0.772594 
0.0331427 0.0197401 0.0155292 0.0125591 0.00670534 0.00847732 0.00379087 0.00387505 0.00403175 0.00342605 0.00330092 0.00382961 0.00295487 0.00378272 0.00412646 0.00340458 0.00312178 0.00294376 0.00357255 0.00288426 
0.14655 0.14905 0.14735 0.14665 0.149 0.1483 0.1528 0.14815 0.1521 0.1528 0.1521 0.15295 0.1544 0.1513 0.1505 0.15525 0.15205 0.1521 0.15595 0.15445 
0.00772318 0.00769074 0.00783119 0.00764379 0.00774597 0.00770779 0.0064 0.00785669 0.00675944 0.0064 0.00675944 0.00610307 0.0048 0.00718401 0.0075 0.00326917 0.00684452 0.00675944 0.00858181 0.00687368 
0.0133286 0.0206571 0.0317429 0.0468786 0.0718357 0.110693 0.166536 0.27355 0.44445 0.647293 0.794321 0.890864 0.943364 0.971079 0.985571 0.992314 0.996314 0.9981 0.999 0.999493 
0.00143292 0.00138755 0.00199059 0.00251902 0.00241267 0.00389931 0.00623958 0.00875101 0.0127941 0.0128846 0.00889025 0.00662547 0.00320347 0.00178513 0.00171309 0.00114962 0.000866143 0.000501223 0.000352831 0.000276549 
0.670486 0.723 0.730471 0.7515 0.7639 0.774764 0.783857 0.788136 0.787436 0.783 0.778179 0.777014 0.774164 0.773257 0.773021 0.773936 0.774579 0.774614 0.773886 0.773257 
0.038531 0.0173221 0.0139195 0.0114992 0.00830971 0.00801978 0.00444306 0.0037325 0.00480592 0.00294161 0.00293427 0.00434598 0.00331086 0.0030131 0.00355116 0.00416288 0.00306077 0.00326456 0.00441902 0.00306381 
0.636757 0.717029 0.727471 0.749127 0.762081 0.774646 0.783546 0.787747 0.787082 0.783019 0.777721 0.776485 0.773721 0.772838 0.772495 0.773471 0.774106 0.774139 0.773382 0.772815 
0.0810564 0.0271645 0.0203093 0.0129596 0.0114351 0.00962512 0.00553197 0.00388394 0.00504723 0.00307854 0.00277496 0.00431071 0.00324129 0.00305101 0.00363269 0.00416989 0.00300986 0.00333821 0.00449922 0.00308529 
0.15055 0.1457 0.14895 0.15055 0.14825 0.148 0.1444 0.14975 0.1521 0.152 0.1513 0.1544 0.156 0.1552 0.15365 0.1537 0.1537 0.15365 0.156 0.1537 
0.00743287 0.00756373 0.00780048 0.00743287 0.00775806 0.008 0.00671118 0.00766078 0.00675944 0.0069282 0.00718401 0.0048 2.77556e-017 0.00614492 0.0055971 0.00547814 0.00547814 0.0055971 0.00693542 0.00547814 
0.0188214 0.0290857 0.0416071 0.0594429 0.0878714 0.133371 0.196564 0.30155 0.453479 0.6326 0.776264 0.877957 0.935529 0.967564 0.983386 0.991171 0.995879 0.997836 0.998886 0.999429 
0.00176003 0.00174812 0.00179505 0.00323876 0.00450802 0.00423069 0.00656389 0.0097716 0.0096019 0.0102068 0.00796693 0.00503905 0.00311452 0.0017598 0.00175493 0.00099857 0.000800861 0.000614908 0.000301696 0.00029966 
0.699286 0.732207 0.74205 0.760043 0.771271 0.779093 0.78565 0.788229 0.785964 0.782943 0.779543 0.776693 0.773879 0.774579 0.772864 0.773829 0.774329 0.7744 0.773943 0.773286 
0.0277949 0.0135553 0.017353 0.010173 0.00822675 0.0061522 0.0039812 0.00357611 0.00336636 0.0036133 0.00325971 0.00301908 0.00288602 0.00278534 0.00376137 0.00297767 0.00206581 0.00266711 0.00403692 0.00283743 
0.698252 0.728231 0.739517 0.759495 0.76986 0.779435 0.78549 0.788039 0.78546 0.782663 0.779056 0.776173 0.773401 0.774159 0.772293 0.773372 0.773827 0.773947 0.773424 0.772818 
0.0390601 0.0207898 0.0175949 0.0112928 0.00845942 0.006303 0.0049604 0.00377219 0.00371367 0.00376977 0.00328194 0.00303634 0.00288269 0.00289486 0.00380216 0.00298504 0.00209726 0.00271514 0.0041184 0.00283179 
0.1476 0.1512 0.14895 0.14975 0.1513 0.149 0.1552 0.1505 0.1521 0.1505 0.15285 0.1528 0.15125 0.15205 0.1537 0.15285 0.156 0.1544 0.15365 0.156 
0.00760526 0.00733212 0.00780048 0.00766078 0.00718401 0.00774597 0.00348712 0.0075 0.00675944 0.0075 0.00630298 0.0064 0.00725862 0.00684452 0.00547814 0.00630298 2.77556e-017 0.0048 0.00891221 0.00715542 
1 1 1 1 1 1 1 1 1 1 1 1 1 1 1 1 1 1 1 1 
0 0 0 0 0 0 0 0 0 0 0 0 0 0 0 0 0 0 0 0 
0.8335 0.833693 0.833564 0.834214 0.833157 0.833307 0.833543 0.832864 0.833671 0.834036 0.833364 0.833157 0.832921 0.833514 0.834014 0.832529 0.833336 0.833921 0.833571 0.833379 
0.00260709 0.00236526 0.00224812 0.00162976 0.00237371 0.00146891 0.00191908 0.00167117 0.00197902 0.00166652 0.00208418 0.00232243 0.00185795 0.00164776 0.00152255 0.00191295 0.00225347 0.00207634 0.00201626 0.00184406 
0.832742 0.834107 0.832823 0.834426 0.832586 0.833026 0.832852 0.831924 0.833265 0.833719 0.832713 0.8323 0.833023 0.833288 0.833273 0.832003 0.833859 0.833851 0.832815 0.832424 
0.00371014 0.00294125 0.00310454 0.00228631 0.00284698 0.0026089 0.00281946 0.00275641 0.00243196 0.00265044 0.00273388 0.00328554 0.0027066 0.0023093 0.00194612 0.00267397 0.00314593 0.00267147 0.00322563 0.00265352 
0.0599 0.05875 0.05935 0.0592 0.0584 0.0609 0.05775 0.0609 0.0578 0.0603 0.0586 0.05865 0.0579 0.0586 0.06 0.05855 0.0569 0.06085 0.0601 0.0577 
0.00557584 0.00691285 0.00619092 0.00624179 0.00671118 0.00465725 0.00716153 0.00482597 0.00719444 0.00560446 0.00682935 0.00685766 0.00736817 0.00705975 0.00547723 0.00680055 0.00738173 0.00463977 0.00552178 0.00723948 
0.0117857 0.0186143 0.029 0.0409286 0.0599143 0.0915643 0.132007 0.190564 0.272479 0.377107 0.505886 0.646529 0.767486 0.864721 0.925371 0.960329 0.979814 0.98955 0.994671 0.997407 
0.00271034 0.00157084 0.00185274 0.00362601 0.00364031 0.00289774 0.00266859 0.00370258 0.00508645 0.00579406 0.00800161 0.00522144 0.00596014 0.00483218 0.0023244 0.00259713 0.00132796 0.00164458 0.00073831 0.000509652 
0.681736 0.736336 0.762357 0.7742 0.792393 0.807257 0.8169 0.8214 0.826521 0.830257 0.830807 0.83155 0.832521 0.833186 0.833136 0.832757 0.833686 0.833764 0.833871 0.83355 
0.0625857 0.022111 0.0241962 0.027255 0.0206226 0.00822733 0.00434861 0.00231261 0.0022836 0.00307345 0.00226566 0.00186661 0.00212578 0.00172916 0.00161654 0.00190386 0.00224908 0.00228092 0.00222825 0.00175096 
0.649848 0.738089 0.761295 0.777231 0.789368 0.806811 0.816138 0.820807 0.826564 0.829651 0.830327 0.830505 0.83271 0.832847 0.832307 0.832115 0.834165 0.833723 0.833139 0.832616 
0.158932 0.0299644 0.021813 0.0224761 0.0313385 0.0126102 0.00506884 0.00351884 0.00281778 0.00399531 0.00252399 0.00294048 0.00303162 0.00270653 0.00232322 0.00288085 0.00344943 0.00287852 0.00318732 0.00258264 
0.0039 0.0054 0.00625 0.0071 0.00945 0.01245 0.0187 0.0226 0.02875 0.03515 0.042 0.04835 0.05605 0.05925 0.0578 0.05925 0.06015 0.06 0.06155 0.06085 
0.00675944 0.00736478 0.00766078 0.0078543 0.00772318 0.00624079 0.00629365 0.00781281 0.00578684 0.00673999 0.00710634 0.00490179 0.00771022 0.00626797 0.00719444 0.00626797 0.00554324 0.00547723 0.00336861 0.00463977 
0.0948357 0.0956286 0.0960714 0.0955929 0.0969571 0.0969214 0.105043 0.124893 0.174721 0.297771 0.5243 0.779429 0.927079 0.980564 0.995021 0.998621 0.999614 0.999893 0.999971 0.999979 
0.00203504 0.0030906 0.00302287 0.00304131 0.00247522 0.00301982 0.002232 0.00331474 0.00370093 0.00476261 0.00636234 0.00525512 0.00325685 0.00158531 0.00109384 0.000503609 0.000239472 0.000109498 5.71429e-005 5.10102e-005 
0.815607 0.813036 0.814721 0.815643 0.81575 0.81475 0.816979 0.819364 0.825029 0.829064 0.832071 0.833079 0.833179 0.833721 0.833693 0.832286 0.83335 0.833871 0.83355 0.833379 
0.00348872 0.0129842 0.00246381 0.00793295 0.00379389 0.0061262 0.003745 0.0032111 0.00268389 0.00179766 0.00251546 0.00318558 0.00200656 0.00176154 0.00172985 0.00193517 0.00222622 0.00194983 0.00203654 0.00184406 
0.816304 0.815874 0.815384 0.817413 0.815463 0.816489 0.817537 0.820423 0.824676 0.829189 0.831725 0.832185 0.833245 0.833445 0.83291 0.831726 0.83387 0.833804 0.83279 0.832424 
0.00485534 0.00880032 0.00261023 0.0065329 0.00388147 0.00613593 0.00530251 0.00373234 0.00379747 0.00307085 0.00323318 0.0044875 0.00295008 0.00257504 0.00210857 0.00283208 0.00318698 0.00258403 0.00323697 0.00265352 
0.03195 0.03135 0.03275 0.03195 0.03195 0.0327 0.03275 0.0336 0.03985 0.0468 0.05935 0.06705 0.0671 0.06865 0.07015 0.07015 0.071 0.06715 0.07105 0.07175 
0.00347095 0.00047697 0.00476314 0.00324769 0.00347095 0.00461628 0.00476314 0.00564269 0.00781201 0.0004 0.00644418 0.00717966 0.00714773 0.00764379 0.00785669 0.00785669 0.00774597 0.0071153 0.00769074 0.00766078 
0.09445 0.0967 0.0951929 0.0953857 0.0971286 0.0979643 0.104993 0.124221 0.174821 0.296764 0.52345 0.779986 0.92645 0.980807 0.994914 0.998379 0.999586 0.999829 0.999943 0.999957 
0.00410681 0.00525608 0.00536947 0.00346501 0.00453713 0.00583897 0.0048606 0.00527092 0.00579248 0.00794089 0.0105521 0.00898524 0.00510927 0.00303862 0.00202454 0.000913923 0.000430709 0.000194831 0.00012289 0.000111575 
0.785829 0.785557 0.784557 0.780236 0.786321 0.777857 0.784464 0.790079 0.804343 0.815586 0.825057 0.830664 0.832864 0.833421 0.833986 0.8326 0.833329 0.834014 0.833579 0.833307 
0.0117671 0.0104425 0.0132439 0.0114884 0.0140954 0.0158707 0.0122118 0.0139633 0.00554507 0.00531419 0.00303026 0.00213965 0.00178456 0.00179766 0.00110924 0.00203269 0.00233697 0.00201418 0.00202861 0.0018424 
0.781422 0.778847 0.782477 0.780948 0.780875 0.775537 0.778063 0.786258 0.80161 0.814961 0.823688 0.82917 0.832864 0.833194 0.833304 0.83208 0.833833 0.833967 0.832826 0.832358 
0.0245817 0.0213286 0.0178929 0.0184056 0.0278393 0.0303554 0.0258992 0.0229538 0.00844914 0.00907051 0.00467468 0.00355813 0.00258251 0.00253219 0.00167815 0.00285438 0.00312586 0.00256943 0.00320016 0.00262812 
0.011 0.01225 0.00855 0.0117 0.01335 0.00945 0.01015 0.0133 0.01945 0.02805 0.039 0.0537 0.0648 0.0654 0.0687 0.0694 0.0686 0.0717 0.0702 0.06945 
0.0072111 0.00613901 0.00774258 0.00676831 0.00562383 0.00772318 0.00745838 0.00560446 0.00680055 0.00641463 0.00781025 0.00782368 0.00556417 0.00631189 0.00760329 0.00778717 0.00768375 0.00772075 0.00780769 0.00774258 
1 1 1 1 1 1 1 1 1 1 1 1 1 1 1 1 1 1 1 1 
0 0 0 0 0 0 0 0 0 0 0 0 0 0 0 0 0 0 0 0 
0.8353 0.835443 0.835571 0.835514 0.834893 0.835514 0.835121 0.834907 0.835143 0.835157 0.8348 0.835229 0.834736 0.835857 0.835493 0.834221 0.835107 0.8353 0.835607 0.835486 
0.00248419 0.00208831 0.00200459 0.00200937 0.00219827 0.00202454 0.00190877 0.00194374 0.00207807 0.00138277 0.0016699 0.00172284 0.00206984 0.00207118 0.00190781 0.00171219 0.00197788 0.00192402 0.00173198 0.00164031 
0.834756 0.835247 0.834804 0.83541 0.834418 0.835177 0.834601 0.834147 0.834644 0.834821 0.834331 0.834593 0.83464 0.8357 0.834676 0.833793 0.83513 0.835131 0.834744 0.834845 
0.00258399 0.0022059 0.00246463 0.00217298 0.00229251 0.00242337 0.00216492 0.00228116 0.00257666 0.00193517 0.00157232 0.00225787 0.00221911 0.00240479 0.00206093 0.001562 0.00238837 0.00234352 0.0018298 0.00199664 
0.1029 0.09915 0.1022 0.0999 0.1005 0.10215 0.09985 0.10285 0.09905 0.09885 0.10295 0.10455 0.1021 0.10305 0.1006 0.1014 0.10215 0.0999 0.10215 0.10135 
0.00758222 0.00745168 0.00773046 0.00764788 0.00780064 0.00808873 0.00758469 0.00774774 0.0074194 0.00745838 0.00762545 0.0073585 0.00773886 0.00749983 0.00781281 0.00760526 0.00778637 0.00775177 0.00768294 0.00776064 
