/******************************************/
PAI_C	 Acc	 F1	 Max_F1
0.03125	0.8995	0.901804	0.8995
0.0625	0.917329	0.917282	0.917329
0.125	0.935893	0.936009	0.935893
0.25	0.945857	0.945954	0.945857
0.5	0.953543	0.953645	0.953543
1	0.95475	0.954809	0.95475
2	0.954643	0.954746	0.95475
4	0.954229	0.954319	0.95475
8	0.954571	0.954662	0.95475
16	0.952107	0.952236	0.95475
32	0.951429	0.951533	0.95475
/******************************************/
/******************************************/
PAII_C	 Acc	 F1	 Max_F1 
0.03125	0.931586	0.931493	0.931586
0.0625	0.941236	0.941339	0.941236
0.125	0.947857	0.948114	0.947857
0.25	0.952429	0.952553	0.952429
0.5	0.954786	0.954984	0.954786
1	0.955714	0.955727	0.955714
2	0.956036	0.956113	0.956036
4	0.955779	0.955853	0.956036
8	0.953693	0.953743	0.956036
16	0.954786	0.95484	0.956036
32	0.955871	0.955844	0.956036
/******************************************/
/******************************************/
r	 eta	 acc	 f1	 max_F1
0.03125	0.03125	0.869014	0.859606	0.869014
0.03125	0.0625	0.910879	0.91059	0.910879
0.03125	0.125	0.9286	0.928558	0.9286
0.03125	0.25	0.939571	0.939966	0.939571
0.03125	0.5	0.950771	0.950831	0.950771
0.03125	1	0.952829	0.952955	0.952829
0.03125	2	0.951436	0.951457	0.952829
0.03125	4	0.947529	0.947675	0.952829
0.03125	8	0.946379	0.946326	0.952829
0.03125	16	0.937571	0.937616	0.952829
0.03125	32	0.935571	0.935599	0.952829
0.0625	0.03125	0.892386	0.889716	0.952829
0.0625	0.0625	0.909264	0.907746	0.952829
0.0625	0.125	0.926714	0.926961	0.952829
0.0625	0.25	0.940286	0.940357	0.952829
0.0625	0.5	0.949621	0.949727	0.952829
0.0625	1	0.955393	0.955516	0.955393
0.0625	2	0.954029	0.95411	0.955393
0.0625	4	0.949857	0.949864	0.955393
0.0625	8	0.944286	0.944222	0.955393
0.0625	16	0.940286	0.94032	0.955393
0.0625	32	0.935914	0.93593	0.955393
0.125	0.03125	0.895271	0.893432	0.955393
0.125	0.0625	0.9074	0.906239	0.955393
0.125	0.125	0.928364	0.928932	0.955393
0.125	0.25	0.941457	0.941917	0.955393
0.125	0.5	0.9495	0.949766	0.955393
0.125	1	0.953593	0.953521	0.955393
0.125	2	0.954743	0.954855	0.955393
0.125	4	0.947993	0.948143	0.955393
0.125	8	0.9435	0.94347	0.955393
0.125	16	0.942036	0.942004	0.955393
0.125	32	0.935629	0.935667	0.955393
0.25	0.03125	0.881964	0.876378	0.955393
0.25	0.0625	0.913286	0.912542	0.955393
0.25	0.125	0.930314	0.930565	0.955393
0.25	0.25	0.939229	0.939525	0.955393
0.25	0.5	0.951029	0.951371	0.955393
0.25	1	0.954429	0.954649	0.955393
0.25	2	0.952343	0.952408	0.955393
0.25	4	0.948271	0.948311	0.955393
0.25	8	0.942214	0.942113	0.955393
0.25	16	0.9373	0.937199	0.955393
0.25	32	0.936464	0.936428	0.955393
0.5	0.03125	0.894207	0.891892	0.955393
0.5	0.0625	0.9088	0.909347	0.955393
0.5	0.125	0.928371	0.928572	0.955393
0.5	0.25	0.942357	0.942218	0.955393
0.5	0.5	0.952243	0.952549	0.955393
0.5	1	0.9554	0.955626	0.9554
0.5	2	0.95395	0.954035	0.9554
0.5	4	0.94875	0.94873	0.9554
0.5	8	0.942864	0.942879	0.9554
0.5	16	0.938357	0.938353	0.9554
0.5	32	0.932143	0.93224	0.9554
1	0.03125	0.890307	0.886865	0.9554
1	0.0625	0.911736	0.910449	0.9554
1	0.125	0.927714	0.928235	0.9554
1	0.25	0.943186	0.943437	0.9554
1	0.5	0.950521	0.95078	0.9554
1	1	0.953036	0.953238	0.9554
1	2	0.950479	0.950545	0.9554
1	4	0.945943	0.945915	0.9554
1	8	0.942743	0.942805	0.9554
1	16	0.935479	0.935491	0.9554
1	32	0.935993	0.936029	0.9554
2	0.03125	0.901286	0.900869	0.9554
2	0.0625	0.916229	0.916152	0.9554
2	0.125	0.930664	0.930776	0.9554
2	0.25	0.941157	0.941364	0.9554
2	0.5	0.951257	0.951249	0.9554
2	1	0.953343	0.953515	0.9554
2	2	0.951629	0.951715	0.9554
2	4	0.947607	0.947604	0.9554
2	8	0.941343	0.941547	0.9554
2	16	0.934143	0.934216	0.9554
2	32	0.932286	0.932498	0.9554
4	0.03125	0.881007	0.875634	0.9554
4	0.0625	0.912757	0.914336	0.9554
4	0.125	0.931393	0.931477	0.9554
4	0.25	0.942643	0.942608	0.9554
4	0.5	0.948686	0.948884	0.9554
4	1	0.9532	0.953296	0.9554
4	2	0.951243	0.951416	0.9554
4	4	0.949686	0.949795	0.9554
4	8	0.940214	0.940192	0.9554
4	16	0.939964	0.939913	0.9554
4	32	0.933143	0.9332	0.9554
8	0.03125	0.892429	0.890972	0.9554
8	0.0625	0.914757	0.914121	0.9554
8	0.125	0.930214	0.93008	0.9554
8	0.25	0.94235	0.942509	0.9554
8	0.5	0.949893	0.949935	0.9554
8	1	0.952664	0.952951	0.9554
8	2	0.949407	0.949368	0.9554
8	4	0.949657	0.949593	0.9554
8	8	0.941943	0.942087	0.9554
8	16	0.933514	0.93352	0.9554
8	32	0.930943	0.930944	0.9554
16	0.03125	0.894507	0.892225	0.9554
16	0.0625	0.917736	0.918143	0.9554
16	0.125	0.927071	0.928118	0.9554
16	0.25	0.941243	0.941824	0.9554
16	0.5	0.9495	0.949745	0.9554
16	1	0.95275	0.952867	0.9554
16	2	0.949279	0.949403	0.9554
16	4	0.946014	0.946051	0.9554
16	8	0.941693	0.941617	0.9554
16	16	0.936286	0.936328	0.9554
16	32	0.9323	0.93228	0.9554
32	0.03125	0.890571	0.886456	0.9554
32	0.0625	0.91935	0.919321	0.9554
32	0.125	0.930586	0.93043	0.9554
32	0.25	0.940764	0.941197	0.9554
32	0.5	0.950614	0.950803	0.9554
32	1	0.951829	0.951985	0.9554
32	2	0.952714	0.952702	0.9554
32	4	0.947529	0.947562	0.9554
32	8	0.942857	0.942981	0.9554
32	16	0.937971	0.938009	0.9554
32	32	0.933286	0.933391	0.9554
/******************************************/
/******************************************/
r	 acc	 f1	 max_F1
0.03125	0.956571	0.956654	0.956571
0.0625	0.957371	0.957484	0.957371
0.125	0.957143	0.957247	0.957371
0.25	0.9569	0.956902	0.957371
0.5	0.9581	0.958164	0.9581
1	0.958271	0.95832	0.958271
2	0.956507	0.956568	0.958271
4	0.956464	0.956548	0.958271
8	0.957421	0.957512	0.958271
16	0.959807	0.959868	0.959807
32	0.958586	0.958588	0.959807
/******************************************/

Best PAI_C: 	1
Best PAII_C:	2
Best AROW_r=0.5	 AROW_eta=1
Best AROWC_r=16
