1 1 1 1 1 1 1 1 1 1 1 1 1 1 1 1 1 1 1 1 
0 0 0 0 0 0 0 0 0 0 0 0 0 0 0 0 0 0 0 0 
0.631222 0.631974 0.632252 0.630523 0.630645 0.632061 0.631199 0.631247 0.630788 0.630495 0.632224 0.631112 0.631831 0.63264 0.630889 0.631144 0.632715 0.629778 0.63148 0.632242 
0.0027049 0.0025531 0.00308294 0.00301682 0.00270757 0.00292049 0.00334999 0.00250936 0.00283042 0.00231345 0.00258943 0.00219414 0.00204003 0.00239287 0.00285806 0.00232954 0.00321491 0.00277999 0.00212913 0.00226296 
0.631732 0.632529 0.632685 0.631013 0.63124 0.632611 0.631804 0.631798 0.631337 0.631028 0.632706 0.631481 0.632357 0.633106 0.63137 0.631727 0.633266 0.63014 0.631835 0.632787 
0.00276226 0.00257983 0.00314269 0.00310728 0.00279832 0.00286326 0.00347111 0.00262524 0.00287296 0.0024915 0.0026661 0.00222935 0.00198841 0.00245223 0.00285802 0.00226873 0.00324192 0.00273479 0.00212998 0.00234994 
0.0124 0.01305 0.0109 0.0141 0.0141 0.0125 0.01325 0.0119 0.01085 0.0111 0.0117 0.01315 0.0132 0.01025 0.01175 0.01405 0.01495 0.01105 0.0125 0.01385 
0.00621611 0.00549977 0.00714773 0.00472123 0.00472123 0.00626498 0.00558458 0.00687677 0.0071153 0.00727255 0.00676831 0.00554324 0.00556417 0.00752911 0.00679614 0.00470611 0.00345652 0.00724206 0.00626498 0.00463977 
0.0115265 0.0176306 0.0264358 0.0403729 0.0605843 0.0919715 0.139731 0.212804 0.319187 0.467798 0.630062 0.7706 0.86953 0.930054 0.964125 0.981685 0.990764 0.995392 0.997529 0.998762 
0.000412044 0.000908815 0.00121176 0.00116849 0.00107344 0.00249192 0.00245869 0.00337094 0.00414582 0.00439672 0.00255273 0.00329972 0.00242391 0.00176361 0.00108001 0.000812806 0.000699481 0.000486267 0.000369326 0.000269925 
0.570121 0.587163 0.593828 0.611504 0.625115 0.636281 0.644121 0.650679 0.650787 0.648371 0.64342 0.639729 0.63566 0.63377 0.632161 0.631931 0.63246 0.630999 0.631598 0.631876 
0.0148164 0.0117541 0.012055 0.00641502 0.00560322 0.00561922 0.00439556 0.00325191 0.00274994 0.00363242 0.00274537 0.00207191 0.00256365 0.00245682 0.00259916 0.00339641 0.00259319 0.00275271 0.00198718 0.00215592 
0.566764 0.583533 0.593319 0.611474 0.628112 0.633591 0.644486 0.65206 0.651635 0.649345 0.644169 0.640302 0.636439 0.634275 0.632678 0.632466 0.633008 0.631471 0.631932 0.632506 
0.044592 0.0316086 0.0309088 0.0113989 0.0111283 0.00822246 0.00553474 0.00434453 0.00359083 0.00457536 0.00295438 0.00214164 0.0026045 0.00273489 0.00284043 0.00341239 0.00253932 0.00271199 0.00196177 0.00219019 
0.0103 0.0134 0.0118 0.0108 0.01095 0.0117 0.00705 0.0124 0.01235 0.0108 0.0086 0.01405 0.0133 0.01165 0.0124 0.01165 0.01395 0.01085 0.014 0.01495 
0.00756373 0.00564269 0.00682349 0.00708237 0.00717966 0.00676831 0.00780048 0.00621611 0.00619092 0.00708237 0.00778717 0.00470611 0.00560446 0.00673999 0.00621611 0.00673999 0.00467413 0.0071153 0.00469042 0.00345652 
0.0114388 0.0178034 0.0263331 0.0406385 0.0605994 0.0925854 0.139952 0.21302 0.318352 0.468713 0.631149 0.769282 0.869475 0.929746 0.964248 0.98164 0.990734 0.995512 0.997514 0.998652 
0.000812095 0.00129941 0.00175693 0.00214473 0.00241104 0.00380214 0.00425113 0.00554175 0.00660656 0.00719684 0.0048561 0.00506 0.00427732 0.00366563 0.00216788 0.00155803 0.00135004 0.000867222 0.000770603 0.000510561 
0.562794 0.573637 0.580503 0.591152 0.602784 0.60963 0.617102 0.621798 0.626767 0.628626 0.630147 0.629939 0.63064 0.632089 0.630856 0.631883 0.632139 0.630643 0.63163 0.632079 
0.01335 0.0104388 0.0107772 0.00593897 0.00443942 0.00576712 0.00436467 0.0042419 0.00361676 0.00316919 0.00309136 0.00241525 0.00262996 0.00242431 0.00237633 0.0021218 0.00310671 0.0032717 0.0025429 0.0021647 
0.559059 0.576813 0.581956 0.589927 0.60423 0.608404 0.618216 0.622867 0.628064 0.629568 0.630766 0.63046 0.631111 0.632615 0.631314 0.632457 0.632619 0.631106 0.632087 0.632603 
0.0274617 0.0162087 0.0145444 0.0086766 0.00857659 0.00743066 0.0074917 0.00544878 0.00419281 0.00365012 0.00368793 0.00245741 0.00307001 0.00222709 0.00236717 0.00198041 0.00312623 0.00331299 0.00252159 0.00224141 
0.01245 0.01015 0.0108 0.0101 0.0116 0.0108 0.014 0.014 0.01265 0.01175 0.01085 0.014 0.0141 0.0141 0.01315 0.01175 0.0141 0.01105 0.0156 0.0133 
0.00624079 0.00745838 0.00708237 0.00742226 0.00671118 0.00708237 0.00469042 0.00469042 0.00633463 0.00679614 0.0071153 0.00469042 0.00472123 0.00472123 0.00554324 0.00679614 0.00472123 0.00724206 0.000489898 0.00560446 
1 1 1 1 1 1 1 1 1 1 1 1 1 1 1 1 1 1 1 1 
0 0 0 0 0 0 0 0 0 0 0 0 0 0 0 0 0 0 0 0 
0.629403 0.630109 0.629155 0.629746 0.628112 0.629287 0.629999 0.630751 0.628861 0.628992 0.629192 0.629225 0.630595 0.630498 0.629658 0.629934 0.630733 0.628821 0.629185 0.630272 
0.00250716 0.00275741 0.00335971 0.0027743 0.00173599 0.00340591 0.00203013 0.00332673 0.00314395 0.00180859 0.00232055 0.00203424 0.00262007 0.00220857 0.00272963 0.00291131 0.00154549 0.00280536 0.00181206 0.00220151 
0.630206 0.630994 0.629788 0.630488 0.628848 0.630081 0.630453 0.631336 0.629513 0.629873 0.629831 0.629628 0.631184 0.631022 0.630217 0.63054 0.631259 0.629322 0.62941 0.630967 
0.00263398 0.00261562 0.00349657 0.0031221 0.001974 0.00337471 0.00221798 0.00346057 0.00314132 0.00157515 0.0023587 0.00192004 0.00271424 0.00196044 0.0027307 0.00268661 0.00182965 0.00265563 0.00162618 0.00227207 
0.0155 0.01565 0.0156 0.01565 0.01485 0.01585 0.0158 0.0148 0.01645 0.0156 0.01485 0.01555 0.01565 0.01565 0.0156 0.0155 0.0155 0.0164 0.01555 0.01545 
0.0005 0.00047697 0.000489898 0.00047697 0.00343911 0.000357071 0.0004 0.00342929 0.00336861 0.000489898 0.00343911 0.000497494 0.00047697 0.00047697 0.000489898 0.0005 0.0005 0.00338231 0.000497494 0.000497494 
0.00884284 0.0131427 0.0198958 0.0305077 0.0452466 0.0683622 0.102448 0.154145 0.230603 0.342277 0.488654 0.645502 0.780543 0.875657 0.933597 0.965438 0.98278 0.99136 0.995547 0.997662 
0.000483677 0.000512764 0.00085196 0.000894929 0.000795441 0.000710312 0.0017475 0.00209237 0.00284271 0.00430249 0.00380996 0.00373872 0.0029501 0.00273251 0.00172057 0.00117288 0.00077499 0.000760432 0.000565498 0.000319826 
0.588068 0.600526 0.611459 0.62703 0.640263 0.647647 0.651138 0.656528 0.65439 0.652396 0.647161 0.641982 0.637511 0.634878 0.631502 0.631695 0.630866 0.629297 0.62933 0.630332 
0.0126843 0.0121133 0.00946482 0.00498023 0.00629422 0.00635758 0.00415242 0.00418543 0.00344435 0.00412966 0.00247832 0.00276116 0.00302531 0.00251748 0.00292958 0.00336617 0.00173083 0.00305822 0.0018962 0.00220475 
0.597034 0.602754 0.611882 0.633139 0.645595 0.648616 0.650606 0.658066 0.655122 0.653937 0.64784 0.642963 0.638202 0.635165 0.632331 0.632078 0.631305 0.629738 0.629686 0.631134 
0.0414292 0.0248056 0.0250482 0.012502 0.00650022 0.00671724 0.00740802 0.00376797 0.00487281 0.0061165 0.00343522 0.00312858 0.00304488 0.00273117 0.00292097 0.00322374 0.00198368 0.00292474 0.00165639 0.00233171 
0.01025 0.0108 0.0132 0.0117 0.01015 0.00995 0.0132 0.0141 0.01225 0.0132 0.01255 0.015 0.01555 0.01545 0.01565 0.01725 0.01555 0.0155 0.0164 0.01575 
0.00752911 0.00708237 0.00556417 0.00676831 0.00745838 0.00731078 0.00556417 0.00472123 0.00613901 0.00556417 0.00628868 0.0034641 0.000497494 0.000497494 0.00047697 0.00477363 0.000497494 0.0005 0.00338231 0.000433013 
0.00880776 0.0134083 0.0199509 0.0310113 0.0455297 0.0694623 0.103531 0.154573 0.230676 0.343026 0.489669 0.644324 0.780623 0.874795 0.933547 0.965533 0.982926 0.991498 0.995445 0.997532 
0.000615393 0.000925638 0.00137437 0.00183497 0.00157553 0.00238448 0.00393567 0.00409667 0.00548262 0.00676669 0.00678908 0.00657919 0.00441915 0.00498286 0.00283867 0.00185412 0.001541 0.00115909 0.00108785 0.000582475 
0.572517 0.582793 0.590764 0.603373 0.608379 0.614914 0.620109 0.623609 0.624624 0.62739 0.628643 0.629661 0.630192 0.629934 0.629327 0.630004 0.630114 0.628896 0.629433 0.63054 
0.0124808 0.0101498 0.0102401 0.00943704 0.00869911 0.00562386 0.00480154 0.00465361 0.00396053 0.00466927 0.00386923 0.00237061 0.00264447 0.00184654 0.00266816 0.0031335 0.00175146 0.00344044 0.00207722 0.00219695 
0.573172 0.586839 0.597574 0.606336 0.611548 0.616524 0.621488 0.625425 0.626173 0.629275 0.629928 0.630107 0.631128 0.630449 0.630034 0.630417 0.630574 0.629347 0.629713 0.631274 
0.0266598 0.0167989 0.0182551 0.0124652 0.0125381 0.00729688 0.00727145 0.00609309 0.00513571 0.00580118 0.00404096 0.00263901 0.002776 0.00231399 0.00284955 0.00298654 0.00192987 0.00330192 0.00185689 0.00227501 
0.0109 0.01025 0.01335 0.01245 0.01405 0.0118 0.0116 0.0132 0.01265 0.01415 0.01225 0.0147 0.0155 0.01565 0.0157 0.0156 0.0157 0.01645 0.01565 0.01615 
0.00714773 0.00752911 0.00562383 0.00624079 0.00470611 0.00682349 0.00671118 0.00556417 0.00633463 0.00473577 0.00613901 0.00340735 0.0005 0.00047697 0.000458258 0.000489898 0.000458258 0.00336861 0.00047697 0.00343911 
1 1 1 1 1 1 1 1 1 1 1 1 1 1 1 1 1 1 1 1 
0 0 0 0 0 0 0 0 0 0 0 0 0 0 0 0 0 0 0 0 
0.702837 0.703786 0.70332 0.703488 0.703155 0.70419 0.703571 0.704603 0.703648 0.703608 0.704107 0.703523 0.702967 0.703583 0.703265 0.704117 0.703626 0.702939 0.702659 0.703105 
0.00190974 0.00166661 0.00187196 0.00166805 0.00156556 0.00245868 0.00172454 0.00179503 0.00192161 0.00162613 0.00144571 0.00124634 0.00177319 0.00158027 0.00181286 0.00151961 0.0015196 0.00158751 0.00202699 0.00183342 
0.710154 0.710504 0.710336 0.710353 0.709496 0.711056 0.710105 0.711219 0.710523 0.711013 0.710457 0.71024 0.709927 0.710284 0.710496 0.710659 0.710895 0.709767 0.709617 0.709778 
0.00174746 0.00148358 0.00134325 0.00179612 0.0015334 0.00198938 0.00224912 0.00171225 0.00127827 0.00192556 0.00216639 0.00116273 0.00131081 0.00153493 0.0020378 0.0018873 0.00181401 0.0015837 0.00174995 0.00142027 
0.01635 0.01555 0.0155 0.01645 0.0156 0.01715 0.0165 0.0157 0.01705 0.0156 0.01815 0.01555 0.01655 0.0171 0.01625 0.01565 0.01635 0.01705 0.01955 0.0174 
0.00362319 0.000497494 0.0005 0.00336861 0.000489898 0.00480911 0.0033541 0.000458258 0.00467413 0.000489898 0.00569451 0.000497494 0.00357036 0.00465725 0.0034187 0.00047697 0.00362319 0.00467413 0.00674148 0.00471593 
0.0275283 0.0407362 0.0576551 0.082412 0.114263 0.157297 0.21199 0.284853 0.378999 0.491255 0.619124 0.74011 0.8415 0.909407 0.952205 0.975291 0.987627 0.993663 0.9967 0.998238 
0.00116631 0.0011733 0.00152094 0.00162102 0.00171889 0.00262597 0.00283213 0.00296119 0.00287224 0.00343958 0.00335548 0.00301606 0.00254234 0.00217174 0.00125429 0.000719547 0.000744326 0.000662295 0.000409989 0.000344039 
0.631863 0.646179 0.657066 0.669866 0.677255 0.686537 0.692768 0.697457 0.699945 0.70089 0.702598 0.703014 0.703368 0.703521 0.703057 0.704132 0.703791 0.702759 0.702711 0.703047 
0.0114332 0.00720717 0.0053005 0.00406059 0.00402858 0.0036837 0.00210821 0.00256943 0.00252275 0.00202105 0.00169944 0.00173904 0.00183089 0.00194674 0.00173587 0.00156893 0.00143661 0.00180208 0.00205087 0.00191565 
0.639333 0.64847 0.663903 0.671351 0.682108 0.68965 0.697492 0.702835 0.70599 0.707699 0.709188 0.709757 0.710128 0.710318 0.710242 0.710609 0.711023 0.709593 0.70964 0.709763 
0.0185333 0.0129449 0.0138144 0.0137928 0.0057326 0.00613792 0.00430616 0.00343862 0.00262377 0.00229973 0.00229453 0.0026021 0.00131427 0.00188025 0.00174937 0.0015307 0.00174742 0.00170949 0.00176352 0.00144288 
0.01255 0.01175 0.0133 0.01315 0.0139 0.01245 0.0139 0.0155 0.01415 0.0149 0.01565 0.01565 0.01565 0.01725 0.01635 0.0163 0.0179 0.01655 0.0172 0.0187 
0.00628868 0.00679614 0.00560446 0.00554324 0.00465725 0.00624079 0.00465725 0.0005 0.00473577 0.00344819 0.00047697 0.00047697 0.00047697 0.00460299 0.00339522 0.00340735 0.00552178 0.00333879 0.00462169 0.00629365 
0.0274506 0.0404906 0.0572692 0.0825048 0.114145 0.158327 0.211772 0.285043 0.378137 0.491814 0.620367 0.738985 0.841819 0.909244 0.952223 0.975128 0.987699 0.993766 0.996572 0.998098 
0.00186162 0.00210928 0.0024878 0.0023667 0.00291601 0.00456379 0.00509185 0.00519579 0.00494263 0.00510788 0.00589664 0.00504649 0.00391131 0.00389787 0.00220896 0.00145231 0.00153303 0.00118747 0.000848622 0.000586686 
0.602701 0.623652 0.623269 0.647314 0.658961 0.670422 0.674053 0.682537 0.687617 0.692626 0.697241 0.699807 0.701478 0.7022 0.70319 0.703601 0.703626 0.702776 0.702649 0.703075 
0.0195027 0.0181283 0.0193009 0.0141073 0.0104328 0.00949084 0.00752578 0.00473154 0.00487169 0.00247258 0.00202182 0.00220538 0.00184919 0.00197826 0.00176392 0.00165284 0.00151894 0.00170411 0.00204045 0.0019631 
0.613315 0.643497 0.651114 0.671484 0.681236 0.689956 0.69453 0.699382 0.703302 0.704593 0.707511 0.70842 0.709699 0.709581 0.710603 0.710225 0.710941 0.709649 0.709647 0.709873 
0.0521372 0.03817 0.0451695 0.0265612 0.0183196 0.00854205 0.00758955 0.00346871 0.00407787 0.00341955 0.00277364 0.00229407 0.00150163 0.00165629 0.00188621 0.00191937 0.00189947 0.00179834 0.0018479 0.00152229 
0.0139 0.01405 0.0116 0.0126 0.0134 0.0141 0.0142 0.01485 0.0141 0.01555 0.01555 0.01715 0.01635 0.01635 0.01635 0.01715 0.0163 0.01555 0.0172 0.0156 
0.00465725 0.00470611 0.00671118 0.00631189 0.00564269 0.00472123 0.00474974 0.00343911 0.00472123 0.000497494 0.000497494 0.00480911 0.00339522 0.00339522 0.00339522 0.00463977 0.00340735 0.000497494 0.00479166 0.000489898 
1 1 1 1 1 1 1 1 1 1 1 1 1 1 1 1 1 1 1 1 
0 0 0 0 0 0 0 0 0 0 0 0 0 0 0 0 0 0 0 0 
0.705159 0.705701 0.705455 0.705355 0.704773 0.705974 0.704994 0.705929 0.705778 0.705282 0.705661 0.705044 0.705285 0.705726 0.705202 0.705613 0.705377 0.705159 0.704753 0.704976 
0.00170568 0.00155482 0.00164293 0.00165428 0.00127931 0.00184993 0.00152901 0.00120443 0.00155138 0.00159824 0.00158351 0.00159792 0.00166891 0.00149066 0.00165444 0.0018949 0.00144762 0.00171866 0.00171671 0.00170199 
0.709379 0.709689 0.709498 0.709306 0.708555 0.709977 0.708882 0.709808 0.709806 0.709658 0.709241 0.709068 0.70932 0.709706 0.709405 0.709456 0.709653 0.709226 0.708768 0.708819 
0.00179287 0.00187197 0.00151997 0.00167465 0.00179831 0.0018312 0.00204324 0.0015807 0.00144063 0.00197218 0.00164196 0.00159903 0.00164913 0.00147308 0.0019459 0.00201173 0.00176267 0.00209697 0.00170214 0.00180759 
0.018 0.01785 0.0187 0.0187 0.0171 0.0201 0.0179 0.0172 0.017 0.01885 0.0171 0.01875 0.02105 0.0188 0.0188 0.0187 0.0181 0.02195 0.0172 0.02015 
0.00547723 0.00568573 0.00616523 0.00629365 0.00465725 0.00725879 0.00552178 0.00462169 0.00485798 0.00634252 0.00465725 0.00626797 0.00731078 0.00611228 0.00624179 0.0064195 0.00557584 0.00781329 0.00479166 0.00722686 
0.0422722 0.0609828 0.0870402 0.122642 0.169124 0.231533 0.309306 0.40667 0.522898 0.64569 0.763318 0.854751 0.918435 0.95522 0.977468 0.988564 0.994189 0.997061 0.998499 0.999156 
0.00149092 0.00150482 0.00225193 0.00172054 0.0014102 0.00243072 0.00331682 0.00378982 0.00256328 0.00342111 0.00173726 0.00234923 0.00205255 0.00112536 0.000961952 0.00060276 0.000511931 0.000331396 0.00026541 0.000315079 
0.648359 0.661143 0.671116 0.680079 0.686186 0.693432 0.697116 0.7011 0.702756 0.70414 0.7055 0.705117 0.705633 0.705605 0.705137 0.70557 0.705412 0.705097 0.704718 0.704919 
0.00721509 0.00420501 0.00381428 0.00329182 0.00173483 0.00275333 0.00165834 0.00156026 0.00232492 0.00243213 0.0013157 0.00166974 0.00165658 0.00153497 0.00178181 0.00194267 0.00151084 0.00178001 0.00161582 0.00169064 
0.652244 0.663565 0.673904 0.682589 0.690053 0.695826 0.700456 0.704706 0.706683 0.708484 0.709179 0.709132 0.70972 0.709816 0.709328 0.709353 0.709742 0.709104 0.70873 0.708763 
0.0135224 0.0101778 0.00817877 0.00753531 0.00453256 0.00400811 0.00401098 0.00216778 0.00253057 0.00283277 0.00168743 0.00182681 0.00165696 0.00138821 0.00210027 0.00198966 0.00185665 0.00212056 0.00156357 0.0017778 
0.0116 0.01025 0.01575 0.0132 0.0109 0.0135 0.01555 0.0156 0.018 0.0172 0.01655 0.01715 0.02035 0.02015 0.01945 0.01715 0.0171 0.01935 0.02105 0.0181 
0.00671118 0.00752911 0.000433013 0.00556417 0.00714773 0.00567891 0.000497494 0.000489898 0.00562139 0.00462169 0.00333879 0.00463977 0.00709419 0.0071153 0.00668188 0.00463977 0.00482597 0.00685766 0.0074194 0.00543047 
0.0422296 0.0608249 0.0870653 0.123301 0.168698 0.232169 0.309038 0.407237 0.522359 0.645921 0.763235 0.854355 0.918322 0.954889 0.977686 0.988586 0.994106 0.997096 0.998471 0.99903 
0.00247568 0.00278368 0.00417199 0.00343797 0.00282526 0.00411217 0.00585535 0.00626523 0.00555889 0.00460442 0.00375568 0.00402796 0.00378128 0.00258447 0.00171126 0.000929753 0.000993041 0.000544501 0.000519969 0.000529013 
0.6324 0.648787 0.6564 0.671083 0.676947 0.68608 0.689315 0.695753 0.697509 0.700709 0.703195 0.703917 0.704884 0.705024 0.705179 0.705565 0.705498 0.705059 0.704698 0.704999 
0.00990244 0.00690449 0.00665508 0.00501958 0.00360404 0.00434302 0.00278491 0.00177216 0.00292305 0.00231625 0.00134935 0.00144706 0.00173929 0.00143258 0.00184498 0.00170291 0.00154478 0.00171625 0.00172097 0.00177095 
0.6394 0.661031 0.669299 0.67963 0.685528 0.692434 0.697009 0.703526 0.704815 0.706537 0.708066 0.708498 0.70928 0.709181 0.709425 0.709485 0.709815 0.709119 0.708719 0.708845 
0.0320586 0.0124466 0.022134 0.0107784 0.00886084 0.00523556 0.00466227 0.00277407 0.00199269 0.00314496 0.00187014 0.0015896 0.0016073 0.00154426 0.00207454 0.00175605 0.00184835 0.00200645 0.00165657 0.00182198 
0.01245 0.0132 0.01315 0.0125 0.01405 0.01315 0.0156 0.01545 0.01625 0.0162 0.01945 0.01715 0.01715 0.01955 0.02025 0.01945 0.02105 0.01885 0.02105 0.01945 
0.00624079 0.00556417 0.00554324 0.00626498 0.00470611 0.00554324 0.000489898 0.000497494 0.0034187 0.00342929 0.00680055 0.00463977 0.00463977 0.00674148 0.00704894 0.00680055 0.00752645 0.00608502 0.00731078 0.00680055 
1 1 1 1 1 1 1 1 1 1 1 1 1 1 1 1 1 1 1 1 
0 0 0 0 0 0 0 0 0 0 0 0 0 0 0 0 0 0 0 0 
0.630763 0.631658 0.630716 0.631029 0.630763 0.631665 0.631548 0.632064 0.630836 0.630831 0.631317 0.631387 0.630848 0.632342 0.631164 0.631447 0.631833 0.630693 0.630771 0.631665 
0.00245467 0.0026638 0.00225425 0.00315147 0.00206295 0.00297268 0.00276843 0.00207302 0.00292263 0.00234111 0.00203619 0.00245749 0.00244578 0.00306355 0.00293146 0.0022731 0.00286256 0.00250838 0.00236321 0.00278236 
0.631426 0.632351 0.631236 0.631867 0.63157 0.632249 0.632214 0.632711 0.63138 0.631453 0.631794 0.631836 0.631536 0.632813 0.631868 0.632032 0.632453 0.631282 0.631258 0.632261 
0.00227452 0.00251667 0.00237154 0.00318878 0.00218925 0.00293344 0.00279025 0.0022238 0.0027901 0.00233945 0.00211999 0.00231178 0.00251153 0.00310061 0.00290845 0.00224906 0.00290908 0.00263763 0.00238382 0.00281957 
4.93205 4.92815 4.93135 4.9272 4.9321 4.9258 4.9266 4.93 4.93205 4.9329 4.92665 4.9226 4.9272 4.92885 4.93295 4.92825 4.9226 4.9272 4.9242 4.92965 
0.020653 0.0129664 0.0130241 0.0163725 0.0149395 0.0163083 0.0143157 0.0184282 0.0200237 0.020671 0.0166532 0.0143645 0.0141619 0.0143885 0.0173853 0.017032 0.0104995 0.0150386 0.016738 0.0155572 
0.0243986 0.0361782 0.0548637 0.0836424 0.130342 0.214812 0.372564 0.599208 0.774268 0.87915 0.938742 0.968974 0.984111 0.992164 0.996026 0.997995 0.998968 0.999431 0.999747 0.999877 
0.00101368 0.00122449 0.00126216 0.00225669 0.00233417 0.00396235 0.00685467 0.00775584 0.00374773 0.00263191 0.00171049 0.00120035 0.000934011 0.000537724 0.000468276 0.000258956 0.000163471 0.000194919 7.34407e-005 6.62489e-005 
0.591826 0.605272 0.617109 0.628558 0.640378 0.648489 0.650724 0.643259 0.638263 0.634542 0.63383 0.631525 0.632249 0.632362 0.631174 0.631051 0.632417 0.630778 0.631069 0.631543 
0.00977751 0.00836762 0.00663045 0.00699751 0.00504947 0.00376764 0.00323072 0.00323957 0.00338498 0.00267229 0.00222646 0.00294742 0.00274849 0.00282622 0.00235422 0.00260136 0.00305057 0.00271523 0.00301385 0.00290969 
0.599786 0.605149 0.618967 0.635195 0.644898 0.650952 0.651678 0.644665 0.639324 0.63543 0.634495 0.632069 0.632847 0.632952 0.631798 0.631669 0.633054 0.631408 0.631586 0.632137 
0.0230988 0.0138174 0.0125647 0.00906757 0.0062707 0.00466239 0.00348454 0.00385937 0.00379301 0.00268698 0.00238429 0.00281082 0.00272466 0.00295542 0.00241533 0.00248338 0.00306257 0.00283059 0.00303637 0.00294096 
4.70195 4.69965 4.71275 4.709 4.73075 4.74945 4.78385 4.84615 4.8726 4.9022 4.90785 4.918 4.91655 4.92505 4.9265 4.92805 4.9218 4.9226 4.92655 4.9289 
0.0133397 0.0137959 0.0129146 0.0124419 0.0109081 0.0132457 0.0159351 0.0193837 0.0165239 0.0183428 0.0124309 0.0160187 0.0158571 0.0130785 0.0144551 0.0119895 0.0153414 0.0113903 0.0152233 0.0124896 
0.0246367 0.036529 0.0549489 0.0834469 0.130149 0.214536 0.374401 0.598329 0.774105 0.87948 0.938526 0.969287 0.983728 0.992327 0.996164 0.998013 0.99897 0.999449 0.999742 0.999857 
0.00170711 0.00128269 0.00196861 0.00311876 0.00478938 0.00498062 0.00771838 0.00880443 0.00426052 0.0032041 0.00285909 0.00173092 0.00135692 0.000899133 0.000654091 0.000354466 0.00030089 0.000332427 0.000127055 9.9318e-005 
0.579107 0.587526 0.598243 0.605072 0.612095 0.620091 0.627358 0.630032 0.630084 0.630137 0.630438 0.631412 0.631746 0.631926 0.630538 0.631332 0.632156 0.630781 0.631132 0.631718 
0.0082795 0.00818199 0.00647919 0.00493124 0.00592533 0.00387337 0.00343562 0.00324893 0.00311482 0.00251001 0.00315889 0.00236269 0.00265612 0.00258968 0.00222626 0.002358 0.00288568 0.00323022 0.00205542 0.00249849 
0.578206 0.589915 0.600018 0.607761 0.615463 0.620362 0.627672 0.630541 0.631005 0.630703 0.631058 0.63198 0.632409 0.632553 0.631167 0.631974 0.632831 0.631404 0.631646 0.632316 
0.0110906 0.0117118 0.00847715 0.00723981 0.00600385 0.00453884 0.00351165 0.00314245 0.00301107 0.00281491 0.00311956 0.00236685 0.00267374 0.00276756 0.00228007 0.00236495 0.00287241 0.00336217 0.00209719 0.00254504 
4.69475 4.69625 4.7081 4.70955 4.7198 4.7472 4.7877 4.83075 4.8736 4.9009 4.91015 4.9172 4.9172 4.9248 4.93185 4.9282 4.92975 4.92585 4.92735 4.925 
0.0152475 0.00914809 0.0106532 0.00846448 0.0137208 0.0192005 0.0204037 0.0132094 0.0133282 0.0186384 0.0169212 0.0137244 0.0145176 0.0139377 0.0180756 0.0138658 0.0169849 0.0130471 0.0149609 0.0121078 
0.0165806 0.0241906 0.0351233 0.0524582 0.0786835 0.120034 0.195921 0.34152 0.56303 0.753699 0.868635 0.932795 0.966047 0.982876 0.9913 0.995763 0.997677 0.998935 0.999476 0.999734 
0.000641451 0.00103729 0.000940015 0.00141116 0.0019336 0.00264085 0.00455882 0.00807013 0.00836116 0.00645902 0.00225902 0.00156533 0.00165483 0.000740469 0.000599585 0.000457252 0.000396283 0.00024545 0.000135844 0.00011439 
0.581595 0.592856 0.602431 0.619868 0.630375 0.638443 0.648148 0.652115 0.64765 0.63925 0.635527 0.632923 0.633018 0.631791 0.630984 0.630623 0.632653 0.63026 0.630548 0.631705 
0.00955358 0.0123512 0.00907094 0.00768534 0.00715597 0.00617636 0.00427702 0.00349678 0.00435454 0.00238621 0.00251422 0.00248621 0.00266135 0.00305567 0.00307008 0.00336961 0.00289836 0.00249756 0.00211041 0.00277376 
0.587921 0.604216 0.611891 0.622031 0.632977 0.642028 0.650471 0.653618 0.64905 0.640353 0.636121 0.63343 0.633801 0.632322 0.631594 0.631246 0.633232 0.630785 0.630972 0.632239 
0.0253941 0.0166278 0.0214944 0.0127445 0.0106362 0.00814228 0.00596739 0.00293404 0.00443438 0.0027364 0.00250564 0.00255909 0.00258607 0.00300788 0.00308357 0.00340431 0.00290642 0.00242156 0.00211671 0.00279422 
4.6934 4.69575 4.70425 4.70905 4.7152 4.7213 4.7487 4.7776 4.82605 4.87335 4.89465 4.9102 4.9148 4.92585 4.932 4.9266 4.9234 4.92485 4.92425 4.92425 
0.0122613 0.0130341 0.0116485 0.0140871 0.017119 0.00892805 0.0158622 0.0129128 0.0112715 0.0228764 0.0138213 0.011944 0.0173367 0.0189533 0.0149566 0.0153343 0.0126428 0.0120469 0.0149462 0.0123607 
0.0225293 0.0331011 0.04783 0.0685577 0.0998973 0.148419 0.230485 0.362118 0.547123 0.723607 0.846276 0.919177 0.9585 0.978821 0.989458 0.99464 0.997462 0.998725 0.999298 0.999634 
0.00063381 0.000983779 0.00089177 0.00178772 0.00207693 0.00339016 0.00425811 0.00362905 0.00751743 0.00358117 0.00257494 0.00173748 0.0013582 0.000969105 0.000689203 0.000649853 0.000350547 0.000268701 0.00018617 0.000156164 
0.593878 0.606227 0.61723 0.627781 0.634868 0.645402 0.648647 0.653526 0.646645 0.639842 0.636554 0.634311 0.632485 0.631928 0.631407 0.630783 0.631776 0.631244 0.631169 0.631625 
0.00857547 0.00675167 0.00767704 0.00825526 0.00572459 0.00478857 0.00443937 0.0028935 0.00271541 0.002389 0.00276165 0.00249343 0.00210588 0.0035102 0.00177926 0.00259054 0.00281425 0.00294886 0.00254333 0.00239074 
0.601663 0.618365 0.623183 0.633528 0.6419 0.648555 0.651653 0.654976 0.646944 0.640972 0.63717 0.634963 0.633141 0.632632 0.632008 0.631499 0.632405 0.631783 0.63164 0.632243 
0.0224411 0.0122704 0.0117697 0.0102071 0.00812128 0.00678884 0.00524863 0.00322425 0.00329699 0.00240872 0.00279117 0.00252003 0.00228728 0.00346158 0.00193108 0.00262808 0.00293866 0.00302456 0.00265612 0.00249331 
4.6987 4.6995 4.70645 4.71425 4.71755 4.7355 4.74885 4.7862 4.8228 4.869 4.89535 4.9063 4.91245 4.926 4.92655 4.9265 4.92805 4.92495 4.92905 4.9179 
0.0145777 0.0130019 0.0171711 0.0126249 0.0101562 0.0114608 0.00758469 0.0145003 0.0113384 0.0203887 0.0153339 0.0151397 0.0155771 0.0149164 0.0160887 0.0175086 0.013793 0.0130441 0.0143474 0.0119746 
1 1 1 1 1 1 1 1 1 1 1 1 1 1 1 1 1 1 1 1 
0 0 0 0 0 0 0 0 0 0 0 0 0 0 0 0 0 0 0 0 
0.705886 0.705884 0.705889 0.705781 0.706031 0.706553 0.706412 0.705969 0.705949 0.704979 0.706505 0.706014 0.705455 0.706492 0.705463 0.706472 0.705578 0.705728 0.705508 0.706287 
0.00215635 0.00229737 0.00224453 0.00186764 0.00213006 0.00197676 0.00169749 0.00213434 0.00188286 0.00177037 0.00143486 0.00187123 0.00166691 0.00223479 0.00191573 0.00193223 0.00173133 0.00213986 0.00209528 0.00196314 
0.719782 0.718908 0.718904 0.718189 0.71756 0.719482 0.718003 0.718685 0.71855 0.720087 0.718428 0.71868 0.718891 0.719089 0.718997 0.718403 0.718706 0.719318 0.718735 0.718905 
0.00271043 0.0029907 0.00275879 0.00312359 0.00270879 0.00260518 0.00448009 0.00374008 0.00297586 0.00336915 0.00314658 0.00261559 0.00275671 0.00257425 0.00234771 0.00244183 0.00323287 0.00306481 0.00257032 0.00324081 
2.93685 2.94445 2.9353 2.9359 2.93305 2.93515 2.93195 2.93125 2.9368 2.93525 2.9346 2.9352 2.9321 2.93745 2.9321 2.92745 2.93925 2.9368 2.9342 2.9375 
0.0260198 0.0296285 0.0191445 0.0248292 0.0236103 0.0265825 0.0181782 0.0242113 0.0204392 0.0237716 0.0201876 0.0165033 0.0211941 0.0266261 0.01946 0.0242703 0.0206249 0.0270511 0.0220694 0.0282834 
0.0209833 0.0309712 0.0460108 0.0672672 0.0966172 0.137155 0.194425 0.269242 0.367032 0.484326 0.617149 0.741245 0.842483 0.91093 0.952025 0.974987 0.98712 0.993693 0.996697 0.998261 
0.000878677 0.00160736 0.00119259 0.00176843 0.00244005 0.00271117 0.00360832 0.00388577 0.0033268 0.0033924 0.00373338 0.00308128 0.00202889 0.00157262 0.00140833 0.00104113 0.000662584 0.000469929 0.00036687 0.000325209 
0.618159 0.633933 0.649579 0.661932 0.673243 0.682898 0.690175 0.695074 0.698767 0.700318 0.704062 0.704666 0.705139 0.706177 0.705307 0.706254 0.70558 0.705658 0.70531 0.706227 
0.00706518 0.0133676 0.00475961 0.00744158 0.00400771 0.00389678 0.00291987 0.0024019 0.00234503 0.00241571 0.00211254 0.00189651 0.00141333 0.00237154 0.00174161 0.00179797 0.00162177 0.00184898 0.00220033 0.00197218 
0.64427 0.654608 0.664041 0.674171 0.683955 0.693232 0.700587 0.706686 0.71184 0.716064 0.716181 0.717981 0.718626 0.718687 0.719194 0.718141 0.718759 0.719166 0.718562 0.718888 
0.0145027 0.0162387 0.00989753 0.0110477 0.00851469 0.00633631 0.00554617 0.00385634 0.00359635 0.00331757 0.00359136 0.00257373 0.0029639 0.00191189 0.00222753 0.00269604 0.0034145 0.00334129 0.00260099 0.00303492 
0.09665 0.13965 0.2012 0.2864 0.4024 0.5664 0.78395 1.0538 1.3798 1.7348 2.09985 2.39375 2.6216 2.7683 2.8508 2.88995 2.9132 2.9266 2.92665 2.9304 
0.00619092 0.0090569 0.00682349 0.00911811 0.00930806 0.0111821 0.0162218 0.0172934 0.0151479 0.0219604 0.022692 0.0244292 0.0205558 0.0213871 0.0225668 0.0264319 0.0201336 0.0257942 0.0151765 0.0261771 
0.127942 0.128072 0.128047 0.127964 0.128784 0.128816 0.130337 0.134667 0.144124 0.163163 0.203014 0.275957 0.398193 0.570808 0.751453 0.885188 0.954846 0.982805 0.993816 0.997807 
0.00156553 0.00171878 0.00151415 0.00153572 0.00142999 0.00180619 0.00199241 0.00210378 0.00175255 0.0021794 0.00281166 0.00335036 0.00417748 0.00324292 0.00306939 0.00199547 0.0012868 0.00088534 0.000419115 0.000347164 
0.684537 0.684687 0.684246 0.683968 0.684612 0.685732 0.685364 0.685467 0.686624 0.691002 0.693132 0.697123 0.700814 0.703538 0.705069 0.706076 0.705114 0.705868 0.705109 0.706059 
0.00193252 0.00268843 0.0034028 0.00263269 0.00225702 0.00310095 0.00263469 0.00316702 0.00311401 0.00238102 0.00195468 0.002634 0.00223114 0.00201893 0.00211005 0.0017914 0.00185273 0.00222542 0.00191424 0.00212444 
0.691388 0.691878 0.69251 0.690993 0.691562 0.691489 0.692499 0.693221 0.694252 0.699455 0.703283 0.707956 0.713554 0.716986 0.718612 0.718315 0.718311 0.71949 0.718338 0.718728 
0.00466601 0.00410787 0.00353582 0.00508154 0.00495702 0.00465352 0.00646891 0.00507172 0.00444468 0.00436366 0.00407802 0.00405981 0.00350468 0.00252517 0.00268875 0.00289631 0.00328235 0.00332185 0.00261552 0.00320753 
0.9508 0.9547 0.9524 0.95315 0.95465 0.9532 0.95695 0.9726 1.00705 1.0764 1.2136 1.444 1.79795 2.24485 2.62795 2.87605 3.00075 3.04675 3.05695 3.07255 
0.00915205 0.00936002 0.00922171 0.00843371 0.0106549 0.00966747 0.0123995 0.0112845 0.0104282 0.0109654 0.0127098 0.0157829 0.0229662 0.0202639 0.0193558 0.0193274 0.0223626 0.0297252 0.0167107 0.0282356 
0.127684 0.127994 0.127486 0.128365 0.128819 0.128816 0.130347 0.134978 0.14352 0.162684 0.202696 0.276052 0.399166 0.571357 0.750651 0.885437 0.954676 0.982738 0.99364 0.997855 
0.00244358 0.00266489 0.00286965 0.00217384 0.00213631 0.0032822 0.0036026 0.00312549 0.00257972 0.00324628 0.00476162 0.00484286 0.00597754 0.00415308 0.00425583 0.00284097 0.002075 0.00122925 0.000577501 0.000476121 
0.66501 0.666999 0.661937 0.667215 0.667713 0.661664 0.661153 0.664761 0.666904 0.669337 0.675922 0.682936 0.691433 0.698366 0.701827 0.705187 0.705317 0.705089 0.705194 0.706134 
0.00815214 0.00810156 0.00763856 0.00794295 0.00611325 0.0104574 0.00925032 0.00950338 0.00761561 0.00792672 0.00428066 0.0060419 0.0039134 0.00268164 0.00234638 0.00200261 0.00204154 0.00231532 0.00216678 0.00228064 
0.695398 0.694435 0.695876 0.68986 0.692283 0.697554 0.696977 0.696914 0.698071 0.701906 0.70363 0.706743 0.713378 0.714369 0.717248 0.717499 0.71867 0.718845 0.718391 0.718778 
0.00764948 0.0118823 0.00705158 0.0122476 0.010233 0.0100985 0.0101116 0.00975512 0.00954959 0.00766886 0.00867131 0.00597178 0.0041599 0.0042016 0.00374071 0.00306269 0.00360451 0.00326719 0.0024003 0.00315823 
0.53815 0.53915 0.5373 0.5398 0.5445 0.5398 0.5469 0.56245 0.5967 0.6655 0.7996 1.045 1.4405 1.9821 2.539 2.9367 3.1537 3.244 3.27125 3.28365 
0.0117016 0.0150741 0.0145227 0.0104384 0.0110747 0.00913017 0.0145117 0.0114651 0.0155759 0.0164606 0.0169364 0.0227398 0.0238149 0.0247788 0.0214383 0.0225502 0.0250781 0.0330151 0.0232269 0.0271869 
1 1 1 1 1 1 1 1 1 1 1 1 1 1 1 1 1 1 1 1 
0 0 0 0 0 0 0 0 0 0 0 0 0 0 0 0 0 0 0 0 
0.70776 0.707685 0.70754 0.707688 0.706608 0.708101 0.707828 0.70762 0.707294 0.70765 0.707868 0.707384 0.707515 0.707595 0.707171 0.707638 0.707427 0.707071 0.706856 0.707039 
0.00187917 0.00153391 0.00143385 0.00148282 0.00149704 0.00168274 0.00166198 0.00116762 0.00146198 0.0014514 0.001611 0.00201936 0.00121429 0.00184546 0.00183923 0.00117023 0.000965158 0.00160837 0.0013575 0.00146991 
0.71563 0.715327 0.71507 0.714768 0.713788 0.715531 0.715116 0.715388 0.714849 0.715915 0.715061 0.714791 0.71532 0.71515 0.714896 0.71462 0.715415 0.714623 0.714495 0.714465 
0.00259201 0.0025135 0.00234179 0.00214684 0.00198203 0.00192673 0.00297885 0.00203183 0.00175872 0.00234928 0.00198503 0.00222564 0.00231743 0.00160785 0.00235999 0.00166393 0.00193255 0.00271066 0.00215424 0.00230585 
4.01085 4.01865 4.0117 4.01465 4.01715 4.0209 4.01465 4.01715 4.0131 4.0208 4.01855 4.0079 4.01405 4.0224 4.0193 4.01795 4.0201 4.01625 4.0116 4.0141 
0.0284065 0.0342801 0.0242633 0.0247997 0.0297729 0.0348954 0.0261233 0.0223367 0.0273348 0.0349508 0.0248324 0.0279086 0.0221415 0.0350163 0.0264104 0.0262135 0.0310434 0.0355653 0.027518 0.0306756 
