1 1 1 1 1 1 1 1 1 1 1 1 1 1 1 1 1 1 1 1 
0 0 0 0 0 0 0 0 0 0 0 0 0 0 0 0 0 0 0 0 
0.734522 0.733559 0.734811 0.734179 0.734898 0.734189 0.733702 0.734317 0.733989 0.733808 0.734796 0.733342 0.733949 0.734134 0.734436 0.733495 0.734139 0.735019 0.733907 0.733566 
0.00185048 0.002042 0.00231825 0.00211075 0.00202028 0.00301072 0.00204064 0.00189163 0.00232466 0.00192268 0.00200599 0.00186444 0.00196198 0.00264218 0.00187028 0.00209284 0.00211903 0.0022546 0.00197818 0.00152118 
0.741072 0.740217 0.741427 0.740679 0.741403 0.740815 0.740287 0.740911 0.740644 0.740433 0.741435 0.739933 0.740541 0.740741 0.74094 0.740034 0.740844 0.741579 0.740477 0.740172 
0.00177246 0.00195194 0.00228834 0.00211051 0.00199444 0.00297306 0.00203472 0.00192559 0.00224133 0.00178565 0.00203137 0.00176279 0.00201953 0.00262076 0.00192349 0.00207143 0.00210956 0.0023402 0.00193925 0.00144743 
0.0124 0.01245 0.01325 0.0108 0.01315 0.01165 0.011 0.0108 0.01085 0.01405 0.01335 0.0131 0.0109 0.0132 0.0117 0.0134 0.0109 0.0125 0.0117 0.01095 
0.00434051 0.00624079 0.00558458 0.00708237 0.00554324 0.00673999 0.0072111 0.00708237 0.0071153 0.00470611 0.00562383 0.00552178 0.00714773 0.00556417 0.00676831 0.00564269 0.00714773 0.00626498 0.00676831 0.00717966 
0.0109105 0.016656 0.0252198 0.03698 0.0559505 0.0836899 0.128238 0.193815 0.290935 0.42561 0.584522 0.730995 0.843027 0.914495 0.955064 0.976736 0.988366 0.994119 0.997142 0.998493 
0.000593501 0.000550846 0.000962837 0.00140631 0.00169468 0.00199321 0.0023529 0.00305762 0.00364801 0.00478638 0.00420198 0.00468271 0.00263557 0.00207104 0.00142647 0.00107476 0.000767804 0.000682837 0.000395303 0.000281853 
0.643756 0.666868 0.683206 0.703745 0.719929 0.731398 0.740517 0.747154 0.7498 0.748081 0.744892 0.742548 0.73948 0.736975 0.735955 0.734189 0.734241 0.734532 0.734611 0.734441 
0.0154784 0.00928896 0.0111496 0.0052191 0.00514238 0.00289488 0.00426721 0.00344734 0.00316311 0.00233439 0.00294691 0.00262438 0.00170738 0.00278995 0.00246252 0.00259841 0.00218772 0.00223538 0.00232569 0.00174674 
0.651019 0.675778 0.685225 0.707497 0.727206 0.737389 0.747236 0.753464 0.75597 0.754671 0.751227 0.748831 0.745844 0.743456 0.742459 0.740746 0.740914 0.741075 0.741271 0.741112 
0.0237523 0.0103643 0.0142444 0.00698124 0.00688352 0.00455064 0.00491369 0.00395628 0.00280295 0.00242449 0.00272585 0.00251535 0.00176638 0.00279308 0.00250138 0.00246955 0.00210181 0.0023132 0.00232472 0.00176408 
0.0132 0.0132 0.0094 0.0125 0.0086 0.01025 0.0133 0.01175 0.0133 0.0124 0.0116 0.0149 0.0119 0.0118 0.01245 0.01245 0.0132 0.01465 0.0124 0.01245 
0.00373631 0.00556417 0.00768375 0.00626498 0.00778717 0.00752911 0.00560446 0.00679614 0.00560446 0.00621611 0.00671118 0.00344819 0.00687677 0.00682349 0.00624079 0.00624079 0.00556417 0.00339522 0.00621611 0.00624079 
0.0110241 0.0170956 0.0254273 0.0368269 0.0559604 0.0833267 0.127747 0.193857 0.290413 0.42667 0.584688 0.730009 0.84273 0.913986 0.954654 0.976284 0.988252 0.993891 0.997184 0.998461 
0.001074 0.00128792 0.00162953 0.00218744 0.00314696 0.00343508 0.00376875 0.00497418 0.00671033 0.0077649 0.00632167 0.00733801 0.00483813 0.00331201 0.00254577 0.00218716 0.00136734 0.00128049 0.00063727 0.000496062 
0.617866 0.636108 0.655427 0.666621 0.68532 0.695892 0.70929 0.71652 0.721843 0.728026 0.73018 0.732526 0.733403 0.733838 0.734179 0.734058 0.734542 0.734853 0.734532 0.73409 
0.0121316 0.00800104 0.0076559 0.00807868 0.00607685 0.0047835 0.00508662 0.00356014 0.00203081 0.00194058 0.00319102 0.0024165 0.00168566 0.00258937 0.00200848 0.00214349 0.00224818 0.00206693 0.00165504 0.00208121 
0.627362 0.644008 0.661841 0.674256 0.691676 0.703414 0.716907 0.724007 0.728508 0.734775 0.736775 0.738995 0.739886 0.740397 0.740738 0.740598 0.74119 0.741392 0.741195 0.740717 
0.014158 0.0101045 0.00686996 0.0112963 0.00693174 0.00489073 0.00522237 0.00350812 0.00265066 0.00221245 0.0032609 0.00230743 0.00170209 0.00255791 0.00214687 0.00216266 0.00223798 0.00213469 0.00173184 0.00208668 
0.0106 0.01105 0.0125 0.00945 0.01245 0.0126 0.0124 0.00995 0.0148 0.01095 0.01255 0.0101 0.01365 0.01475 0.01495 0.01155 0.01325 0.01405 0.01175 0.0109 
0.00558928 0.00724206 0.00626498 0.00772318 0.00624079 0.00631189 0.00621611 0.00731078 0.00342929 0.00717966 0.00628868 0.00742226 0.00456372 0.0034187 0.00345652 0.00668188 0.00558458 0.00470611 0.00679614 0.00714773 
1 1 1 1 1 1 1 1 1 1 1 1 1 1 1 1 1 1 1 1 
0 0 0 0 0 0 0 0 0 0 0 0 0 0 0 0 0 0 0 0 
0.734688 0.733608 0.734127 0.734339 0.7349 0.734624 0.734236 0.733927 0.733505 0.73515 0.734537 0.73388 0.734125 0.734278 0.735152 0.733307 0.734107 0.734903 0.734367 0.734478 
0.00166101 0.00222008 0.00254105 0.00261736 0.00223674 0.0022784 0.00188878 0.00244065 0.00173966 0.002683 0.00254431 0.00220705 0.00286747 0.00301709 0.00276505 0.00258626 0.00277386 0.00235561 0.00175489 0.00198914 
0.741201 0.740076 0.740492 0.740916 0.741308 0.741219 0.7408 0.740357 0.740001 0.74178 0.741095 0.74044 0.740525 0.740934 0.741541 0.739694 0.740678 0.741367 0.740922 0.740821 
0.00154114 0.00214984 0.00260494 0.00263677 0.00226424 0.00240628 0.00171959 0.0025433 0.00175989 0.00264674 0.0025824 0.00211057 0.00279755 0.00291353 0.00275411 0.00255977 0.0027701 0.00250053 0.00174831 0.00201934 
0.0153 0.0132 0.01555 0.01485 0.0158 0.01395 0.01575 0.0158 0.01475 0.01565 0.0141 0.0156 0.0151 0.0133 0.01545 0.0158 0.0158 0.01325 0.01495 0.01575 
0.000458258 0.00556417 0.000497494 0.00343911 0.0004 0.00467413 0.000433013 0.0004 0.0034187 0.00047697 0.00472123 0.000489898 0.00347707 0.00560446 0.000497494 0.0004 0.0004 0.00558458 0.00345652 0.000433013 
0.00834404 0.0126519 0.0187481 0.0274627 0.0412854 0.060661 0.0915744 0.138425 0.207563 0.307786 0.442851 0.598266 0.740606 0.84872 0.91795 0.956321 0.977608 0.988751 0.99446 0.997095 
0.000317061 0.000528835 0.000646301 0.00101038 0.000973249 0.00121593 0.00179435 0.00219443 0.00247758 0.00415771 0.00410911 0.00457046 0.00448199 0.00215399 0.00179958 0.00125547 0.000973973 0.000810874 0.000397151 0.000415273 
0.676401 0.69175 0.708312 0.7219 0.736518 0.746927 0.753965 0.756953 0.757759 0.75576 0.75082 0.746517 0.742439 0.739018 0.737388 0.735192 0.734708 0.735071 0.734596 0.734675 
0.0113139 0.00810796 0.00831852 0.00729875 0.00457547 0.00469514 0.00332213 0.00323801 0.00194594 0.00292288 0.00262036 0.00274483 0.00254532 0.00286944 0.00258604 0.00291669 0.00253268 0.00219671 0.00169451 0.0021305 
0.682481 0.699782 0.712313 0.728482 0.741586 0.752218 0.760917 0.76371 0.76357 0.762031 0.756813 0.752739 0.748882 0.745424 0.743692 0.741588 0.741269 0.741575 0.741169 0.740992 
0.0158699 0.0115691 0.0122732 0.00692762 0.00680523 0.0045527 0.00419145 0.00387047 0.00231238 0.00273885 0.00300483 0.0029389 0.002457 0.00283431 0.00273989 0.00290731 0.00250314 0.00230231 0.00172122 0.00220173 
0.0099 0.01075 0.0101 0.01245 0.01085 0.0109 0.00945 0.0141 0.0094 0.0099 0.014 0.01415 0.01555 0.01405 0.0149 0.0147 0.01545 0.0142 0.0139 0.01545 
0.00599083 0.00704894 0.00742226 0.00624079 0.0071153 0.00714773 0.00772318 0.00472123 0.00768375 0.00727255 0.00469042 0.00473577 0.000497494 0.00470611 0.00344819 0.00340735 0.000497494 0.00474974 0.00465725 0.000497494 
0.00830205 0.0129928 0.0188297 0.0271663 0.0413867 0.0600361 0.0910508 0.138415 0.207087 0.308146 0.443864 0.597713 0.740285 0.847619 0.917933 0.956049 0.977374 0.988633 0.994484 0.996957 
0.000813335 0.00100749 0.000989066 0.00176601 0.00224505 0.00257877 0.00302116 0.0036734 0.00488908 0.00719941 0.00633529 0.00694534 0.00722622 0.00396619 0.00306945 0.00198018 0.00180565 0.00150014 0.000768244 0.000864525 
0.650692 0.661311 0.676643 0.688576 0.702959 0.711019 0.718998 0.724696 0.727564 0.730254 0.731872 0.73286 0.73448 0.734127 0.735078 0.733712 0.734374 0.734584 0.734354 0.73473 
0.0121095 0.0102877 0.00781247 0.0099552 0.00520342 0.00465775 0.00515357 0.00446882 0.00335547 0.0031284 0.00317124 0.00274951 0.00201615 0.00270089 0.0020884 0.00266633 0.00240648 0.00228671 0.00168581 0.00212121 
0.656852 0.669903 0.681642 0.69699 0.708501 0.716901 0.727193 0.731961 0.733924 0.736906 0.738405 0.739168 0.740902 0.740791 0.741586 0.740097 0.740939 0.74104 0.740873 0.741086 
0.0203962 0.0136721 0.012243 0.0112724 0.0072478 0.00557459 0.00620599 0.00476088 0.00309549 0.00290789 0.00308894 0.00274595 0.00206701 0.00280425 0.00213875 0.00261145 0.00241786 0.00238926 0.00172629 0.00220714 
0.01335 0.01335 0.0141 0.0109 0.0101 0.01245 0.01155 0.0126 0.01175 0.01505 0.01475 0.01245 0.014 0.0147 0.0147 0.01555 0.01555 0.01475 0.0157 0.0156 
0.00366436 0.00562383 0.00472123 0.00714773 0.00742226 0.00624079 0.00668188 0.00631189 0.00679614 0.00347095 0.0034187 0.00624079 0.00469042 0.00340735 0.00340735 0.000497494 0.000497494 0.0034187 0.000458258 0.000489898 
1 1 1 1 1 1 1 1 1 1 1 1 1 1 1 1 1 1 1 1 
0 0 0 0 0 0 0 0 0 0 0 0 0 0 0 0 0 0 0 0 
0.798911 0.798471 0.798518 0.798641 0.798602 0.798427 0.798466 0.798108 0.798431 0.798671 0.798471 0.798723 0.798698 0.798315 0.79914 0.798226 0.798387 0.798488 0.798335 0.798404 
0.00106249 0.000970383 0.00164513 0.00145899 0.00146618 0.00083428 0.00103762 0.00123576 0.00147665 0.0010286 0.00131026 0.00139791 0.00158703 0.00142151 0.00119922 0.00117999 0.00129839 0.000987674 0.000865583 0.00119049 
0.803197 0.802531 0.802393 0.803067 0.802812 0.802695 0.802821 0.802156 0.802465 0.803062 0.80271 0.802534 0.80272 0.802946 0.803612 0.802167 0.802861 0.802618 0.802535 0.802595 
0.00118408 0.00124489 0.00202518 0.00187628 0.0015139 0.00113784 0.00123367 0.00097951 0.00172179 0.00124736 0.00151755 0.00180721 0.00193725 0.00153515 0.001181 0.00144495 0.00139721 0.00122714 0.00108854 0.00183849 
0.01565 0.01565 0.01555 0.0156 0.0171 0.01625 0.01555 0.01535 0.0179 0.0156 0.01565 0.0163 0.01655 0.0157 0.01645 0.01575 0.0157 0.0164 0.01545 0.0157 
0.000726292 0.00047697 0.000497494 0.000489898 0.00465725 0.0034187 0.000497494 0.00047697 0.00552178 0.000489898 0.00047697 0.00340735 0.00333879 0.000458258 0.00336861 0.000433013 0.000458258 0.00338231 0.000497494 0.000458258 
0.0356017 0.0508843 0.0703908 0.0962553 0.12852 0.171119 0.225899 0.295023 0.38302 0.490757 0.61179 0.729142 0.829619 0.90143 0.946665 0.972066 0.985394 0.992669 0.996347 0.9981 
0.000874611 0.00122703 0.00128543 0.00138691 0.00220765 0.00223567 0.0028165 0.0032129 0.00299146 0.00304736 0.00310831 0.0023394 0.00274635 0.00158148 0.00151894 0.00106902 0.00106968 0.000683003 0.000416703 0.000342794 
0.74213 0.757593 0.768027 0.776055 0.781346 0.786661 0.790735 0.792535 0.794576 0.796483 0.796811 0.797829 0.798133 0.798012 0.798972 0.798281 0.798491 0.798429 0.798365 0.798414 
0.00539658 0.00459588 0.00252882 0.00321623 0.00224267 0.00222224 0.00171002 0.00153071 0.00160566 0.00127534 0.00152927 0.00127083 0.00154619 0.00148513 0.00136413 0.00109196 0.00121739 0.00111189 0.000863268 0.00118673 
0.746151 0.762071 0.77244 0.78093 0.785958 0.790908 0.794949 0.796731 0.798495 0.800808 0.800796 0.801669 0.802094 0.802649 0.803457 0.802272 0.802964 0.80259 0.802542 0.802609 
0.00872951 0.00625031 0.0032033 0.0040812 0.00329595 0.00225917 0.00215634 0.00136546 0.00234189 0.00162265 0.00186201 0.00172165 0.00174635 0.00145298 0.00125578 0.00125486 0.00124327 0.00132661 0.00112484 0.0018024 
0.01355 0.01165 0.0094 0.0148 0.0117 0.01185 0.0156 0.01255 0.0133 0.01555 0.01555 0.01645 0.01605 0.0172 0.0165 0.0162 0.0163 0.01785 0.01805 0.0155 
0.00359826 0.00673999 0.00768375 0.00342929 0.00676831 0.00685036 0.000489898 0.00628868 0.00560446 0.000497494 0.000497494 0.00336861 0.00345652 0.00462169 0.0033541 0.00342929 0.00363456 0.00554324 0.00545413 0.0005 
0.0353102 0.051277 0.0711293 0.0968136 0.1277 0.170828 0.225783 0.295914 0.382618 0.49047 0.611649 0.728265 0.829486 0.901134 0.946211 0.971811 0.985325 0.992513 0.996322 0.998026 
0.00182774 0.00214314 0.00249217 0.00245942 0.00419808 0.00466732 0.00526038 0.004603 0.0066207 0.00621122 0.0054618 0.00556732 0.00505055 0.00269421 0.00269985 0.00222065 0.00178283 0.00134955 0.000707932 0.000634482 
0.72084 0.735906 0.74276 0.752767 0.760436 0.767165 0.773535 0.77911 0.784564 0.789495 0.792115 0.79445 0.796569 0.79734 0.798518 0.798236 0.798375 0.798402 0.798399 0.798456 
0.00673907 0.00763599 0.00638287 0.00385896 0.00360192 0.00346202 0.00346661 0.00243347 0.00187451 0.00218342 0.00135303 0.00124282 0.00144169 0.00137085 0.00145953 0.00108493 0.00106715 0.00118399 0.00092642 0.000980018 
0.721152 0.735833 0.742786 0.758621 0.763105 0.771162 0.778023 0.782217 0.787845 0.793104 0.795828 0.797574 0.800221 0.802004 0.802988 0.80218 0.802828 0.802606 0.802594 0.802609 
0.0203572 0.0174635 0.0157248 0.0072277 0.00835748 0.00623179 0.00465746 0.00456246 0.00364051 0.00290018 0.00189985 0.00210757 0.00176602 0.00138088 0.00138418 0.00138763 0.00111804 0.00135687 0.00113733 0.00157464 
0.0126 0.0142 0.0125 0.00945 0.01405 0.0142 0.01325 0.01315 0.0148 0.0157 0.0157 0.0171 0.01665 0.0179 0.01545 0.0158 0.0165 0.0172 0.0172 0.0165 
0.00444297 0.00474974 0.00626498 0.00772318 0.00470611 0.00474974 0.00558458 0.00554324 0.00342929 0.000458258 0.000458258 0.00465725 0.00353942 0.00552178 0.000497494 0.0004 0.0033541 0.00479166 0.00462169 0.0033541 
1 1 1 1 1 1 1 1 1 1 1 1 1 1 1 1 1 1 1 1 
0 0 0 0 0 0 0 0 0 0 0 0 0 0 0 0 0 0 0 0 
0.799595 0.799163 0.798886 0.799516 0.799523 0.799059 0.799239 0.799061 0.799373 0.799044 0.799121 0.799158 0.799074 0.79894 0.799612 0.799197 0.799321 0.799294 0.799276 0.799049 
0.00104966 0.00126041 0.00147087 0.00129662 0.00114912 0.00118642 0.00120024 0.00110703 0.00142308 0.00102845 0.00149254 0.00126391 0.00157517 0.00126186 0.0011964 0.00107537 0.0014349 0.000697272 0.00108612 0.00123538 
0.804246 0.803584 0.803352 0.804173 0.804097 0.803677 0.803885 0.803536 0.803858 0.8037 0.803778 0.803544 0.803539 0.803677 0.804278 0.80375 0.804063 0.803828 0.804028 0.803578 
0.000986314 0.00130909 0.00151839 0.00139312 0.00107382 0.00134096 0.00113877 0.000998942 0.00152109 0.00104141 0.00153524 0.00148269 0.00161436 0.00125975 0.00125883 0.00129602 0.00158958 0.000739373 0.00114156 0.0014589 
0.0192 0.017 0.0186 0.02185 0.0173 0.0169 0.01805 0.02035 0.01875 0.0161 0.01635 0.01805 0.0163 0.01635 0.0164 0.0185 0.0171 0.0172 0.01865 0.0194 
0.00517301 0.00469042 0.00621611 0.00747847 0.00458367 0.00472123 0.00559888 0.00709419 0.00613901 0.00344819 0.00362319 0.00559888 0.00363456 0.00362319 0.00338231 0.00626498 0.00465725 0.00479166 0.00619092 0.00671118 
0.0369603 0.053221 0.0752915 0.103821 0.142041 0.193363 0.259838 0.346626 0.452149 0.574432 0.697965 0.805365 0.88619 0.937425 0.967222 0.983129 0.991498 0.995527 0.997799 0.998846 
0.000645692 0.00136721 0.00149612 0.0014931 0.00195938 0.00242899 0.00290169 0.00373245 0.00324928 0.00291746 0.00316724 0.00278458 0.00242554 0.00151209 0.000810031 0.00107834 0.000669377 0.000553322 0.000348793 0.000234479 
0.745356 0.757588 0.76881 0.77664 0.783398 0.788983 0.7928 0.795299 0.796554 0.798142 0.798291 0.79897 0.799316 0.798975 0.799637 0.799318 0.799331 0.799138 0.79917 0.799116 
0.00477269 0.00422896 0.00285226 0.00314812 0.00218453 0.00171799 0.0017632 0.00176681 0.00113757 0.0012495 0.00106839 0.00119385 0.00140852 0.00142706 0.00122741 0.00119382 0.00147252 0.000853998 0.00109964 0.00124019 
0.748723 0.762958 0.773622 0.781079 0.787889 0.793852 0.797887 0.800073 0.801267 0.802904 0.802916 0.803388 0.803791 0.803705 0.804269 0.803912 0.804104 0.803748 0.803934 0.80366 
0.00780852 0.00481248 0.00349456 0.00382405 0.00303534 0.00236881 0.00176296 0.00161613 0.00171581 0.00137846 0.00106911 0.00149537 0.00145783 0.00141022 0.00134667 0.00138888 0.0016227 0.000788028 0.0011117 0.00143631 
0.0131 0.0132 0.01335 0.01 0.0139 0.01415 0.01475 0.0158 0.01715 0.01585 0.01865 0.01935 0.0179 0.01865 0.0195 0.0189 0.0179 0.018 0.01795 0.01945 
0.00458148 0.00556417 0.00562383 0.00734847 0.00465725 0.00473577 0.0034187 0.0004 0.00463977 0.000357071 0.00631882 0.00673999 0.0056648 0.00631882 0.0068884 0.00644127 0.0056648 0.00562139 0.00549977 0.00668188 
0.0366268 0.0536854 0.0762128 0.104409 0.141342 0.192701 0.259554 0.3477 0.452124 0.574165 0.697683 0.803905 0.885859 0.937039 0.96718 0.983003 0.99155 0.995381 0.997797 0.998767 
0.00166562 0.00252784 0.00275517 0.00254819 0.00416032 0.00536066 0.00500088 0.00531838 0.00660977 0.00557543 0.00513121 0.00570946 0.00473263 0.00264131 0.00172747 0.00218028 0.00130327 0.00105211 0.000545084 0.000493645 
0.725835 0.739818 0.749852 0.759332 0.768397 0.774274 0.781195 0.78577 0.790532 0.793882 0.795598 0.797016 0.798157 0.798515 0.799496 0.799111 0.799412 0.799111 0.799158 0.798987 
0.00522596 0.00639328 0.00532735 0.003526 0.00296586 0.00311388 0.00224921 0.00196565 0.00128991 0.00139143 0.00173074 0.0012516 0.00176609 0.00149048 0.00129377 0.00101814 0.00137646 0.000929287 0.00115399 0.00137218 
0.727475 0.739932 0.75175 0.763745 0.771814 0.778333 0.786018 0.789989 0.794762 0.798131 0.7999 0.801258 0.802593 0.803221 0.804219 0.80369 0.804136 0.803688 0.803917 0.80351 
0.0140864 0.0121399 0.00912902 0.0039933 0.00417875 0.00343347 0.00248693 0.00277864 0.00208077 0.00179782 0.00166366 0.00142319 0.00188633 0.00155845 0.00128135 0.00131844 0.00156032 0.000862273 0.00120336 0.00160308 
0.01055 0.0118 0.0148 0.01415 0.01495 0.01545 0.01475 0.01385 0.01555 0.0202 0.01635 0.01725 0.0195 0.01885 0.01795 0.02015 0.01785 0.01705 0.0187 0.01955 
0.00618446 0.00682349 0.00342929 0.00473577 0.00345652 0.000497494 0.0034187 0.00463977 0.000497494 0.00730479 0.00339522 0.00477363 0.00665207 0.0062151 0.00564336 0.00722686 0.00554324 0.00484226 0.00616523 0.00685912 
1 1 1 1 1 1 1 1 1 1 1 1 1 1 1 1 1 1 1 1 
0 0 0 0 0 0 0 0 0 0 0 0 0 0 0 0 0 0 0 0 
0.735182 0.734302 0.73452 0.734327 0.735006 0.734811 0.733964 0.734204 0.735026 0.734871 0.735239 0.734517 0.734559 0.734656 0.73595 0.73408 0.735419 0.735693 0.735347 0.735204 
0.00197408 0.00155345 0.00236467 0.002302 0.00142806 0.00240607 0.00200763 0.00207882 0.00234192 0.00205473 0.00229463 0.00229137 0.0019098 0.00259439 0.0016037 0.00213054 0.00189638 0.0014169 0.00242327 0.00135915 
0.741758 0.740926 0.741026 0.740981 0.741512 0.741457 0.740531 0.740859 0.741686 0.741483 0.741885 0.741183 0.741104 0.741401 0.742483 0.740718 0.742126 0.742237 0.74196 0.741685 
0.00202226 0.001264 0.00247893 0.00227093 0.00144366 0.00236508 0.00198283 0.00213421 0.00225608 0.00194049 0.00236892 0.00233947 0.00194326 0.00247097 0.00165665 0.00206695 0.00180374 0.00138895 0.00244284 0.00143851 
5.01065 4.98105 4.97555 4.9756 4.97795 4.9764 4.9789 4.97955 4.9787 4.9757 4.97415 4.9717 4.97095 4.97165 4.9765 4.9758 4.97735 4.97335 4.974 4.97565 
0.0485369 0.00997735 0.00913496 0.00770973 0.00970296 0.0120142 0.0111799 0.0106088 0.016435 0.00923093 0.0123421 0.00864928 0.0140552 0.0120966 0.00694622 0.00915205 0.0103695 0.00789478 0.0103344 0.0104464 
0.0231153 0.0339048 0.0505088 0.0764203 0.116219 0.185436 0.304923 0.490628 0.688492 0.828305 0.909992 0.953574 0.976242 0.988052 0.994175 0.9971 0.998496 0.999264 0.999615 0.999755 
0.000845904 0.00116416 0.0013432 0.00227298 0.00213441 0.0028839 0.00689893 0.00702808 0.00686953 0.00358894 0.00233623 0.00181077 0.000971969 0.000649273 0.000574193 0.00036541 0.000299882 0.000182119 0.000182588 0.000116358 
0.682381 0.697797 0.713097 0.727376 0.73697 0.745134 0.750284 0.749064 0.744628 0.739349 0.738059 0.735384 0.73552 0.735078 0.735224 0.734223 0.734782 0.735209 0.735145 0.735063 
0.00652951 0.00811095 0.00749583 0.00647553 0.00405694 0.00423726 0.0026809 0.00228314 0.00200684 0.00197256 0.00196324 0.00197419 0.00218375 0.00274116 0.00224557 0.002257 0.00218297 0.00184865 0.00211495 0.00146728 
0.689576 0.706431 0.720919 0.733062 0.7414 0.751532 0.756791 0.75489 0.75092 0.745705 0.744679 0.74181 0.742066 0.74172 0.741772 0.740882 0.741508 0.741739 0.741722 0.741574 
0.00911509 0.00955069 0.00920755 0.00849771 0.00501779 0.00503888 0.00292481 0.00234276 0.00224528 0.00222909 0.0019864 0.00207357 0.00226212 0.0027675 0.00235442 0.00227472 0.00215002 0.00178924 0.00209862 0.00142605 
4.84065 4.81585 4.8198 4.82665 4.83525 4.85325 4.8733 4.907 4.9406 4.95295 4.9687 4.9764 4.9773 4.9788 4.9826 4.97625 4.9817 4.98035 4.9842 4.9787 
0.0394313 0.0100114 0.00915205 0.0103936 0.0104875 0.00841353 0.00762299 0.0116276 0.014978 0.0114999 0.0134577 0.0111104 0.0124141 0.0112677 0.0115862 0.00849632 0.0102572 0.00833232 0.00780769 0.0102474 
0.0237724 0.0337491 0.0504767 0.0761264 0.116031 0.186301 0.304575 0.490717 0.687862 0.828989 0.910552 0.953589 0.976245 0.987943 0.994131 0.997085 0.998387 0.999276 0.99956 0.999733 
0.00123492 0.00159327 0.00198974 0.00338776 0.00316341 0.00411105 0.00740479 0.00756133 0.00787799 0.00405668 0.00255503 0.00221069 0.00124835 0.000858018 0.000791916 0.00053391 0.000405061 0.000264325 0.000257129 0.000132928 
0.647443 0.662439 0.678201 0.693368 0.701583 0.71449 0.724316 0.72931 0.732909 0.733544 0.733475 0.734097 0.734473 0.735234 0.734757 0.734411 0.735174 0.73576 0.735454 0.734959 
0.01242 0.00921497 0.00652048 0.00785555 0.00555279 0.00383582 0.00358806 0.00272985 0.00295306 0.00240708 0.00216746 0.00209074 0.00242205 0.00296913 0.00220422 0.00234697 0.00207115 0.00207859 0.00209919 0.00194951 
0.657363 0.670716 0.685047 0.699893 0.708734 0.721532 0.731122 0.735979 0.739591 0.740256 0.740145 0.740637 0.741028 0.741873 0.741346 0.740953 0.741782 0.742305 0.742087 0.741482 
0.0144254 0.00943274 0.00901679 0.00784841 0.00576403 0.00415403 0.00386765 0.00297638 0.00299918 0.00235267 0.002155 0.0020564 0.00241175 0.00287048 0.00227291 0.00231794 0.00205898 0.00200677 0.00211319 0.00198736 
4.83555 4.814 4.82045 4.8227 4.8282 4.8439 4.8665 4.8992 4.9288 4.95295 4.9693 4.97175 4.97945 4.9771 4.98025 4.9812 4.98505 4.9803 4.98195 4.98105 
0.0341928 0.00756307 0.0109657 0.00891123 0.0103663 0.0105162 0.00593717 0.0115482 0.0115482 0.00925999 0.0125383 0.0122019 0.0126352 0.00924608 0.0119284 0.00990757 0.0104282 0.0109275 0.0088627 0.0100572 
0.0155543 0.0224879 0.0334947 0.0487699 0.0719692 0.108705 0.167891 0.273296 0.450595 0.65933 0.810567 0.89837 0.947836 0.9742 0.986679 0.993271 0.996527 0.998412 0.999103 0.999575 
0.000689559 0.000771624 0.00106805 0.00115548 0.00155422 0.00230171 0.0030708 0.00618236 0.00804434 0.0076432 0.00390951 0.00309948 0.00124165 0.00106173 0.000817943 0.000596643 0.000340159 0.00021436 0.000142562 0.000164888 
0.662728 0.684727 0.697579 0.709688 0.723926 0.736358 0.746352 0.752352 0.750904 0.74567 0.740712 0.737444 0.737012 0.735174 0.735666 0.734913 0.735335 0.736335 0.735132 0.735362 
0.0126869 0.0111853 0.00984333 0.00913939 0.00503222 0.00497241 0.00512954 0.00308837 0.00256519 0.00232171 0.00181861 0.00262921 0.00210985 0.00296287 0.00201094 0.00182018 0.00215063 0.00161923 0.00183291 0.0015731 
0.666563 0.691708 0.704316 0.714957 0.731429 0.744327 0.75257 0.758603 0.757272 0.751972 0.747212 0.744096 0.74356 0.741777 0.742188 0.741509 0.741955 0.74287 0.741796 0.741882 
0.0166902 0.0153141 0.0121045 0.00845778 0.00665464 0.00431102 0.00550366 0.00336797 0.00272899 0.00224326 0.0017788 0.00269841 0.00209853 0.00290332 0.00206128 0.00176898 0.00209821 0.00155187 0.00187711 0.00167243 
4.8309 4.8174 4.818 4.82055 4.83045 4.83685 4.8508 4.86805 4.90145 4.93435 4.9498 4.9693 4.9724 4.97955 4.9764 4.9795 4.97795 4.98335 4.9788 4.97735 
0.0411484 0.0105943 0.0101784 0.00981058 0.00910206 0.00900708 0.0116172 0.0127416 0.018277 0.00991602 0.00701855 0.0124784 0.0119432 0.00932456 0.00989141 0.00795299 0.00856432 0.0116845 0.0132876 0.0104464 
0.021858 0.0309752 0.0453364 0.0652603 0.0932936 0.136348 0.204725 0.313035 0.470112 0.651786 0.798207 0.889529 0.943222 0.970601 0.985127 0.99257 0.996142 0.998157 0.999069 0.999545 
0.000851881 0.000859798 0.000722371 0.00182401 0.00205079 0.00260456 0.00376581 0.00623609 0.0047385 0.00534224 0.00494556 0.00236457 0.00138908 0.00134215 0.000820951 0.000685499 0.000497444 0.000292309 0.000214928 0.000165774 
0.681385 0.692743 0.709453 0.722231 0.732907 0.743563 0.751267 0.753177 0.751023 0.745732 0.741063 0.738489 0.736274 0.736197 0.735293 0.734352 0.735288 0.736123 0.7353 0.73516 
0.00586435 0.00812794 0.00776648 0.00426303 0.00526201 0.00485173 0.00302022 0.00334882 0.0029242 0.00217358 0.00139586 0.00234192 0.0027098 0.00275826 0.00207193 0.00223743 0.00222503 0.00230139 0.00187185 0.00165227 
0.686678 0.699958 0.71579 0.728768 0.738456 0.749769 0.758147 0.759678 0.757333 0.752144 0.747569 0.745092 0.742799 0.742812 0.741846 0.741003 0.741918 0.742623 0.741988 0.741624 
0.0102932 0.00806812 0.0113257 0.00502015 0.0056534 0.00596484 0.0034025 0.00361917 0.0028135 0.00227496 0.00136092 0.00246102 0.00260812 0.00275532 0.00207753 0.002223 0.00219912 0.00226019 0.00174918 0.00176214 
4.8364 4.82045 4.81955 4.8256 4.8376 4.8445 4.85705 4.8812 4.90625 4.93345 4.9563 4.96165 4.97415 4.97405 4.98115 4.98015 4.9789 4.97955 4.9803 4.9794 
0.0370451 0.00877767 0.0125279 0.0104614 0.00861626 0.0103562 0.0113423 0.0107499 0.010478 0.0108742 0.0120337 0.00928049 0.0113282 0.00902483 0.0132449 0.00974307 0.0113177 0.0116854 0.0097678 0.00945727 
1 1 1 1 1 1 1 1 1 1 1 1 1 1 1 1 1 1 1 1 
0 0 0 0 0 0 0 0 0 0 0 0 0 0 0 0 0 0 0 0 
0.801939 0.801677 0.800988 0.801704 0.801719 0.801242 0.80127 0.800926 0.801354 0.801368 0.801282 0.800847 0.801018 0.801134 0.801741 0.800531 0.801801 0.800988 0.801549 0.800867 
0.00127591 0.00131018 0.00138197 0.00120777 0.00125061 0.00132448 0.000878902 0.00120872 0.0014786 0.00114897 0.00120338 0.00166339 0.00121489 0.00117951 0.00131156 0.00161473 0.00105141 0.00103183 0.000979296 0.00114473 
0.806692 0.806055 0.805317 0.806429 0.806008 0.805959 0.806012 0.805428 0.805818 0.806164 0.80589 0.80513 0.805495 0.806004 0.806567 0.804809 0.806716 0.80564 0.806482 0.80552 
0.00172445 0.00165294 0.00169128 0.00195424 0.00151309 0.0016208 0.00123403 0.00136704 0.00183104 0.00151786 0.00174102 0.00233561 0.00171618 0.00131375 0.00146608 0.00203656 0.00141241 0.00138591 0.00132798 0.00160986 
2.3361 2.32655 2.32915 2.32445 2.32435 2.32825 2.33385 2.3244 2.33075 2.32685 2.3329 2.3253 2.32515 2.3252 2.3259 2.32145 2.32585 2.3212 2.33065 2.32605 
0.0232785 0.0135073 0.0193372 0.0149214 0.017121 0.0171081 0.0157806 0.0138687 0.0297756 0.0159602 0.0159339 0.0150901 0.0143362 0.018217 0.0183763 0.014281 0.0168857 0.0168481 0.0206162 0.0154773 
0.01901 0.0276529 0.0399343 0.0567805 0.0821263 0.115762 0.163472 0.229402 0.316439 0.426351 0.554866 0.687674 0.801284 0.883455 0.935785 0.966414 0.98302 0.991061 0.995667 0.997762 
0.000741297 0.00106277 0.00119664 0.00145315 0.00214729 0.00191225 0.00286503 0.00219273 0.00345315 0.00302266 0.00328168 0.00266492 0.00296292 0.00194258 0.00145777 0.0012066 0.000784252 0.000747995 0.000556318 0.000321722 
0.714663 0.73346 0.749931 0.762637 0.770961 0.780128 0.786686 0.792076 0.795546 0.797967 0.799192 0.800188 0.80064 0.800593 0.801608 0.800766 0.80168 0.800973 0.801475 0.800971 
0.0077429 0.00517181 0.00449831 0.00364979 0.00313852 0.00250627 0.00141552 0.00186238 0.000894095 0.00125373 0.00144875 0.00147393 0.00155397 0.00101201 0.00112527 0.00156924 0.00120833 0.00106003 0.000999767 0.00119507 
0.722667 0.737756 0.755099 0.768383 0.775583 0.785316 0.792063 0.796655 0.800081 0.802847 0.803833 0.804463 0.805262 0.805561 0.806354 0.805052 0.806607 0.805571 0.806432 0.805631 
0.0127668 0.00747427 0.00704538 0.00573105 0.00491404 0.00305985 0.00264222 0.00202933 0.00165124 0.00184703 0.00229542 0.00228244 0.00183354 0.00142145 0.00130121 0.00198082 0.00165023 0.00142572 0.00140101 0.00172363 
0.0951 0.12885 0.18035 0.25195 0.35575 0.48515 0.659 0.87905 1.1364 1.4125 1.68635 1.92115 2.08975 2.19415 2.2605 2.2885 2.3119 2.316 2.32905 2.3244 
0.00631585 0.00865607 0.00797041 0.00893574 0.0105493 0.0109876 0.0146014 0.0123551 0.0233632 0.0144239 0.0155476 0.0173126 0.0175866 0.0158407 0.017789 0.0165665 0.0177056 0.0143457 0.0190748 0.0171651 
0.110461 0.110402 0.110454 0.110337 0.110345 0.111345 0.112071 0.115819 0.122142 0.137864 0.16897 0.232576 0.343311 0.50764 0.697525 0.851694 0.937817 0.977006 0.991458 0.997063 
0.00172692 0.00137768 0.0013834 0.00175399 0.00176466 0.00132783 0.00165512 0.00114176 0.00141315 0.00171883 0.00218719 0.00287641 0.00296648 0.00259252 0.0025854 0.00250995 0.0010818 0.00100997 0.000716741 0.000323 
0.78205 0.783196 0.782499 0.782517 0.782136 0.782932 0.78247 0.783263 0.784246 0.787197 0.790996 0.793914 0.797149 0.798955 0.800679 0.800388 0.801727 0.801134 0.801539 0.800746 
0.00258454 0.0025055 0.002093 0.00260782 0.00266804 0.00186207 0.00167428 0.00214985 0.0025416 0.00202377 0.00131221 0.00150636 0.00189623 0.00138955 0.00122457 0.00134529 0.001325 0.00126401 0.00099308 0.00116479 
0.787603 0.788867 0.788594 0.788084 0.787619 0.789036 0.788769 0.789096 0.789768 0.792833 0.79636 0.798356 0.801956 0.803965 0.805626 0.804546 0.806651 0.805756 0.806474 0.805413 
0.00336542 0.00315888 0.00243742 0.00281932 0.00330403 0.00227998 0.00258748 0.00237616 0.00332459 0.00196996 0.00176063 0.00203511 0.00226514 0.00179361 0.00150573 0.00204357 0.00146839 0.00148018 0.0013299 0.00161396 
0.918 0.9165 0.91475 0.91665 0.91725 0.91505 0.92435 0.9376 0.9624 1.01175 1.1162 1.30175 1.58025 1.9157 2.2159 2.40245 2.4952 2.52785 2.5474 2.54905 
0.0153199 0.0109293 0.0113837 0.0109831 0.0116999 0.00759918 0.00842778 0.00843445 0.013082 0.0140352 0.0126712 0.0217598 0.0140352 0.0136422 0.0201467 0.0129131 0.0135484 0.0153697 0.019072 0.0103028 
0.110614 0.109908 0.110552 0.109972 0.109626 0.111232 0.112442 0.115147 0.122093 0.138208 0.169726 0.231548 0.343563 0.506887 0.698271 0.85143 0.938964 0.976838 0.991444 0.996937 
0.00300008 0.00206161 0.00266555 0.00173756 0.00210453 0.00252128 0.00257136 0.00260779 0.00280957 0.0031536 0.00321598 0.0037152 0.00479004 0.00445175 0.00480946 0.00414303 0.00172034 0.00162317 0.000925102 0.000579503 
0.764161 0.764791 0.763003 0.763447 0.763027 0.763151 0.763936 0.763946 0.765601 0.769072 0.774558 0.780526 0.788489 0.79314 0.797671 0.798967 0.801015 0.801084 0.801317 0.800865 
0.00369832 0.00455209 0.00329125 0.00376136 0.0038696 0.00474946 0.00467676 0.00281959 0.00300295 0.00363402 0.0031767 0.00250939 0.00141306 0.00167669 0.00162521 0.001859 0.000818539 0.000983647 0.000938106 0.00114619 
0.76876 0.769356 0.766751 0.768096 0.765669 0.769002 0.766291 0.769164 0.768897 0.772342 0.778018 0.782921 0.792702 0.797998 0.802265 0.803383 0.805967 0.805738 0.806199 0.805524 
0.00708304 0.00785299 0.0073354 0.00597208 0.0110447 0.00404127 0.00839178 0.00534314 0.00564132 0.00686035 0.00627077 0.00435646 0.00272972 0.00213511 0.00209724 0.00236232 0.00159653 0.0013411 0.00122705 0.00164215 
0.4329 0.4298 0.4292 0.42425 0.4227 0.4328 0.43455 0.4416 0.46355 0.51325 0.6022 0.7706 1.06555 1.46335 1.91335 2.26035 2.46095 2.5436 2.57945 2.5888 
0.0128915 0.0117073 0.0115352 0.0106952 0.00966488 0.0108931 0.0143334 0.0122572 0.0110882 0.00859578 0.0134707 0.0144167 0.0130402 0.0205968 0.0204482 0.0208453 0.0183725 0.0151275 0.0171915 0.0134112 
1 1 1 1 1 1 1 1 1 1 1 1 1 1 1 1 1 1 1 1 
0 0 0 0 0 0 0 0 0 0 0 0 0 0 0 0 0 0 0 0 
0.801492 0.801255 0.800823 0.801413 0.801354 0.800971 0.801013 0.800924 0.801057 0.801077 0.800847 0.800894 0.800867 0.801191 0.801576 0.800593 0.801524 0.800978 0.801013 0.800946 
0.000982297 0.00119498 0.00104013 0.00125433 0.00121322 0.00100748 0.00110189 0.00137549 0.00133505 0.00110062 0.00122632 0.00167277 0.00146736 0.00133816 0.00142528 0.0011642 0.00103868 0.00109294 0.00121482 0.000754557 
0.805887 0.805298 0.80481 0.805783 0.805453 0.805291 0.805448 0.804981 0.805172 0.805386 0.805081 0.804934 0.805041 0.805694 0.805994 0.804668 0.806014 0.805201 0.805422 0.805198 
0.00131066 0.00143149 0.00105934 0.00179805 0.00136029 0.00116729 0.00114482 0.00136657 0.00138937 0.00110736 0.00164197 0.0020667 0.00158827 0.00139846 0.00152993 0.00147116 0.00137075 0.00115641 0.00139803 0.00139611 
4.00495 3.99365 3.9911 3.98895 3.98905 3.98415 3.9903 3.9904 3.99745 3.98425 3.99585 3.9867 3.9865 3.97795 3.9882 3.98105 3.98975 3.98585 3.9976 3.9913 
0.0425869 0.0236416 0.0262677 0.0231657 0.0235679 0.0295318 0.0278246 0.0212894 0.0304146 0.0250996 0.0291912 0.0239981 0.0268095 0.0236082 0.0259299 0.0243197 0.0241658 0.0218272 0.0287165 0.0232833 
