1 1 1 1 1 1 1 1 1 1 1 1 1 1 1 1 1 1 1 1 
0 0 0 0 0 0 0 0 0 0 0 0 0 0 0 0 0 0 0 0 
0.972375 0.972275 0.97222 0.972397 0.97255 0.972403 0.972307 0.972246 0.972469 0.972446 0.972339 0.972559 0.972423 0.972313 0.972347 0.972372 0.972507 0.972345 0.972339 0.97232 
0.00038973 0.000356683 0.00030645 0.000399584 0.00040046 0.000375763 0.000374476 0.000404221 0.000356083 0.00031616 0.000437607 0.00042001 0.000323471 0.000347442 0.000211837 0.00034697 0.000292919 0.000315119 0.000308886 0.000401136 
0.575962 0.574842 0.574065 0.576121 0.578523 0.576214 0.574732 0.574211 0.577289 0.577018 0.575139 0.578126 0.576827 0.574949 0.575658 0.57602 0.577958 0.575207 0.575682 0.575285 
0.00569406 0.00499106 0.00405882 0.00501355 0.0051035 0.00489618 0.00531092 0.00535569 0.00532456 0.00434468 0.00613127 0.00567061 0.0044224 0.00457119 0.00308994 0.00466886 0.00401431 0.00427333 0.0044027 0.00530021 
0.0346 0.03355 0.03345 0.03435 0.03415 0.03425 0.0352 0.0351 0.0382 0.0344 0.03515 0.03425 0.0344 0.03505 0.035 0.03365 0.0335 0.03435 0.0366 0.0344 
0.00537959 0.00566105 0.00556305 0.00633463 0.00630298 0.00613901 0.00682349 0.00687677 0.00776917 0.00631189 0.00673999 0.00625999 0.00631189 0.00690272 0.0069282 0.00562383 0.00554527 0.00633463 0.00743236 0.0036524 
0.00408726 0.00488902 0.00655583 0.00995611 0.0165482 0.0292472 0.0521639 0.0933176 0.166293 0.274623 0.424292 0.593286 0.739327 0.848458 0.916573 0.956808 0.977684 0.988608 0.994409 0.997121 
0.000227478 0.000317051 0.000310657 0.000822017 0.000818163 0.00139002 0.00238493 0.00355287 0.00373465 0.0080312 0.00699394 0.00812122 0.00416508 0.00212872 0.00255973 0.00145867 0.000801763 0.000476094 0.000330152 0.000239865 
0.969132 0.969709 0.969251 0.969343 0.970966 0.971716 0.973232 0.973543 0.974091 0.974193 0.973901 0.973563 0.973191 0.972819 0.972657 0.972659 0.97252 0.97231 0.972403 0.972416 
0.00235011 0.00123205 0.00105464 0.0014921 0.00121236 0.000955198 0.000731942 0.000702876 0.000643444 0.000443585 0.00044363 0.000465993 0.00032704 0.000354672 0.000360141 0.000353841 0.000294465 0.000352748 0.000351676 0.000434176 
0.116676 0.136115 0.189654 0.254424 0.396333 0.451404 0.513173 0.53966 0.562554 0.575581 0.580476 0.582596 0.58125 0.578696 0.577931 0.579102 0.577481 0.574586 0.576727 0.576585 
0.0296297 0.0548948 0.0708017 0.0751905 0.0368247 0.021888 0.0180431 0.0100452 0.00641699 0.00710536 0.00751302 0.00692836 0.00392752 0.00477191 0.00480154 0.0049548 0.0035902 0.00492284 0.00471492 0.00597039 
0.03715 0.03585 0.0359 0.03435 0.03755 0.03585 0.0351 0.0343 0.03355 0.03575 0.03665 0.0375 0.0373 0.0374 0.03675 0.0374 0.03665 0.03665 0.03275 0.0383 
0.00658995 0.00719913 0.00716868 0.00633463 0.00772318 0.00709419 0.00665507 0.00635689 0.00566105 0.00715454 0.0073978 0.00766485 0.00772075 0.00783837 0.00752911 0.00754586 0.0074985 0.0074985 0.00476314 0.00591692 
0.00404507 0.00483754 0.00654401 0.00987088 0.0166622 0.0294168 0.0519234 0.0938425 0.165779 0.275253 0.423796 0.592986 0.739597 0.848177 0.916568 0.956904 0.977611 0.988516 0.994433 0.997092 
0.000416036 0.000373535 0.000443541 0.00110442 0.00116872 0.00191058 0.00272055 0.00410178 0.00450021 0.0092029 0.00784908 0.0092489 0.00480115 0.00318621 0.00242769 0.00204708 0.0011557 0.000842437 0.000605476 0.000398399 
0.897463 0.910678 0.915605 0.927533 0.93262 0.943832 0.951814 0.957523 0.962346 0.96626 0.968383 0.970023 0.971111 0.971828 0.971977 0.972257 0.972377 0.972174 0.972325 0.972249 
0.0135533 0.0115855 0.00643831 0.00796795 0.00552182 0.00452959 0.00216406 0.00214174 0.0016556 0.000879891 0.000711934 0.000453636 0.000483769 0.000416556 0.000445831 0.000420633 0.000384809 0.000379365 0.000412568 0.000415372 
0.160918 0.171006 0.192647 0.227675 0.247297 0.300652 0.36136 0.403154 0.456153 0.497746 0.524608 0.546086 0.560203 0.568124 0.570601 0.574454 0.576251 0.573411 0.575894 0.57457 
0.0310229 0.0188579 0.0227597 0.0318365 0.0299785 0.02152 0.0120066 0.0225438 0.0104537 0.0101001 0.00823364 0.00581514 0.00547053 0.00520679 0.00622776 0.00538982 0.00511115 0.00521417 0.00612461 0.00571809 
0.03585 0.0359 0.03665 0.0358 0.0374 0.03665 0.0367 0.0374 0.0366 0.0359 0.0358 0.0366 0.03595 0.0366 0.035 0.0368 0.03905 0.03655 0.03825 0.0354 
0.00602723 0.00716868 0.0074985 0.00712461 0.00764461 0.0074985 0.00736274 0.00774209 0.00743236 0.00716868 0.00712461 0.00743236 0.00724206 0.00763151 0.0067082 0.00739324 0.00785796 0.00746642 0.00782224 0.00466262 
1 1 1 1 1 1 1 1 1 1 1 1 1 1 1 1 1 1 1 1 
0 0 0 0 0 0 0 0 0 0 0 0 0 0 0 0 0 0 0 0 
0.976024 0.976056 0.975975 0.976073 0.976059 0.976059 0.976182 0.976096 0.976254 0.976162 0.976158 0.976116 0.976069 0.975985 0.97619 0.976266 0.976076 0.976152 0.97609 0.97608 
0.00039003 0.000454905 0.000402213 0.000356363 0.000371316 0.000324649 0.000267782 0.000369632 0.000376304 0.000443026 0.000384587 0.00037508 0.000266379 0.000326245 0.000351895 0.000369682 0.00030757 0.000436868 0.000374071 0.000437108 
0.612823 0.613985 0.61245 0.613526 0.61354 0.613162 0.614843 0.613313 0.615806 0.615124 0.613835 0.613858 0.613221 0.611828 0.614862 0.615874 0.613198 0.614602 0.614008 0.613068 
0.00523632 0.00651281 0.00581289 0.00568924 0.0046774 0.00451226 0.00477382 0.00492925 0.00601981 0.0063543 0.00538514 0.00550879 0.00316126 0.0047684 0.00530001 0.00544418 0.00456911 0.00628492 0.0062175 0.00630598 
0.03645 0.0366 0.03585 0.0368 0.03515 0.0351 0.03585 0.03435 0.0375 0.0374 0.0375 0.03675 0.0358 0.035 0.03665 0.03425 0.0327 0.03605 0.0366 0.0361 
0.00630456 0.00743236 0.00719913 0.00739324 0.00673999 0.00687677 0.00719913 0.0062151 0.00756637 0.00774209 0.00776209 0.00732718 0.00722911 0.0069282 0.0073978 0.00613901 0.00477598 0.00717966 0.00743236 0.0053 
0.00274876 0.00341885 0.00468732 0.00713731 0.0114972 0.019508 0.033407 0.0583501 0.101923 0.172261 0.281063 0.42835 0.59146 0.737526 0.846499 0.916603 0.95587 0.977392 0.988673 0.994239 
0.00014155 0.000215595 0.000285605 0.00043828 0.000447415 0.000668949 0.000851424 0.00155643 0.00261568 0.00208598 0.00283144 0.00424231 0.00333356 0.00304629 0.00198865 0.00142628 0.000949505 0.00072268 0.000608173 0.000339185 
0.970311 0.971307 0.971811 0.972842 0.974221 0.975328 0.976414 0.977113 0.977835 0.97814 0.977937 0.977786 0.977152 0.976765 0.976544 0.976413 0.97616 0.976155 0.976103 0.976103 
0.00196714 0.00166147 0.0013937 0.00108277 0.00141685 0.000723108 0.000652355 0.000701943 0.000694574 0.000507184 0.000401527 0.000339285 0.00045226 0.000350112 0.000513725 0.000335991 0.000396726 0.000438339 0.000411962 0.000413058 
0.332029 0.361225 0.393561 0.423942 0.461921 0.502993 0.546464 0.574362 0.60095 0.614434 0.618794 0.625013 0.620606 0.617469 0.617085 0.616551 0.613731 0.61442 0.614031 0.613292 
0.0619526 0.0524444 0.0679788 0.049779 0.0507412 0.0228384 0.0144184 0.01355 0.00840096 0.00756118 0.00625352 0.00564712 0.00566 0.00548504 0.00708939 0.0049649 0.00603368 0.0066984 0.00650619 0.00602377 
0.03415 0.03585 0.0352 0.03655 0.0367 0.0366 0.0359 0.0366 0.0352 0.03585 0.0366 0.0366 0.0391 0.03755 0.03825 0.03905 0.03915 0.0381 0.03665 0.039 
0.00467199 0.00719913 0.00671267 0.00736529 0.00746391 0.0075326 0.00727255 0.00743236 0.0066 0.00730257 0.00763151 0.00733076 0.00780961 0.00772318 0.00772577 0.00785796 0.00776064 0.00775822 0.0073978 0.00596657 
0.00272428 0.00345936 0.0046679 0.00705798 0.0115849 0.0197088 0.0333572 0.0587467 0.101955 0.172382 0.280527 0.428034 0.59189 0.73757 0.846297 0.91675 0.955656 0.977155 0.988643 0.994205 
0.000286218 0.000407463 0.000429123 0.000632915 0.000522086 0.000942077 0.00141287 0.00233786 0.00380453 0.00325274 0.00302941 0.00583597 0.00484811 0.00431333 0.00265515 0.002384 0.00152858 0.00126369 0.00105828 0.000549679 
0.943718 0.951628 0.951171 0.957402 0.959749 0.963452 0.965791 0.967749 0.969341 0.971043 0.972507 0.974086 0.974973 0.975399 0.975883 0.975968 0.976033 0.976004 0.976069 0.976075 
0.00735349 0.008816 0.00563292 0.00429692 0.00306746 0.00234302 0.00156679 0.00151207 0.00133841 0.00104101 0.000987239 0.000484935 0.00061297 0.000498504 0.000492412 0.000460789 0.000425269 0.00036344 0.000441593 0.000397805 
0.183994 0.209634 0.212431 0.273238 0.293772 0.357313 0.415613 0.454817 0.493481 0.524092 0.552342 0.580595 0.594288 0.601909 0.609149 0.611495 0.612348 0.612574 0.61346 0.61288 
0.0365636 0.0414614 0.0445108 0.0431065 0.0366081 0.0341717 0.0221133 0.0241745 0.0136188 0.0127414 0.0114952 0.0068725 0.00799526 0.00736734 0.00687206 0.00630732 0.00572401 0.00528639 0.00670189 0.00558089 
0.0373 0.0351 0.0373 0.03515 0.03735 0.03585 0.0382 0.0375 0.0365 0.03665 0.0374 0.0375 0.0373 0.0366 0.03745 0.03815 0.03725 0.0383 0.03745 0.0386 
0.00661891 0.00687677 0.00752396 0.00673999 0.00768294 0.00719913 0.00786511 0.00766485 0.00729726 0.00759786 0.00783837 0.00756637 0.00762299 0.00733076 0.00760575 0.00781201 0.00756224 0.00777882 0.00760575 0.00594475 
1 1 1 1 1 1 1 1 1 1 1 1 1 1 1 1 1 1 1 1 
0 0 0 0 0 0 0 0 0 0 0 0 0 0 0 0 0 0 0 0 
0.982506 0.98243 0.982447 0.982405 0.982588 0.982555 0.982533 0.982521 0.982529 0.982576 0.982554 0.982492 0.982531 0.98261 0.982507 0.982551 0.982454 0.9825 0.982472 0.982496 
0.000233912 0.000263955 0.000257918 0.000216513 0.000227611 0.000278095 0.000207364 0.000231832 0.000248671 0.000224948 0.000202155 0.000227202 0.000319656 0.000238294 0.000163596 0.000218052 0.000230849 0.000249365 0.000309788 0.000237658 
0.665881 0.663706 0.664278 0.663729 0.667095 0.665679 0.666129 0.664578 0.665824 0.666769 0.665519 0.665143 0.665651 0.666872 0.665763 0.666039 0.663567 0.664729 0.665304 0.665469 
0.00473054 0.00543479 0.00541346 0.0038235 0.00500622 0.00549588 0.0050642 0.00438472 0.0052114 0.00473371 0.0039736 0.00485629 0.00530526 0.00498459 0.00367166 0.00480798 0.00450705 0.005066 0.00674148 0.00453944 
0.03835 0.03745 0.03755 0.03665 0.036 0.0366 0.03585 0.03585 0.0391 0.0374 0.03665 0.03815 0.03675 0.0382 0.03975 0.03665 0.0376 0.03655 0.0359 0.0381 
0.00682843 0.00770373 0.00752645 0.0073978 0.0072111 0.0075326 0.00719913 0.00709419 0.00771298 0.00774209 0.00759786 0.00761758 0.00742883 0.00767203 0.00782224 0.0074985 0.00758551 0.00736529 0.00716868 0.00591523 
0.0029454 0.00372774 0.00527893 0.00790446 0.0128703 0.0216525 0.0364588 0.0645995 0.111689 0.188366 0.303477 0.454269 0.616274 0.757227 0.859355 0.924095 0.960063 0.979555 0.989763 0.994833 
0.000148065 0.000277879 0.000189758 0.000389028 0.000391598 0.000634361 0.000806194 0.00118593 0.00212219 0.00231277 0.00233106 0.00432182 0.00295694 0.00281008 0.00142861 0.00114341 0.000901166 0.000467153 0.000534603 0.000298569 
0.971988 0.972788 0.973902 0.974571 0.975999 0.977228 0.978312 0.979356 0.980264 0.981053 0.981623 0.98206 0.98228 0.982385 0.982425 0.982525 0.982458 0.982497 0.982465 0.982497 
0.00107397 0.000929196 0.000929293 0.000994153 0.000588919 0.000517923 0.000431685 0.000380303 0.000323747 0.000249588 0.000250918 0.000219964 0.000213056 0.00022242 0.000215225 0.000219434 0.000213312 0.0002713 0.000291098 0.00026696 
0.324531 0.319774 0.365806 0.382439 0.440731 0.485365 0.525347 0.559985 0.591511 0.618363 0.636231 0.651461 0.657202 0.660681 0.662683 0.665089 0.663226 0.664622 0.665128 0.665447 
0.0669666 0.0649514 0.0684081 0.0613781 0.0423985 0.0263746 0.0143016 0.0149751 0.0114106 0.00686771 0.00637158 0.00498078 0.00564282 0.00506736 0.00433717 0.004937 0.00422401 0.00538454 0.00658818 0.00513808 
0.03755 0.03745 0.0373 0.0374 0.0366 0.0383 0.0367 0.03745 0.03505 0.03905 0.0382 0.03755 0.03895 0.0398 0.03665 0.03825 0.0404 0.03825 0.04135 0.03895 
0.00668936 0.00760575 0.00752396 0.00764461 0.00743236 0.00787464 0.00746391 0.00760575 0.0067932 0.00785796 0.00786511 0.00762545 0.00766469 0.00767203 0.0074985 0.00791754 0.00758551 0.00772577 0.0074985 0.00597892 
0.00294455 0.00378344 0.00524432 0.0078513 0.0129893 0.0218027 0.0364951 0.0648637 0.111927 0.18845 0.303199 0.453929 0.617009 0.757245 0.8591 0.924145 0.95978 0.979275 0.98978 0.994815 
0.000317509 0.000468596 0.000316414 0.000628238 0.000549607 0.00104069 0.00136651 0.00204053 0.00314826 0.0040753 0.00371659 0.00606748 0.00436653 0.00411273 0.00203578 0.00197694 0.00145551 0.00101318 0.000917102 0.000462486 
0.951067 0.956206 0.959305 0.963689 0.966417 0.969694 0.971961 0.97436 0.976012 0.977852 0.979121 0.980385 0.981301 0.981779 0.982102 0.982334 0.982357 0.982421 0.982446 0.982487 
0.00568734 0.00884902 0.00394192 0.00256769 0.00147443 0.00131235 0.000964747 0.000891375 0.000652027 0.000639654 0.000294635 0.000339596 0.000298777 0.000278709 0.000311522 0.000213599 0.000209659 0.000265408 0.000285051 0.000266159 
0.158793 0.167304 0.174043 0.196934 0.225057 0.281613 0.342993 0.433663 0.491135 0.542112 0.579893 0.614708 0.636011 0.648407 0.656071 0.661235 0.662056 0.663042 0.664709 0.665239 
0.0330343 0.0352033 0.0371973 0.0419542 0.0369791 0.0443754 0.0454793 0.0249733 0.0173785 0.0163453 0.0107155 0.00767298 0.0079746 0.0065363 0.00715255 0.00415203 0.00421835 0.00549802 0.00647084 0.00523098 
0.03775 0.03975 0.0376 0.03745 0.04065 0.0389 0.03895 0.0398 0.0406 0.0374 0.0398 0.04045 0.03905 0.0382 0.04135 0.03975 0.0368 0.03975 0.03665 0.04 
0.00671472 0.00772577 0.00758551 0.00770373 0.00758469 0.00790506 0.00776193 0.00776917 0.00774209 0.00774209 0.00786511 0.00762545 0.00766469 0.00767203 0.0074985 0.00791754 0.00739324 0.00772577 0.0074985 0.00594138 
1 1 1 1 1 1 1 1 1 1 1 1 1 1 1 1 1 1 1 1 
0 0 0 0 0 0 0 0 0 0 0 0 0 0 0 0 0 0 0 0 
0.981909 0.981872 0.981882 0.981889 0.982054 0.981917 0.981861 0.981883 0.98192 0.981926 0.981955 0.981896 0.982 0.981922 0.981946 0.981965 0.981971 0.98193 0.98184 0.981915 
0.000233188 0.000268053 0.000277064 0.000281582 0.000235316 0.000275665 0.000261286 0.000294503 0.000212051 0.000226242 0.000205376 0.00025701 0.000228111 0.000251915 0.000280436 0.000234461 0.000239177 0.000277838 0.000261266 0.000285225 
0.667033 0.666538 0.666152 0.666634 0.669759 0.666532 0.666102 0.66587 0.667649 0.667764 0.66664 0.666497 0.668056 0.667126 0.66714 0.667761 0.667851 0.666543 0.666348 0.666362 
0.00434239 0.00505268 0.00464036 0.0050385 0.00441042 0.00484939 0.00497709 0.0051285 0.0044396 0.00437686 0.00403919 0.00480479 0.00388459 0.00397525 0.00443618 0.00502326 0.0047304 0.00541985 0.00523458 0.00537672 
0.04075 0.0382 0.03885 0.04055 0.0389 0.0383 0.04135 0.0382 0.0389 0.0414 0.039 0.0391 0.04045 0.0414 0.03745 0.039 0.04275 0.04065 0.04215 0.04055 
0.00668487 0.00776917 0.00776064 0.00770373 0.00780961 0.00787464 0.0073978 0.00776917 0.00780961 0.0075326 0.00790569 0.00771298 0.00762545 0.00733076 0.00770373 0.00790569 0.00668487 0.00758469 0.00719913 0.00599562 
0.00323994 0.00431429 0.00649506 0.0102827 0.0170647 0.0286514 0.0489442 0.0856958 0.145676 0.238566 0.369485 0.528776 0.683318 0.807844 0.892175 0.942669 0.970185 0.984759 0.992442 0.996122 
0.000136238 0.000293055 0.000263097 0.000422031 0.000582829 0.000934915 0.000966038 0.00176359 0.00251295 0.00299281 0.00390116 0.00294358 0.00296894 0.00199189 0.00103664 0.000838269 0.000728276 0.000448852 0.000357963 0.000220327 
0.972285 0.973334 0.974468 0.975389 0.976788 0.977943 0.97883 0.979827 0.980683 0.981301 0.981635 0.981771 0.981881 0.981929 0.981886 0.981964 0.981965 0.981929 0.981858 0.981908 
0.00102283 0.000992549 0.000817777 0.000899283 0.000683979 0.000360433 0.000364431 0.000371043 0.000331813 0.000276662 0.000261406 0.000262222 0.000157842 0.000228984 0.00029051 0.000240518 0.000266213 0.000284321 0.000266379 0.000272599 
0.323782 0.335439 0.402268 0.425188 0.480713 0.5238 0.555347 0.592198 0.622221 0.641414 0.651139 0.65858 0.662238 0.665368 0.664885 0.667111 0.667335 0.666345 0.666596 0.666217 
0.0587835 0.0676048 0.0425351 0.0604763 0.0332423 0.016954 0.0127076 0.0123083 0.00789653 0.00718283 0.00515116 0.00555888 0.00253199 0.00449026 0.00522443 0.00501803 0.00498813 0.00554741 0.00534138 0.00514275 
0.03865 0.0406 0.04065 0.03825 0.0406 0.0405 0.039 0.04055 0.04225 0.03895 0.04135 0.04285 0.0415 0.0398 0.0429 0.04215 0.04235 0.0428 0.0429 0.04205 
0.00681377 0.00764461 0.00758469 0.00782224 0.00764461 0.00776209 0.00781025 0.00760575 0.00704894 0.00785796 0.0074985 0.00673999 0.00739932 0.00767203 0.00676683 0.00719913 0.00700196 0.00682349 0.00687677 0.00579202 
0.00324753 0.00433539 0.00638029 0.010281 0.0172614 0.0287628 0.0489636 0.0856781 0.146083 0.238927 0.369545 0.529078 0.683559 0.808007 0.892028 0.942633 0.970165 0.984664 0.992435 0.996064 
0.000344283 0.000431301 0.000360557 0.000710725 0.000867989 0.00142997 0.00149525 0.00239864 0.00356119 0.00462694 0.00583545 0.00445341 0.00460125 0.00303997 0.00149701 0.0016184 0.00135748 0.000921099 0.000703466 0.000388607 
0.954292 0.957489 0.962606 0.965649 0.968301 0.971025 0.972891 0.975013 0.976566 0.978208 0.979289 0.980376 0.981053 0.981371 0.981606 0.981849 0.981879 0.981907 0.98181 0.981895 
0.00605017 0.00937816 0.0031802 0.00181902 0.0015292 0.00109371 0.00090073 0.000858301 0.000511167 0.000610674 0.000321279 0.000299783 0.000356923 0.000291578 0.000337576 0.000214256 0.000256677 0.000266502 0.000273538 0.000271132 
0.165832 0.174989 0.197303 0.231687 0.279075 0.348979 0.41734 0.492105 0.541498 0.579529 0.607645 0.633138 0.646907 0.65528 0.660119 0.664988 0.666079 0.665935 0.665891 0.666019 
0.0358112 0.0333674 0.0449758 0.0516027 0.0410757 0.0401196 0.0241062 0.0188932 0.00936357 0.0144661 0.008057 0.00636329 0.00590367 0.00614174 0.00594103 0.00409194 0.00481531 0.0048463 0.00557246 0.00518506 
0.0397 0.0382 0.0389 0.03975 0.0374 0.0383 0.04055 0.0398 0.0397 0.0406 0.0414 0.0413 0.0412 0.04205 0.04455 0.04365 0.0412 0.0407 0.0398 0.0438 
0.00681982 0.00776917 0.00771298 0.00782224 0.00764461 0.00787464 0.00770373 0.00776917 0.00777882 0.00774209 0.0075326 0.00746391 0.007494 0.00724206 0.00556305 0.00609323 0.007494 0.00772075 0.00776917 0.00457821 
1 1 1 1 1 1 1 1 1 1 1 1 1 1 1 1 1 1 1 1 
0 0 0 0 0 0 0 0 0 0 0 0 0 0 0 0 0 0 0 0 
0.975596 0.975724 0.975682 0.975543 0.975653 0.975597 0.975666 0.975569 0.975833 0.975713 0.975617 0.975769 0.975607 0.975708 0.975753 0.975793 0.975663 0.975612 0.975763 0.9756 
0.000282975 0.000307267 0.000357944 0.000253438 0.000359071 0.000324494 0.000303883 0.00034304 0.000315444 0.000295885 0.000408892 0.000349135 0.000319557 0.000313345 0.000279933 0.000208801 0.000395967 0.000300631 0.000214298 0.000278448 
0.62469 0.62641 0.626137 0.623958 0.625408 0.624735 0.625418 0.62362 0.627528 0.626331 0.624659 0.62683 0.624668 0.626067 0.62663 0.627381 0.625797 0.62456 0.62694 0.624804 
0.00437355 0.00410654 0.00508078 0.00361825 0.00490557 0.00439263 0.00416416 0.00450859 0.00438141 0.00398366 0.0058057 0.00481754 0.00418537 0.00445262 0.00431458 0.00323111 0.00550753 0.00386068 0.00332573 0.00389667 
12.8412 12.7983 12.796 12.8022 12.799 12.7913 12.8107 12.792 12.7929 12.7866 12.8201 12.7967 12.814 12.7998 12.8053 12.8121 12.814 12.8193 12.8186 12.9049 
0.0935718 0.0349961 0.0302233 0.0296506 0.0433405 0.027488 0.0318463 0.0236738 0.041803 0.0280631 0.0626159 0.0252509 0.0392798 0.0435112 0.0324504 0.0280807 0.0414222 0.0274698 0.029323 0.123228 
0.00623175 0.00924466 0.0151405 0.026263 0.0487012 0.0911241 0.167632 0.295626 0.467489 0.639949 0.778984 0.875825 0.933847 0.965921 0.982533 0.991309 0.995738 0.997756 0.998894 0.999411 
0.000535191 0.000846668 0.00090978 0.00220856 0.00174679 0.00305249 0.00514547 0.00709462 0.00689772 0.0080454 0.00640241 0.00482313 0.00245117 0.00119726 0.000836243 0.000525909 0.000317241 0.000263793 0.000148735 0.000121001 
0.967928 0.968921 0.970307 0.972192 0.974086 0.975685 0.976565 0.976947 0.976904 0.976586 0.976082 0.975996 0.975871 0.975686 0.975732 0.975805 0.975757 0.975595 0.97573 0.975602 
0.00197659 0.00148861 0.00180832 0.000704557 0.000710444 0.000716028 0.000457463 0.000421084 0.00045721 0.00034527 0.00029893 0.000401278 0.000259052 0.000340501 0.000352238 0.000302247 0.000347925 0.000320209 0.000225441 0.000276192 
0.199161 0.295209 0.408176 0.480272 0.546277 0.590541 0.617106 0.629038 0.633196 0.632565 0.628487 0.628059 0.627613 0.625454 0.626373 0.627596 0.62724 0.624332 0.626374 0.624877 
0.0679583 0.0795917 0.0389891 0.0370492 0.0146007 0.0116346 0.00536517 0.00509228 0.00500424 0.00508147 0.00427687 0.00578825 0.00337569 0.00446119 0.0049343 0.00431252 0.00479796 0.00411818 0.00332418 0.00389975 
12.8044 12.7584 12.7586 12.7647 12.778 12.7624 12.8045 12.7858 12.7872 12.792 12.8179 12.8264 12.8155 12.7999 12.8083 12.8178 12.8285 12.8233 12.8231 12.8963 
0.0943273 0.0214742 0.0289715 0.0278339 0.0328945 0.0327008 0.0525904 0.0322433 0.0407868 0.0291607 0.0405404 0.0617942 0.0386827 0.041308 0.0285784 0.0297461 0.0319851 0.0290811 0.0302676 0.125295 
0.00619462 0.00917461 0.0150907 0.0263904 0.0487054 0.0911444 0.167267 0.295238 0.468062 0.639551 0.778976 0.87574 0.933679 0.965683 0.982433 0.991291 0.995766 0.997796 0.998856 0.999381 
0.000645941 0.00113937 0.00101634 0.00234983 0.00204324 0.00277786 0.00520563 0.00715405 0.00698076 0.00785264 0.0070969 0.00462897 0.00277268 0.0014336 0.0010914 0.000698403 0.000375735 0.000311531 0.000198686 0.000176406 
0.904986 0.918829 0.929975 0.941063 0.947573 0.956533 0.963688 0.968009 0.97204 0.973535 0.974628 0.975205 0.975382 0.975469 0.97562 0.975737 0.975557 0.975651 0.975692 0.975606 
0.0161777 0.00665807 0.00895539 0.0038526 0.00354092 0.00174716 0.00149365 0.000880726 0.000506358 0.000497056 0.000519214 0.000306856 0.000333869 0.000262591 0.00031764 0.000363252 0.000411167 0.000338276 0.000303114 0.000328941 
0.193816 0.212863 0.256471 0.310326 0.358388 0.426667 0.491145 0.538962 0.581646 0.60008 0.612802 0.61971 0.621692 0.622828 0.624718 0.626822 0.624212 0.625205 0.626049 0.624785 
0.0296544 0.0262385 0.021994 0.0183244 0.0219789 0.0146483 0.0146992 0.0100735 0.00628045 0.00597733 0.00658788 0.00361232 0.00472445 0.00355917 0.00513942 0.00503063 0.00614541 0.00460117 0.00419727 0.00456386 
12.81 12.7687 12.7671 12.7601 12.7647 12.7648 12.7857 12.7741 12.7843 12.7819 12.8114 12.8038 12.8178 12.7984 12.8083 12.8201 12.831 12.8168 12.8263 12.8886 
0.0929287 0.0367411 0.0305851 0.0272699 0.0390324 0.0316332 0.0318152 0.028353 0.0374715 0.0274654 0.0332677 0.0273695 0.0320681 0.0306517 0.0283604 0.0288823 0.0417193 0.0312414 0.031153 0.113346 
0.00447464 0.00580555 0.00794751 0.0120179 0.0214145 0.0396405 0.0748325 0.138164 0.256838 0.413612 0.58762 0.742439 0.850641 0.918283 0.957228 0.977759 0.988932 0.994335 0.997146 0.998588 
0.000241253 0.000729314 0.000419141 0.000784813 0.00153466 0.00213188 0.00313452 0.00666287 0.00708807 0.00894059 0.00928832 0.00861431 0.00648735 0.00280221 0.0022952 0.00122751 0.000610147 0.000470663 0.000253293 0.000226348 
0.968678 0.968222 0.969234 0.969997 0.971539 0.97394 0.975755 0.976745 0.977074 0.976988 0.976597 0.976422 0.976006 0.975732 0.975777 0.97579 0.975687 0.975622 0.975658 0.975629 
0.00193643 0.00233994 0.00146826 0.00118843 0.000963314 0.000870114 0.000714533 0.000600759 0.000410126 0.000385762 0.000358953 0.000304708 0.000311348 0.000346365 0.000263654 0.000299483 0.000360457 0.000379876 0.00025827 0.000309503 
0.146935 0.180203 0.28049 0.338472 0.454741 0.537923 0.584873 0.613499 0.627787 0.633555 0.632097 0.631944 0.628064 0.625128 0.626617 0.627215 0.62569 0.624813 0.625354 0.625068 
0.0421321 0.0576005 0.0746115 0.064426 0.0415051 0.0210049 0.0113909 0.0063334 0.00604699 0.00541394 0.005517 0.00404522 0.00400838 0.00476207 0.0038527 0.00420948 0.00523346 0.00541101 0.00369978 0.00448186 
12.8073 12.7686 12.7694 12.7594 12.7702 12.7778 12.7835 12.7741 12.7843 12.7827 12.8093 12.7991 12.8161 12.7998 12.8101 12.8201 12.8302 12.8201 12.8382 12.8868 
0.0835954 0.0372858 0.0348776 0.0282494 0.039446 0.057501 0.0312786 0.0339783 0.0332642 0.0260401 0.0255654 0.0298353 0.0368523 0.0312952 0.0284153 0.0298806 0.0357713 0.0328303 0.0662822 0.118608 
0.0057009 0.00849439 0.0126036 0.0210035 0.0368529 0.0642645 0.112556 0.189374 0.317128 0.477043 0.642115 0.780834 0.875547 0.933186 0.965929 0.982403 0.991106 0.995494 0.997752 0.998885 
0.000310266 0.000958114 0.000692435 0.0014561 0.00133147 0.00253052 0.00458118 0.00529122 0.0064637 0.00933047 0.00725736 0.00832622 0.00311197 0.00171764 0.00157937 0.000644296 0.000481716 0.000320234 0.00017764 0.000191075 
0.96897 0.967934 0.970647 0.971715 0.973356 0.97475 0.976303 0.977111 0.977307 0.97701 0.976471 0.97635 0.975903 0.975722 0.975786 0.975861 0.97568 0.975641 0.975681 0.975647 
0.0021343 0.00289257 0.00194652 0.00117052 0.000812994 0.00118193 0.00076215 0.000438839 0.000421351 0.000335824 0.000418807 0.00022177 0.000317096 0.000337677 0.000290618 0.000286044 0.000400118 0.000444669 0.000249152 0.000241294 
0.19766 0.277919 0.384908 0.466146 0.534308 0.567498 0.606956 0.625297 0.634941 0.636055 0.630756 0.63148 0.627175 0.625247 0.626749 0.628296 0.62592 0.624848 0.625871 0.625395 
0.0506873 0.0538013 0.0631872 0.0375059 0.0272357 0.0191851 0.0103464 0.0063978 0.00545985 0.00561916 0.00568711 0.00378165 0.00444621 0.00447416 0.00391594 0.00417436 0.00559831 0.00610987 0.00375379 0.003339 
12.8097 12.7624 12.7609 12.7709 12.7998 12.7655 12.788 12.7803 12.7981 12.7849 12.8122 12.807 12.8162 12.8037 12.8147 12.8225 12.8318 12.8264 12.8416 12.9117 
0.0925521 0.0307563 0.0330246 0.0254391 0.0771036 0.030554 0.0333047 0.0314231 0.0559436 0.0338288 0.0339719 0.0310065 0.0423138 0.0283987 0.0290927 0.0296522 0.0377619 0.0321098 0.0671136 0.126162 
1 1 1 1 1 1 1 1 1 1 1 1 1 1 1 1 1 1 1 1 
0 0 0 0 0 0 0 0 0 0 0 0 0 0 0 0 0 0 0 0 
0.984664 0.984612 0.984791 0.98458 0.984621 0.98461 0.984646 0.98461 0.984622 0.984613 0.984753 0.984638 0.984692 0.984647 0.98469 0.984726 0.984577 0.984789 0.98458 0.98469 
0.00024901 0.000262646 0.000219459 0.00027794 0.000229473 0.000222432 0.000159351 0.000210792 0.000250611 0.000183695 0.000231502 0.000156191 0.000200177 0.000249582 0.000183079 0.000206856 0.000190955 0.000214411 0.000188145 0.000252819 
0.713611 0.711573 0.715558 0.711235 0.711378 0.710361 0.711848 0.711337 0.71127 0.712326 0.713211 0.713036 0.713713 0.713389 0.714513 0.713346 0.711455 0.714375 0.711232 0.713511 
0.00466529 0.00626748 0.00444996 0.00492554 0.00596516 0.005298 0.00491405 0.0049157 0.00611495 0.00513469 0.00512254 0.00404147 0.00472382 0.00369258 0.00430974 0.00461185 0.00403754 0.00475752 0.00367326 0.00449925 
0.46685 0.4617 0.45855 0.46255 0.46485 0.4633 0.4634 0.45855 0.46405 0.46415 0.4672 0.4655 0.4642 0.4641 0.46565 0.4625 0.4633 0.4648 0.4648 0.4682 
0.00815031 0.00772075 0.0104522 0.00743287 0.0105749 0.00878692 0.00971802 0.00772318 0.00684452 0.00818703 0.00588727 0.00895824 0.0108194 0.00844334 0.00754503 0.0075 0.00718401 0.00796618 0.0064 0.00934666 
0.00259516 0.00314963 0.00416406 0.00590008 0.0096447 0.0164149 0.0286961 0.0501207 0.0889501 0.155801 0.260173 0.404378 0.567461 0.720636 0.835408 0.909636 0.952045 0.97534 0.987488 0.993826 
0.000134279 0.000132412 0.000275915 0.000301587 0.000465519 0.000630191 0.000980743 0.00167956 0.00178842 0.00225011 0.00263182 0.00431382 0.00406403 0.00282983 0.00226899 0.00157316 0.00128388 0.000769952 0.000379989 0.000314132 
0.969505 0.969284 0.971444 0.97238 0.974021 0.976565 0.97814 0.979934 0.981241 0.982616 0.983381 0.983943 0.984284 0.984477 0.984537 0.984623 0.984627 0.984713 0.984609 0.98464 
0.00278318 0.00284153 0.00151501 0.00150317 0.00127007 0.000926265 0.000787854 0.000443332 0.000355515 0.000290492 0.000242577 0.000204167 0.00017369 0.000269023 0.000243193 0.000251889 0.000258894 0.000159246 0.000162625 0.00023437 
0.341139 0.335199 0.367272 0.386067 0.44065 0.509777 0.552627 0.597338 0.628274 0.662519 0.681527 0.696329 0.703588 0.708608 0.711299 0.711505 0.712539 0.712266 0.711643 0.712449 
0.0617065 0.0544026 0.0658155 0.0673084 0.0617356 0.0409203 0.0346365 0.0163729 0.0135171 0.00979263 0.0073519 0.00661451 0.00476813 0.00398814 0.0054047 0.00581296 0.00515691 0.00363103 0.00381548 0.00412245 
0.05645 0.05925 0.0617 0.0678 0.07565 0.0913 0.1116 0.14215 0.18345 0.23165 0.29405 0.34 0.3883 0.42095 0.44205 0.4509 0.4619 0.46035 0.46525 0.466 
0.00713074 0.00639433 0.00340735 0.007494 0.0055971 0.00744379 0.00876584 0.00833832 0.00991199 0.0102483 0.0101906 0.00926283 0.00841487 0.00972869 0.0074194 0.00967936 0.0103484 0.00765686 0.00638651 0.00863134 
0.00916111 0.00962528 0.0107739 0.0124044 0.0161229 0.0230669 0.0356359 0.0573297 0.0975829 0.168216 0.274648 0.422341 0.583493 0.732603 0.84277 0.913908 0.954702 0.97649 0.988135 0.994113 
0.000544879 0.000523248 0.000681757 0.000617596 0.000908551 0.000700174 0.000943415 0.00193246 0.00246175 0.00282328 0.00437439 0.00347527 0.00341973 0.00277786 0.00222859 0.00175835 0.000914763 0.000656469 0.000332242 0.000286093 
0.980819 0.981194 0.981051 0.980926 0.981199 0.98149 0.981725 0.982366 0.982911 0.983383 0.983861 0.984205 0.984529 0.984549 0.984613 0.984691 0.984594 0.984734 0.984594 0.984692 
0.000854361 0.000807646 0.000792638 0.00115755 0.000751285 0.000645506 0.000602587 0.000483876 0.000370974 0.000343955 0.000290657 0.000233249 0.0002011 0.000210441 0.000193293 0.000190741 0.000186884 0.000185476 0.000148677 0.000231182 
0.601391 0.609964 0.609503 0.603313 0.610592 0.623369 0.630089 0.646402 0.661927 0.677833 0.689976 0.701156 0.70856 0.70964 0.71304 0.712405 0.711542 0.713238 0.711648 0.713469 
0.0291912 0.0299949 0.0353239 0.0393334 0.0323746 0.0235043 0.0239829 0.0159875 0.0138834 0.00953966 0.00781999 0.00601424 0.00530774 0.0037622 0.00461929 0.00403725 0.00387216 0.00439733 0.00316076 0.0043709 
0.2165 0.21685 0.21915 0.22155 0.23165 0.2434 0.25635 0.2783 0.31345 0.3549 0.40485 0.454 0.49225 0.5235 0.54145 0.553 0.55455 0.5584 0.5602 0.5635 
0.00842912 0.00463977 0.00783757 0.00793395 0.00754503 0.0092 0.00793269 0.0102474 0.00962016 0.0119118 0.0135288 0.00977753 0.00756885 0.00912414 0.00706735 0.010469 0.00774258 0.00930806 0.00697567 0.00951052 
0.00916617 0.00962444 0.0108313 0.0123023 0.0159499 0.0230754 0.03596 0.0574285 0.097388 0.168155 0.274519 0.422439 0.583354 0.73221 0.842691 0.914427 0.954816 0.976327 0.988094 0.99406 
0.000796604 0.00071294 0.000854506 0.000834674 0.00103678 0.000924842 0.00161143 0.00263243 0.00319495 0.00298265 0.00483336 0.00448227 0.00420588 0.00400243 0.00246288 0.00272996 0.00108729 0.000970106 0.000729017 0.000538569 
0.95708 0.958726 0.959765 0.96109 0.961712 0.965524 0.968485 0.971618 0.974935 0.978024 0.980354 0.982082 0.983028 0.983856 0.98425 0.984526 0.984471 0.98467 0.984538 0.984659 
0.00346409 0.00278126 0.00318444 0.00262528 0.00303594 0.0021525 0.00128423 0.000877638 0.000856976 0.000604626 0.000531031 0.000343375 0.000340292 0.000270406 0.000282082 0.000295932 0.000237449 0.000250049 0.000146904 0.000229473 
0.239174 0.249579 0.267267 0.27609 0.294807 0.37014 0.416809 0.461817 0.527534 0.582258 0.630584 0.663822 0.680898 0.69622 0.70584 0.709768 0.709475 0.711457 0.71027 0.712308 
0.0408687 0.0552007 0.0386278 0.0423964 0.0440042 0.0437607 0.0315052 0.0307236 0.0240754 0.0170827 0.00808143 0.00911436 0.00774639 0.00580524 0.00604042 0.00579949 0.00491942 0.00563088 0.00336939 0.00498115 
0.0594 0.05535 0.05765 0.0585 0.06165 0.06625 0.082 0.09585 0.12175 0.16315 0.21685 0.2825 0.35335 0.4212 0.4703 0.49675 0.5171 0.525 0.53055 0.5379 
0.00514198 0.0078694 0.00698051 0.0068884 0.00596049 0.00679614 0.0069282 0.0102141 0.00625999 0.00922104 0.00686495 0.00993227 0.0102141 0.0111068 0.00883799 0.0103531 0.00742226 0.00745654 0.00989179 0.00989394 
1 1 1 1 1 1 1 1 1 1 1 1 1 1 1 1 1 1 1 1 
0 0 0 0 0 0 0 0 0 0 0 0 0 0 0 0 0 0 0 0 
0.985466 0.985441 0.985489 0.985438 0.985373 0.985401 0.985505 0.98548 0.98526 0.985466 0.98547 0.985458 0.985469 0.985335 0.985467 0.985458 0.985479 0.985424 0.985394 0.985465 
0.000156846 0.000305109 0.00031955 0.000245827 0.000227047 0.000257255 0.000251599 0.000349192 0.000285605 0.000154927 0.000337002 0.000170844 0.000231981 0.000248678 0.000234977 0.000230167 0.000248879 0.000214734 0.000305566 0.000225378 
0.737398 0.737461 0.738587 0.737071 0.735656 0.735155 0.738261 0.737742 0.733339 0.73748 0.736798 0.737484 0.73796 0.735419 0.737171 0.736467 0.737942 0.735772 0.735912 0.737382 
0.0033849 0.0052346 0.00509338 0.0042658 0.00424953 0.00424262 0.00438035 0.00623228 0.00564799 0.00337193 0.00617372 0.00376933 0.00378094 0.00465127 0.00433532 0.00474715 0.00409506 0.00411302 0.00545575 0.00489006 
2.19045 2.18175 2.1373 2.1536 2.1786 2.15225 2.17315 2.1623 2.1489 2.15585 2.1646 2.17455 2.18005 2.17165 2.19265 2.19185 2.18245 2.18395 2.1871 2.1899 
0.0619713 0.0656109 0.0542919 0.0542866 0.0685612 0.074232 0.0695667 0.0849659 0.0979025 0.0870128 0.065028 0.0621446 0.0568273 0.0747498 0.0589324 0.0801638 0.0630186 0.0642312 0.0705648 0.0847295 
