APE
que 0.00195602 0.00343981 0.00673519 0.0127269 0.0232069 0.0392477 0.0695894 0.114686 0.198367 0.298445 0.443438 0.601772 0.744151 0.850822 0.919495 0.956687 0.978069 0.988783 0.994382 0.997149 
std_que 0.000646213 0.000791282 0.00143181 0.00262695 0.00525766 0.00619872 0.00674301 0.00958342 0.0141612 0.00781003 0.0158962 0.01059 0.00693439 0.0072127 0.00264418 0.0017597 0.00122056 0.000542157 0.000178775 0.00013878 
acc 0.99869 0.998944 0.998807 0.998856 0.998854 0.998836 0.998751 0.998688 0.998555 0.998382 0.998303 0.998322 0.998263 0.998226 0.998248 0.99822 0.998256 0.998231 0.998228 0.998238 
std_acc 0.000699871 0.000156847 0.000360651 0.000134386 0.000119902 9.59618e-05 8.73652e-05 9.05741e-05 9.49198e-05 9.13751e-05 7.59654e-05 0.000103132 6.78695e-05 4.9897e-05 7.63313e-05 6.19662e-05 8.05223e-05 5.89256e-05 4.26605e-05 5.95839e-05 
f1 0.000236407 0 0 0.00134836 0.00153367 0.00450312 0.00371143 0.0120824 0.0285313 0.0722079 0.107288 0.158364 0.160938 0.163955 0.182098 0.170848 0.191535 0.181745 0.178603 0.185038 
std_f1 0.00103047 0 0 0.00405518 0.00460285 0.00690025 0.00643757 0.0110407 0.0150903 0.0400989 0.0331184 0.050255 0.0293901 0.0239365 0.0331101 0.0267872 0.0352229 0.0240717 0.0181223 0.0265218 
time 0.0533945 0.0530456 0.0534474 0.0535008 0.0535764 0.0518515 0.05794 0.0547655 0.0570641 0.0579074 0.0584695 0.0587202 0.0547902 0.0527358 0.053973 0.0504283 0.0501721 0.0497463 0.0497488 0.0500378 
std_time 0.0024925 0.0024721 0.00257016 0.00275687 0.00291243 0.00298621 0.00463916 0.00350314 0.00228413 0.00271114 0.00254055 0.00338638 0.00271292 0.0018213 0.00244817 0.000333033 0.000424746 0.000275459 0.000287907 0.000621192 
APAII
que 0.00127315 0.00216111 0.00388889 0.00708009 0.0131009 0.0244347 0.0463412 0.0877829 0.161191 0.278687 0.436675 0.607878 0.75649 0.860981 0.925118 0.961119 0.980161 0.989929 0.994969 0.997437 
std_que 5.7787e-05 0.000109494 0.000147336 0.000188745 0.000384041 0.000898899 0.00130667 0.00216458 0.00310989 0.00259061 0.00206096 0.00204012 0.00134781 0.00101717 0.000943596 0.00054606 0.000264163 0.00041905 0.000153083 0.000163784 
acc 0.998989 0.998991 0.998991 0.998991 0.998991 0.998991 0.998991 0.998991 0.998991 0.998991 0.998991 0.998991 0.998991 0.998991 0.998991 0.998991 0.998991 0.998991 0.998991 0.998991 
std_acc 6.05403e-06 0 0 0 0 0 0 0 0 0 0 0 0 0 0 0 0 0 0 0 
f1 0 0 0 0 0 0 0 0 0 0 0 0 0 0 0 0 0 0 0 0 
std_f1 0 0 0 0 0 0 0 0 0 0 0 0 0 0 0 0 0 0 0 0 
time 0.0585106 0.0585136 0.0591556 0.0588912 0.0592757 0.0574557 0.0635602 0.0599997 0.0627482 0.0640631 0.0641009 0.0653504 0.0597769 0.0579146 0.0588916 0.0556471 0.0554555 0.0549752 0.0551048 0.055359 
std_time 0.00348093 0.00275145 0.00304347 0.00364694 0.00318385 0.00367872 0.00527026 0.00353859 0.00284522 0.00219271 0.00329203 0.00430713 0.00324912 0.00184204 0.00255795 0.000454356 0.000473758 0.000229167 0.000321617 0.000820156 
ASOP
que 0.00689537 0.0102296 0.021519 0.0391616 0.0709769 0.12591 0.21206 0.346406 0.503394 0.667458 0.799753 0.885931 0.940058 0.969458 0.984331 0.99202 0.995888 0.998008 0.999018 0.999497 
std_que 0.00249492 0.00142604 0.0049043 0.00460691 0.00468666 0.00942033 0.0127441 0.0115917 0.00966606 0.00951799 0.00815576 0.00275467 0.00267345 0.00127145 0.000734074 0.00041808 0.000230503 0.000146194 8.3019e-05 8.25205e-05 
acc 0.998736 0.998687 0.998697 0.99864 0.998745 0.998812 0.998932 0.998973 0.998981 0.998984 0.998978 0.99897 0.998979 0.998964 0.998975 0.998967 0.998967 0.998965 0.998965 0.998956 
std_acc 0.000366747 0.000237813 0.000222393 0.000160863 9.51713e-05 8.77568e-05 7.42634e-05 6.27242e-05 4.44058e-05 3.38786e-05 4.43479e-05 5.01712e-05 2.94082e-05 3.48024e-05 4.9368e-05 4.31798e-05 3.69762e-05 4.73582e-05 4.13957e-05 3.51212e-05 
f1 0.00347734 0.00284288 0.00377024 0.0251276 0.142705 0.342026 0.43152 0.484074 0.505059 0.518166 0.52039 0.519028 0.524267 0.517998 0.523253 0.519526 0.520954 0.519186 0.519495 0.514964 
std_f1 0.0076698 0.00691892 0.0118867 0.042754 0.127752 0.0747846 0.0497471 0.0357607 0.0228137 0.0131497 0.0209888 0.0228663 0.0135658 0.0157478 0.0207022 0.0189451 0.016477 0.0207422 0.0180349 0.0156462 
time 8.45018 8.45717 8.48563 8.48352 8.51715 8.4378 8.719 8.60821 8.80957 8.86655 8.84119 8.89218 8.58444 8.48537 8.43117 8.33332 8.31806 8.30705 8.31217 8.37737 
std_time 0.0402173 0.0637028 0.0375561 0.0402098 0.0634586 0.0969137 0.194172 0.126668 0.234345 0.186578 0.175995 0.249586 0.195373 0.0857285 0.053894 0.0281503 0.0269051 0.0217325 0.00846118 0.20087 
AROW
que 1 1 1 1 1 1 1 1 1 1 1 1 1 1 1 1 1 1 1 1 
std_que 0 0 0 0 0 0 0 0 0 0 0 0 0 0 0 0 0 0 0 0 
acc 0.999425 0.999425 0.999425 0.999425 0.999425 0.999425 0.999425 0.999425 0.999425 0.999425 0.999425 0.999425 0.999425 0.999425 0.999425 0.999425 0.999425 0.999425 0.999425 0.999425 
std_acc 4.07723e-05 4.07723e-05 4.07723e-05 4.07723e-05 4.07723e-05 4.07723e-05 4.07723e-05 4.07723e-05 4.07723e-05 4.07723e-05 4.07723e-05 4.07723e-05 4.07723e-05 4.07723e-05 4.07723e-05 4.07723e-05 4.07723e-05 4.07723e-05 4.07723e-05 4.07723e-05 
f1 0.654035 0.654035 0.654035 0.654035 0.654035 0.654035 0.654035 0.654035 0.654035 0.654035 0.654035 0.654035 0.654035 0.654035 0.654035 0.654035 0.654035 0.654035 0.654035 0.654035 
std_f1 0.0295755 0.0295755 0.0295755 0.0295755 0.0295755 0.0295755 0.0295755 0.0295755 0.0295755 0.0295755 0.0295755 0.0295755 0.0295755 0.0295755 0.0295755 0.0295755 0.0295755 0.0295755 0.0295755 0.0295755 
time 0.066049 0.066049 0.066049 0.066049 0.066049 0.066049 0.066049 0.066049 0.066049 0.066049 0.066049 0.066049 0.066049 0.066049 0.066049 0.066049 0.066049 0.066049 0.066049 0.066049 
std_time 0.00189109 0.00189109 0.00189109 0.00189109 0.00189109 0.00189109 0.00189109 0.00189109 0.00189109 0.00189109 0.00189109 0.00189109 0.00189109 0.00189109 0.00189109 0.00189109 0.00189109 0.00189109 0.00189109 0.00189109 
AAROW
que 0.0002375 0.000435185 0.000850463 0.00158611 0.00319769 0.00589398 0.0117606 0.023025 0.0415833 0.0792097 0.139262 0.228454 0.353978 0.515008 0.672398 0.79965 0.887482 0.940032 0.968961 0.984325 
std_que 6.19246e-05 9.72883e-05 0.000163716 0.000274925 0.00041045 0.000754459 0.00129835 0.00289372 0.00410091 0.00481011 0.0091361 0.00983811 0.0103659 0.009947 0.00703382 0.00602764 0.00374366 0.00180855 0.000989657 0.000637359 
acc 0.998835 0.998916 0.998893 0.998955 0.998922 0.998919 0.99897 0.998965 0.998958 0.998994 0.999123 0.999252 0.999367 0.999394 0.999397 0.999411 0.999428 0.999421 0.999429 0.999422 
std_acc 0.000680069 0.000326917 0.000293877 0.000117351 0.000135403 0.000120836 2.66113e-05 2.42515e-05 2.45807e-05 5.64948e-05 9.51994e-05 6.0121e-05 4.20532e-05 3.39576e-05 3.88337e-05 3.67203e-05 3.65242e-05 3.72102e-05 4.42221e-05 3.85568e-05 
f1 0 0.00177936 0 0.00060241 0 0 0.000862069 0 0.0033489 0.0943401 0.299793 0.477876 0.594157 0.6197 0.626229 0.639728 0.652207 0.648394 0.651885 0.643194 
std_f1 0 0.00775605 0 0.00262584 0 0 0.00375767 0 0.0112628 0.109678 0.137278 0.0629165 0.0328203 0.0300304 0.0260732 0.0238039 0.020777 0.0271443 0.0269289 0.0262153 
time 0.0529419 0.0538927 0.0550872 0.0544663 0.0545775 0.0545395 0.05916 0.0577143 0.0592466 0.0614401 0.0653648 0.0673586 0.0663577 0.0668125 0.0674168 0.0670059 0.0671153 0.0669049 0.0669736 0.0672371 
std_time 0.0021899 0.00172904 0.00114565 0.001319 0.0018036 0.00177462 0.00394654 0.00195933 0.00253912 0.00243853 0.00230351 0.00340117 0.00130602 0.00135639 0.00229427 0.000674475 0.000462114 0.000435651 0.00052227 0.000838485 
AAROW2
que 0.0604681 0.0731019 0.0565398 0.0609574 0.0731329 0.0680185 0.0736083 0.0598329 0.0608287 0.0601569 0.0746491 0.0653981 0.0861542 0.100409 0.142546 0.202119 0.295802 0.421636 0.58159 0.728313 
std_que 0.0509846 0.041412 0.0355775 0.0683063 0.0442272 0.0623082 0.0722445 0.0415328 0.055156 0.04149 0.0363649 0.045383 0.04021 0.0211301 0.026626 0.0211367 0.0173566 0.0133923 0.0130709 0.00902067 
acc 0.998986 0.998988 0.998987 0.998986 0.998989 0.998988 0.998985 0.998986 0.998987 0.998986 0.998985 0.998983 0.998977 0.998978 0.999033 0.999208 0.999331 0.9994 0.999425 0.999415 
std_acc 9.47662e-06 6.61243e-06 6.80414e-06 8.01875e-06 4.72131e-06 8.33333e-06 8.9173e-06 8.53662e-06 5.29885e-06 6.86685e-06 5.39903e-06 8.9173e-06 1.38889e-05 1.58425e-05 8.46336e-05 8.99388e-05 5.02992e-05 5.22861e-05 3.06081e-05 3.35896e-05 
f1 0 0 0 0 0 0 0 0 0 0 0 0 0 0.011152 0.127793 0.404303 0.549395 0.615522 0.647802 0.63824 
std_f1 0 0 0 0 0 0 0 0 0 0 0 0 0 0.0281098 0.143765 0.115612 0.0448717 0.0383128 0.0234236 0.0225007 
time 1.33843 1.33647 1.34565 1.34461 1.34082 1.34387 1.3812 1.36183 1.38307 1.40092 1.40817 1.42365 1.35812 1.34359 1.36304 1.33 1.33144 1.33045 1.33158 1.32876 
std_time 0.0204315 0.0244389 0.023329 0.0216294 0.0166131 0.0466736 0.0352817 0.0213153 0.0354634 0.0521597 0.0539478 0.080016 0.0429739 0.017197 0.0295085 0.00155294 0.00298501 0.00215757 0.00327625 0.00369446 
RAROW
que 0.0604255 0.0729301 0.0563056 0.0610495 0.0730519 0.0678569 0.0736875 0.060037 0.0606856 0.0602778 0.0748727 0.0653593 0.0863069 0.10055 0.142429 0.202212 0.295686 0.421256 0.581287 0.728817 
std_que 0.0506653 0.0414804 0.0354331 0.0680834 0.0441975 0.0618811 0.0726634 0.0418703 0.0550014 0.0416982 0.036185 0.0451231 0.0404056 0.0211581 0.026871 0.0209852 0.0173999 0.0141349 0.013227 0.00913278 
acc 0.998266 0.998413 0.998325 0.998183 0.99835 0.998224 0.998461 0.998481 0.998011 0.998473 0.998511 0.998496 0.998638 0.998677 0.998732 0.998822 0.998973 0.999139 0.999255 0.99935 
std_acc 0.00130192 0.000782384 0.00101992 0.000624117 0.000667379 0.000668672 0.000511442 0.000347728 0.00193511 0.000402612 0.000354566 0.000401316 0.000182932 0.00017089 0.000125322 8.403e-05 0.000117374 7.73841e-05 6.38486e-05 4.90194e-05 
f1 0.0306022 0.0121923 0.00807234 0.0254536 0.0171553 0.0286973 0.0242623 0.013403 0.0168621 0.0131825 0.00978195 0.0292901 0.0207759 0.0154763 0.060201 0.0868566 0.24898 0.413922 0.518495 0.592381 
std_f1 0.0830628 0.0232796 0.0121335 0.0443612 0.0239905 0.0922205 0.0594693 0.0226177 0.0417251 0.029603 0.0173036 0.0554285 0.0527803 0.0295582 0.0891772 0.085584 0.114839 0.0724303 0.0697068 0.0409232 
time 0.0560678 0.0565383 0.0564779 0.0567163 0.0573263 0.0550018 0.0608882 0.0580972 0.0602598 0.0610982 0.0615953 0.0618572 0.0575842 0.0568715 0.0588024 0.05616 0.0575078 0.0593128 0.0613679 0.0630299 
std_time 0.00241984 0.00223085 0.00274157 0.00224116 0.00270165 0.00361985 0.0044489 0.00274216 0.00228336 0.00320484 0.00235623 0.00324868 0.00241369 0.00158223 0.00224029 0.000778215 0.00110112 0.000668609 0.00103154 0.000897581 
AROWC
que 1 1 1 1 1 1 1 1 1 1 1 1 1 1 1 1 1 1 1 1 
std_que 0 0 0 0 0 0 0 0 0 0 0 0 0 0 0 0 0 0 0 0 
acc 0.998991 0.998991 0.998991 0.998991 0.998991 0.998991 0.998991 0.998991 0.998991 0.998991 0.998991 0.998991 0.998991 0.998991 0.998991 0.998991 0.998991 0.998991 0.998991 0.998991 
std_acc 0 0 0 0 0 0 0 0 0 0 0 0 0 0 0 0 0 0 0 0 
f1 0 0 0 0 0 0 0 0 0 0 0 0 0 0 0 0 0 0 0 0 
std_f1 0 0 0 0 0 0 0 0 0 0 0 0 0 0 0 0 0 0 0 0 
time 0.652181 0.652181 0.652181 0.652181 0.652181 0.652181 0.652181 0.652181 0.652181 0.652181 0.652181 0.652181 0.652181 0.652181 0.652181 0.652181 0.652181 0.652181 0.652181 0.652181 
std_time 0.0342097 0.0342097 0.0342097 0.0342097 0.0342097 0.0342097 0.0342097 0.0342097 0.0342097 0.0342097 0.0342097 0.0342097 0.0342097 0.0342097 0.0342097 0.0342097 0.0342097 0.0342097 0.0342097 0.0342097 
