APE
que 0.00189078 0.00329778 0.0051474 0.0096572 0.0165521 0.0281413 0.0499091 0.0838688 0.146605 0.252636 0.401864 0.5761 0.733073 0.845829 0.916506 0.956612 0.977815 0.988766 0.994308 0.997131 
std_que 0.000364389 0.000777362 0.000545501 0.000844666 0.00137263 0.001394 0.00251694 0.00245539 0.00325943 0.0050881 0.0060685 0.0047706 0.00367075 0.00194721 0.00109771 0.000694746 0.000527175 0.00023048 0.000185228 0.000123718 
acc 0.988737 0.989001 0.989214 0.989199 0.989241 0.988863 0.988507 0.988063 0.987419 0.986474 0.985565 0.9848 0.984257 0.983939 0.983721 0.98357 0.983504 0.983468 0.983429 0.98346 
std_acc 0.00109489 0.00108455 0.00104618 0.000670418 0.000393773 0.000434687 0.000289676 0.000273112 0.000260911 0.000181075 0.000185881 0.000143843 0.000156367 0.000133077 0.00011526 0.000172276 0.00014514 0.000162906 0.000180568 9.67407e-05 
f1 0.00330619 0.00305534 0.00575366 0.00976201 0.0188723 0.0392324 0.0607194 0.0779314 0.0995087 0.116417 0.124302 0.126664 0.131325 0.131907 0.132767 0.13107 0.131929 0.130458 0.129951 0.13209 
std_f1 0.00317767 0.00363485 0.00808891 0.0071471 0.00821914 0.0151712 0.0133025 0.0118907 0.0084872 0.0101401 0.00713109 0.00786963 0.00696514 0.00697843 0.00622006 0.00882942 0.00728942 0.00789926 0.00976999 0.00497221 
time 0.054103 0.0535553 0.0547587 0.0548489 0.0524229 0.0535947 0.0525612 0.0544588 0.0543486 0.053186 0.0533399 0.0536577 0.0531366 0.0542586 0.0540697 0.0551387 0.0535515 0.0522866 0.0539165 0.0533786 
std_time 0.00224766 0.000870431 0.000241515 0.000230834 0.000400221 0.00142412 0.000370605 0.000797911 0.000853398 0.000538343 0.000884973 0.000979136 0.000671468 0.00136956 0.00120272 0.00180773 0.00133451 0.000810051 0.00160145 0.00121415 
APAII
que 0.00167793 0.00274954 0.00460554 0.00832871 0.0154087 0.0292607 0.055538 0.102499 0.180854 0.299578 0.452841 0.618516 0.761614 0.863577 0.926364 0.961807 0.980441 0.990132 0.995023 0.997495 
std_que 4.44895e-05 8.98219e-05 0.000139385 0.000178815 0.000306866 0.000503714 0.000745793 0.00085695 0.000892959 0.00115948 0.00103796 0.00175456 0.00108433 0.000749879 0.000405055 0.000438415 0.000360198 0.000195529 0.000126588 0.000123008 
acc 0.990763 0.990779 0.990782 0.990797 0.990803 0.990806 0.990806 0.990806 0.990808 0.990805 0.990805 0.990804 0.9908 0.990796 0.990793 0.990801 0.990796 0.990793 0.990796 0.990801 
std_acc 2.77542e-05 2.75332e-05 2.41247e-05 1.19404e-05 1.01869e-05 9.13262e-06 8.681e-06 6.22079e-06 6.01268e-06 1.27807e-05 1.05067e-05 1.09202e-05 1.26848e-05 1.18505e-05 1.37592e-05 1.28086e-05 8.67513e-06 1.2998e-05 1.34296e-05 1.61305e-05 
f1 0 0 6.90608e-05 0 0 0 0 0 0.000208093 0.000900807 0.00138538 0.00249064 0.00242009 0.00242019 0.0037974 0.00393724 0.00359079 0.00345172 0.00269514 0.00414172 
std_f1 0 0 0.000301029 0 0 0 0 0 0.000495359 0.00100647 0.00131326 0.00166971 0.00184756 0.00143984 0.00143687 0.00175888 0.00146942 0.00187385 0.00177127 0.00253573 
time 0.0612904 0.060838 0.0625679 0.0624526 0.0598496 0.0610021 0.0597999 0.0624678 0.0623365 0.0610878 0.0616134 0.0619837 0.0612178 0.0625219 0.0625139 0.0634058 0.0622285 0.0611274 0.0625377 0.061888 
std_time 0.00175277 0.00115276 0.000191432 0.000205925 0.000766252 0.00119666 0.000431496 0.00101577 0.0010766 0.000628869 0.00112902 0.00115011 0.000589732 0.00116602 0.00111634 0.0019348 0.00122124 0.000705675 0.001937 0.00102014 
ASOP
que 0.00507145 0.00853039 0.0159461 0.0328843 0.0831068 0.247774 0.498513 0.700446 0.834175 0.910813 0.9544 0.97558 0.988066 0.993998 0.996996 0.998479 0.999237 0.999639 0.999808 0.999903 
std_que 0.000894773 0.00115499 0.0013792 0.00238626 0.0075482 0.016984 0.0175462 0.0101507 0.00503886 0.00341199 0.00144343 0.00083163 0.000560698 0.000283204 0.000167434 9.01952e-05 4.75221e-05 3.86372e-05 4.07125e-05 2.40168e-05 
acc 0.988511 0.988401 0.988613 0.988576 0.987998 0.986832 0.985497 0.984716 0.984147 0.984018 0.983872 0.983767 0.983751 0.983721 0.983739 0.983669 0.983737 0.983714 0.983718 0.983768 
std_acc 0.00135307 0.000567669 0.000487087 0.000267406 0.000339082 0.000314577 0.000253947 0.000198441 0.000111936 0.000184243 0.000157981 0.000135621 0.000112491 0.000186824 0.000156743 0.000147675 0.000139222 0.00015275 0.000105479 0.000123345 
f1 0.0187818 0.0448095 0.0684665 0.0945447 0.129694 0.147922 0.148505 0.150058 0.144885 0.148502 0.148477 0.144992 0.146187 0.145221 0.146836 0.143498 0.147221 0.146045 0.146159 0.148546 
std_f1 0.0146637 0.0224886 0.0265899 0.0138704 0.0117063 0.0060716 0.00992666 0.0100554 0.00604272 0.00834046 0.00787553 0.00691184 0.00535468 0.00900933 0.00800907 0.00763725 0.00707287 0.00776684 0.00540406 0.00643262 
time 0.544412 0.542206 0.543929 0.543756 0.54167 0.543655 0.54337 0.546372 0.546132 0.543849 0.544239 0.544822 0.544309 0.548728 0.547267 0.549131 0.545764 0.54412 0.547289 0.544765 
std_time 0.00601023 0.000792007 0.000896146 0.00113137 0.000941243 0.00116376 0.00088586 0.00150123 0.00166586 0.000914018 0.00128107 0.00120446 0.00115121 0.00409096 0.00371075 0.00602397 0.00194764 0.00101813 0.00732263 0.00270162 
AROW
que 1 1 1 1 1 1 1 1 1 1 1 1 1 1 1 1 1 1 1 1 
std_que 0 0 0 0 0 0 0 0 0 0 0 0 0 0 0 0 0 0 0 0 
acc 0.990808 0.990808 0.990808 0.990808 0.990808 0.990808 0.990808 0.990808 0.990808 0.990808 0.990808 0.990808 0.990808 0.990808 0.990808 0.990808 0.990808 0.990808 0.990808 0.990808 
std_acc 6.46956e-06 6.46956e-06 6.46956e-06 6.46956e-06 6.46956e-06 6.46956e-06 6.46956e-06 6.46956e-06 6.46956e-06 6.46956e-06 6.46956e-06 6.46956e-06 6.46956e-06 6.46956e-06 6.46956e-06 6.46956e-06 6.46956e-06 6.46956e-06 6.46956e-06 6.46956e-06 
f1 0 0 0 0 0 0 0 0 0 0 0 0 0 0 0 0 0 0 0 0 
std_f1 0 0 0 0 0 0 0 0 0 0 0 0 0 0 0 0 0 0 0 0 
time 0.063437 0.063437 0.063437 0.063437 0.063437 0.063437 0.063437 0.063437 0.063437 0.063437 0.063437 0.063437 0.063437 0.063437 0.063437 0.063437 0.063437 0.063437 0.063437 0.063437 
std_time 0.00202026 0.00202026 0.00202026 0.00202026 0.00202026 0.00202026 0.00202026 0.00202026 0.00202026 0.00202026 0.00202026 0.00202026 0.00202026 0.00202026 0.00202026 0.00202026 0.00202026 0.00202026 0.00202026 0.00202026 
AAROW
que 0.00126276 0.00216331 0.00380518 0.00719104 0.0134761 0.0257785 0.0489645 0.0917157 0.166171 0.282494 0.437195 0.606432 0.754234 0.85903 0.92405 0.960576 0.97982 0.989839 0.994877 0.997415 
std_que 4.4139e-05 8.45872e-05 0.000143959 0.000105166 0.000242359 0.000441867 0.00069861 0.000686296 0.000911768 0.000681102 0.000862192 0.00150816 0.00109323 0.000940801 0.000454148 0.000419676 0.000347009 0.000228183 0.000141818 0.000109444 
acc 0.990725 0.99075 0.99077 0.990791 0.990799 0.990805 0.990805 0.990809 0.990808 0.990806 0.99081 0.990811 0.99081 0.990811 0.99081 0.990811 0.990808 0.990808 0.99081 0.990808 
std_acc 8.30595e-05 3.99652e-05 2.259e-05 1.46795e-05 1.43107e-05 9.27096e-06 6.08842e-06 5.87562e-06 3.97301e-06 7.4088e-06 5.44377e-06 3.97301e-06 5.13575e-06 4.98481e-06 5.13575e-06 4.77615e-06 5.05581e-06 4.17303e-06 6.14668e-06 6.34238e-06 
f1 0 0 0 0 0 0 0 0 0 6.92042e-05 0 0 0 6.93481e-05 0 0 0 0 0 0.000138696 
std_f1 0 0 0 0 0 0 0 0 0 0.000301654 0 0 0 0.000302281 0 0 0 0 0 0.000416089 
time 0.0543299 0.0543732 0.0560665 0.0561566 0.0534632 0.0548611 0.054069 0.0572571 0.057756 0.0576836 0.0600376 0.0615496 0.062149 0.0654042 0.065673 0.0660837 0.0655661 0.0643335 0.0662531 0.0648874 
std_time 0.00204289 0.00113781 0.000138233 0.000242544 0.000414107 0.00124492 0.000377424 0.000914712 0.00125192 0.000834601 0.00162298 0.00105776 0.000749706 0.00177817 0.00155715 0.00165048 0.00140365 0.000684366 0.00163817 0.00123487 
AAROW2
que 0.000198173 0.000272209 0.000389326 0.000538674 0.000827797 0.001347 0.00218406 0.0039022 0.007237 0.0137397 0.0258902 0.0495484 0.0927423 0.166991 0.283431 0.438787 0.607513 0.754727 0.859707 0.924262 
std_que 2.29655e-05 2.14808e-05 3.61043e-05 5.18665e-05 5.14209e-05 6.39666e-05 9.49369e-05 0.000150933 0.000229126 0.000263144 0.000361333 0.000689187 0.000818987 0.000880897 0.00094721 0.00163743 0.00140231 0.000923282 0.000981134 0.000526901 
acc 0.990802 0.990806 0.990807 0.990808 0.990812 0.99081 0.99081 0.990809 0.990809 0.990808 0.990809 0.990812 0.99081 0.99081 0.990809 0.99081 0.990809 0.990809 0.99081 0.990808 
std_acc 2.45764e-05 6.2126e-06 9.33664e-06 5.56404e-06 4.63548e-06 5.30162e-06 5.5181e-06 6.02114e-06 4.94378e-06 4.45626e-06 5.33989e-06 4.17303e-06 5.5181e-06 5.05581e-06 5.5181e-06 5.05581e-06 4.90241e-06 3.9858e-06 6.66342e-06 6.34238e-06 
f1 0 0 0 0 0 0 0 0 0 6.93481e-05 0 0 0 6.93481e-05 0 0 0 0 0 0.000138696 
std_f1 0 0 0 0 0 0 0 0 0 0.000302281 0 0 0 0.000302281 0 0 0 0 0 0.000416089 
time 0.187236 0.18744 0.188569 0.188854 0.186497 0.187462 0.186714 0.188535 0.188538 0.187314 0.187754 0.188324 0.188435 0.191082 0.192185 0.194165 0.19366 0.193604 0.19574 0.195143 
std_time 0.00148667 0.000925379 0.000272885 0.000345011 0.000425098 0.00104704 0.000418643 0.00079331 0.000977708 0.000648874 0.00173288 0.00150504 0.00117429 0.00224644 0.00148113 0.00250231 0.00131227 0.00151708 0.00111405 0.000946618 
RAROW
que 0.000204237 0.00028274 0.000396985 0.000544737 0.000827158 0.0013936 0.00212917 0.00387699 0.00723508 0.013904 0.0258634 0.0497185 0.0928441 0.166836 0.283353 0.438973 0.607517 0.754954 0.860019 0.92427 
std_que 4.75049e-05 5.67316e-05 7.22255e-05 0.000111615 0.000106078 0.000140054 0.000196837 0.000244642 0.000400952 0.000480542 0.000701033 0.00129429 0.00149578 0.00174799 0.00167825 0.00308039 0.00295539 0.00145438 0.00190005 0.00110044 
acc 0.930367 0.945749 0.959632 0.965659 0.977043 0.980239 0.984193 0.98765 0.9891 0.98979 0.990205 0.990535 0.990666 0.990731 0.990781 0.990795 0.9908 0.990805 0.990809 0.990807 
std_acc 0.0343556 0.0223945 0.0178702 0.0158712 0.00693818 0.00492632 0.00438206 0.00128935 0.000848621 0.000497613 0.00048407 0.000113105 9.73075e-05 6.19487e-05 1.75371e-05 1.68711e-05 9.55229e-06 7.02063e-06 6.38239e-06 6.14668e-06 
f1 0.00833298 0.00871503 0.00747492 0.00619851 0.00601015 0.0042662 0.00354945 0.0019227 0.000788427 0.00104306 0.000803585 0.000200551 0.000339651 6.80272e-05 0 0 0 0 0 0.000138648 
std_f1 0.00378507 0.00414683 0.00352771 0.00385783 0.00330529 0.00337953 0.00214999 0.0019309 0.000781307 0.00127785 0.00134422 0.000477491 0.000729722 0.000296524 0 0 0 0 0 0.000415945 
time 0.0556591 0.0553013 0.057284 0.0571969 0.0539065 0.0554536 0.0542084 0.057071 0.0567749 0.0549902 0.0552583 0.0561979 0.056098 0.0587559 0.0603632 0.0631625 0.0634838 0.0634914 0.0658904 0.0660807 
std_time 0.00216993 0.00132583 0.000213125 0.000264227 0.000274023 0.00138204 0.000355651 0.00103427 0.00131728 0.000511299 0.00117767 0.00189309 0.000978848 0.00165428 0.00134109 0.0019377 0.00160131 0.00108582 0.00180328 0.00155029 
AROWC
que 1 1 1 1 1 1 1 1 1 1 1 1 1 1 1 1 1 1 1 1 
std_que 0 0 0 0 0 0 0 0 0 0 0 0 0 0 0 0 0 0 0 0 
acc 0.99081 0.99081 0.99081 0.99081 0.99081 0.99081 0.99081 0.99081 0.99081 0.99081 0.99081 0.99081 0.99081 0.99081 0.99081 0.99081 0.99081 0.99081 0.99081 0.99081 
std_acc 5.87562e-06 5.87562e-06 5.87562e-06 5.87562e-06 5.87562e-06 5.87562e-06 5.87562e-06 5.87562e-06 5.87562e-06 5.87562e-06 5.87562e-06 5.87562e-06 5.87562e-06 5.87562e-06 5.87562e-06 5.87562e-06 5.87562e-06 5.87562e-06 5.87562e-06 5.87562e-06 
f1 0 0 0 0 0 0 0 0 0 0 0 0 0 0 0 0 0 0 0 0 
std_f1 0 0 0 0 0 0 0 0 0 0 0 0 0 0 0 0 0 0 0 0 
time 0.173098 0.173098 0.173098 0.173098 0.173098 0.173098 0.173098 0.173098 0.173098 0.173098 0.173098 0.173098 0.173098 0.173098 0.173098 0.173098 0.173098 0.173098 0.173098 0.173098 
std_time 0.00298037 0.00298037 0.00298037 0.00298037 0.00298037 0.00298037 0.00298037 0.00298037 0.00298037 0.00298037 0.00298037 0.00298037 0.00298037 0.00298037 0.00298037 0.00298037 0.00298037 0.00298037 0.00298037 0.00298037 
