APE
que 0.0019887 0.00394479 0.00768311 0.0174419 0.0340143 0.0711476 0.114432 0.214486 0.334156 0.494284 0.643751 0.783254 0.870072 0.929298 0.96591 0.979537 0.991187 0.994708 0.997316 0.998968 
std_que 0.000715174 0.00122424 0.00106093 0.00192184 0.000326016 0.00174048 0.000108672 0.0128785 0.00407801 0.0106187 0.00317493 0.00782616 0.00329733 0.003807 0.00156167 0.00151249 0.00111774 0.00130637 0.000802335 0.000256014 
acc 0.598218 0.541252 0.589024 0.538046 0.545751 0.562334 0.586286 0.579939 0.602815 0.606759 0.615931 0.629852 0.620104 0.635058 0.62268 0.632091 0.636383 0.627722 0.628602 0.630493 
std_acc 0.011152 0.0467764 0.0138142 0.0150779 0.0117366 0.00991839 0.00380352 0.00471045 0.00490325 0.00704949 0.00345153 0.00680029 0.0117675 0.0114495 0.0087156 0.00722023 0.00975146 0.00432251 0.00403207 0.00498183 
f1 0.0546663 0.316479 0.140291 0.397545 0.396318 0.431723 0.38667 0.432822 0.479119 0.492291 0.511226 0.525532 0.515928 0.534796 0.521064 0.53326 0.539215 0.528188 0.529113 0.531549 
std_f1 0.0695948 0.135453 0.0898864 0.0569005 0.0530918 0.0358522 0.00829113 0.0123752 0.00989416 0.0174544 0.00570861 0.0055751 0.0148701 0.0150335 0.0112902 0.00912797 0.0125353 0.00527563 0.00516601 0.00639307 
time 0.00114385 0.001081 0.00108355 0.00109075 0.00111165 0.0011146 0.00112885 0.0011521 0.001172 0.0011721 0.0011803 0.0011878 0.001191 0.00117955 0.00123655 0.00120345 0.0011947 0.0011959 0.00119135 0.00119735 
std_time 8.64085e-05 1.24338e-05 1.51673e-05 9.0215e-06 1.11233e-05 1.26467e-05 3.58347e-05 3.52334e-05 1.93881e-05 1.04781e-05 3.7166e-05 1.39341e-05 1.48627e-05 8.80043e-06 5.6352e-05 2.62859e-05 1.35871e-05 1.54172e-05 1.10963e-05 2.95792e-05 
APAII
que 0.00719409 0.00727016 0.023973 0.0345251 0.0578135 0.145936 0.226364 0.373614 0.522397 0.661595 0.785634 0.870854 0.926592 0.96253 0.982634 0.989155 0.995186 0.997131 0.998403 0.999337 
std_que 0.00316525 0.0023754 0.00634298 0.00590251 0.00456423 0.0117081 0.0140187 0.00452681 0.0153073 0.010729 0.00255793 0.00322637 0.00103067 0.00297086 0.00158363 0.0010192 0.00104297 0.000632169 0.00050166 0.000187912 
acc 0.55577 0.597968 0.58772 0.581482 0.590306 0.591621 0.605412 0.621158 0.631645 0.632058 0.634351 0.642578 0.645686 0.642643 0.642839 0.647283 0.646827 0.64825 0.641187 0.641285 
std_acc 0.0370729 0.014539 0.00169737 0.00819171 0.00608563 0.00888841 0.00575962 0.00460568 0.00186156 0.00111016 0.00204612 0.00237642 0.001244 0.00346499 0.00377585 0.00297394 0.00451243 0.00440592 0.00245599 0.00181385 
f1 0.25317 0.0664135 0.176249 0.200849 0.12597 0.29168 0.345793 0.360411 0.423807 0.430282 0.446657 0.454901 0.467045 0.453425 0.455053 0.467349 0.466846 0.465037 0.453895 0.45247 
std_f1 0.163457 0.111955 0.0952823 0.0523271 0.0331511 0.0121006 0.0106014 0.0229982 0.00768077 0.00521256 0.00496056 0.00365903 0.00201748 0.00544179 0.00910661 0.00548025 0.0106945 0.01173 0.00456526 0.00425702 
time 0.0013238 0.0013128 0.00130635 0.00134225 0.0013228 0.0014187 0.0014122 0.0014345 0.0014712 0.0015054 0.0015685 0.0015452 0.0015462 0.00154665 0.0015955 0.00155405 0.00155655 0.00154725 0.0015448 0.0015946 
std_time 5.50896e-05 1.64335e-05 1.62274e-05 3.64854e-05 1.29329e-05 6.52619e-05 5.50105e-05 3.36816e-05 3.09638e-05 5.59119e-05 6.05884e-05 2.44184e-05 1.80599e-05 1.88236e-05 7.75097e-05 1.13555e-05 1.76082e-05 1.52574e-05 8.02247e-06 4.35527e-05 
ASOP
que 0.0340469 0.124853 0.241143 0.407292 0.548685 0.684525 0.779939 0.858466 0.910987 0.948511 0.975038 0.987492 0.994056 0.996262 0.998555 0.998892 0.999522 0.999576 0.999859 1 
std_que 0.0208215 0.00752572 0.00685048 0.00945171 0.00532493 0.00484414 0.000326016 0.00300501 0.00490325 0.00308973 0.00240485 0.0023484 0.000950554 0.000800346 0.000604181 0.000562161 0.000410084 0.000187912 0.000172169 0 
acc 0.599489 0.667898 0.720354 0.740285 0.773962 0.778994 0.789394 0.785177 0.790187 0.792306 0.78521 0.79185 0.794436 0.790958 0.792567 0.790817 0.7896 0.791882 0.790263 0.793958 
std_acc 0.0256969 0.012562 0.012691 0.00399433 0.00108672 0.00286142 0.000434688 0.0019151 0.00338476 0.0038675 0.00717626 0.00171289 0.000675517 0.000884459 0.00547319 0.00431879 0.00274532 0.00456706 0.00650037 0.00576884 
f1 0.398291 0.594557 0.635102 0.673952 0.71183 0.720667 0.734083 0.727238 0.734238 0.736948 0.727804 0.736461 0.739571 0.7351 0.737188 0.734968 0.733441 0.736398 0.734382 0.739081 
std_f1 0.107642 0.0103412 0.0168239 0.00601439 0.000211525 0.000994496 0.000621821 0.0026577 0.00453591 0.00510349 0.00885355 0.00223332 0.000938609 0.00110709 0.00693615 0.00549529 0.00348791 0.00575349 0.00815419 0.00726116 
time 0.0726063 0.0728812 0.0740944 0.075303 0.0760519 0.0772334 0.0776678 0.077851 0.0781672 0.0779595 0.0782552 0.0781048 0.0778954 0.0781376 0.0782047 0.0780758 0.0780524 0.0779885 0.07806 0.0784021 
std_time 0.00121843 0.000155617 0.000223451 0.000164465 0.000171523 0.000253328 0.000228671 0.000197867 0.000241606 0.000157241 0.000244315 0.000207485 0.00017042 0.00074706 0.000274074 0.000271396 0.000156057 0.000212097 0.000233944 0.000275556 
AROW
que 1 1 1 1 1 1 1 1 1 1 1 1 1 1 1 1 1 1 1 1 
std_que 0 0 0 0 0 0 0 0 0 0 0 0 0 0 0 0 0 0 0 0 
acc 0.819604 0.819604 0.819604 0.819604 0.819604 0.819604 0.819604 0.819604 0.819604 0.819604 0.819604 0.819604 0.819604 0.819604 0.819604 0.819604 0.819604 0.819604 0.819604 0.819604 
std_acc 0.00857614 0.00857614 0.00857614 0.00857614 0.00857614 0.00857614 0.00857614 0.00857614 0.00857614 0.00857614 0.00857614 0.00857614 0.00857614 0.00857614 0.00857614 0.00857614 0.00857614 0.00857614 0.00857614 0.00857614 
f1 0.77945 0.77945 0.77945 0.77945 0.77945 0.77945 0.77945 0.77945 0.77945 0.77945 0.77945 0.77945 0.77945 0.77945 0.77945 0.77945 0.77945 0.77945 0.77945 0.77945 
std_f1 0.0121248 0.0121248 0.0121248 0.0121248 0.0121248 0.0121248 0.0121248 0.0121248 0.0121248 0.0121248 0.0121248 0.0121248 0.0121248 0.0121248 0.0121248 0.0121248 0.0121248 0.0121248 0.0121248 0.0121248 
time 0.0426973 0.0426973 0.0426973 0.0426973 0.0426973 0.0426973 0.0426973 0.0426973 0.0426973 0.0426973 0.0426973 0.0426973 0.0426973 0.0426973 0.0426973 0.0426973 0.0426973 0.0426973 0.0426973 0.0426973 
std_time 0.000853092 0.000853092 0.000853092 0.000853092 0.000853092 0.000853092 0.000853092 0.000853092 0.000853092 0.000853092 0.000853092 0.000853092 0.000853092 0.000853092 0.000853092 0.000853092 0.000853092 0.000853092 0.000853092 0.000853092 
AAROW
que 0.000804173 0.000456423 0.00190176 0.00972615 0.0175071 0.0641274 0.11792 0.220898 0.304651 0.402836 0.523962 0.644327 0.74624 0.835905 0.8985 0.9381 0.966942 0.979972 0.989437 0.994795 
std_que 0.000505529 0.000205042 0.00192429 0.00572893 0.00888788 0.00831223 0.00965445 0.0159685 0.00702969 0.00503398 0.0057029 0.00812224 0.00623686 0.00597242 0.00583964 0.00487142 0.00288167 0.00300004 0.00126434 0.00100655 
acc 0.473582 0.552597 0.5817 0.606444 0.606749 0.688339 0.72469 0.771506 0.797479 0.804379 0.81028 0.814269 0.813693 0.818181 0.815638 0.813345 0.814627 0.811889 0.818605 0.815214 
std_acc 0.0979154 0.0915405 0.0491953 0.0177502 0.0104721 0.0129874 0.0239566 0.0135597 0.00894011 0.00406757 0.00347608 0.00396287 0.00582166 0.00544076 0.00967019 0.00559618 0.00273966 0.00670305 0.00823972 0.00188927 
f1 0.365439 0.141331 0.183384 0.254183 0.270826 0.544512 0.631092 0.711435 0.75456 0.761 0.767782 0.770023 0.773058 0.775871 0.770496 0.767783 0.769994 0.767572 0.776819 0.776011 
std_f1 0.263341 0.244793 0.212047 0.0390429 0.253767 0.0421768 0.0707468 0.0288066 0.0099963 0.00837542 0.00752251 0.00715311 0.0121799 0.00853298 0.0195199 0.0134134 0.00727625 0.0141555 0.0124593 0.00792803 
time 0.00120675 0.00111795 0.0012069 0.0017319 0.0021869 0.0052459 0.0088115 0.0157673 0.02038 0.0253107 0.0302575 0.034874 0.0374654 0.0393422 0.0408473 0.0414441 0.0415418 0.0420454 0.0417252 0.0421574 
std_time 6.2833e-05 1.43857e-05 0.000110959 0.000397722 0.00068536 0.000588668 0.000703415 0.00127241 0.00063017 0.000416668 0.000547731 0.000607927 0.000440953 0.000478808 0.000567376 0.000385217 0.000321989 0.000287451 0.000449482 0.000267089 
AAROW2
que 0.0320256 0.0209628 0.0310476 0.0326994 0.0181917 0.0390785 0.0275158 0.07218 0.0544447 0.0865355 0.124027 0.192067 0.245838 0.336981 0.436416 0.54098 0.663736 0.764562 0.837438 0.902749 
std_que 0.0241608 0.0183549 0.0156271 0.0292738 0.00515435 0.0223206 0.0164043 0.00583434 0.0373169 0.0194798 0.0383381 0.00329267 0.00521032 0.0153129 0.0105817 0.0063312 0.00602959 0.00673657 0.00579028 0.00664607 
acc 0.644892 0.627201 0.631319 0.661367 0.616855 0.638166 0.612193 0.708444 0.684656 0.693871 0.725451 0.777451 0.78935 0.803325 0.809291 0.809857 0.817877 0.813573 0.816888 0.817333 
std_acc 0.0550411 0.0290169 0.0365594 0.0594608 0.011118 0.033632 0.0139318 0.018401 0.0613914 0.0316037 0.0631917 0.014276 0.00731956 0.00439169 0.004645 0.00403656 0.00442202 0.00462227 0.00714249 0.00465972 
f1 0.26183 0.160433 0.17912 0.309858 0.123906 0.23064 0.0474321 0.57019 0.407813 0.501778 0.553192 0.713389 0.744889 0.758777 0.764509 0.764559 0.773331 0.772 0.774249 0.778801 
std_f1 0.281975 0.198499 0.216972 0.322106 0.122805 0.23187 0.0947402 0.0562015 0.305761 0.12026 0.21568 0.0323625 0.0140081 0.00870512 0.0084315 0.00975095 0.00831643 0.0100547 0.0123514 0.00445198 
time 0.0128017 0.0122542 0.0123305 0.012946 0.0118265 0.0128064 0.0118264 0.0152431 0.0145209 0.0160009 0.0177572 0.0217898 0.0244321 0.028819 0.0326716 0.0359485 0.0395677 0.0420968 0.043213 0.0443018 
std_time 0.00161675 0.000985397 0.00111397 0.00180149 0.000558465 0.00139786 0.000662992 0.000397074 0.00213122 0.00110642 0.00251761 0.000310114 0.000428967 0.000887164 0.000825466 0.00030867 0.000266654 0.000482863 0.000366279 0.000326654 
RAROW
que 0.0328298 0.0206803 0.0307324 0.0315584 0.0172028 0.0416214 0.0258639 0.0739622 0.0542599 0.0825907 0.125321 0.194534 0.243056 0.337351 0.436699 0.539024 0.66216 0.764182 0.837687 0.90564 
std_que 0.0259205 0.0187397 0.0162181 0.0291045 0.00481616 0.0278703 0.0148115 0.00731617 0.0369929 0.0231213 0.0380382 0.00226547 0.0136635 0.018252 0.0142424 0.00753419 0.0118701 0.00911006 0.00644036 0.00987117 
acc 0.613475 0.625299 0.620572 0.628157 0.60952 0.629939 0.646522 0.678874 0.650196 0.693197 0.716105 0.734232 0.752054 0.76316 0.773386 0.791937 0.80326 0.802478 0.809509 0.815192 
std_acc 0.0382067 0.033435 0.0303864 0.0534066 0.0130021 0.0529009 0.0370084 0.0152964 0.0449175 0.0187569 0.0169641 0.0209595 0.0163122 0.0127881 0.0120933 0.00654097 0.00360529 0.00865199 0.00417701 0.00399174 
f1 0.495413 0.419375 0.531684 0.418885 0.472881 0.550119 0.507877 0.506377 0.468353 0.557716 0.596667 0.624032 0.658331 0.676733 0.707581 0.734452 0.748851 0.74978 0.759779 0.773978 
std_f1 0.0322552 0.0630993 0.0390271 0.104728 0.029205 0.0433879 0.0754779 0.0541611 0.0946566 0.0598029 0.0408605 0.0708829 0.0404162 0.0273644 0.0369865 0.0184688 0.00871261 0.0184235 0.00758764 0.0136474 
time 0.002772 0.0021111 0.0025294 0.00266515 0.0019598 0.00325085 0.0023627 0.00487715 0.00366445 0.0051636 0.00695605 0.0102393 0.0124489 0.0158761 0.020165 0.0245559 0.0288427 0.0332494 0.0355762 0.0386807 
std_time 0.00124485 0.000845879 0.000662066 0.00135657 0.000149541 0.00128802 0.000648591 0.000381438 0.00167478 0.00110425 0.00170482 0.000315421 0.00080755 0.000741964 0.000803884 0.000429446 0.000549209 0.000545826 0.000506786 0.000600442 
AROWC
que 1 1 1 1 1 1 1 1 1 1 1 1 1 1 1 1 1 1 1 1 
std_que 0 0 0 0 0 0 0 0 0 0 0 0 0 0 0 0 0 0 0 0 
acc 0.754216 0.754216 0.754216 0.754216 0.754216 0.754216 0.754216 0.754216 0.754216 0.754216 0.754216 0.754216 0.754216 0.754216 0.754216 0.754216 0.754216 0.754216 0.754216 0.754216 
std_acc 0.00495586 0.00495586 0.00495586 0.00495586 0.00495586 0.00495586 0.00495586 0.00495586 0.00495586 0.00495586 0.00495586 0.00495586 0.00495586 0.00495586 0.00495586 0.00495586 0.00495586 0.00495586 0.00495586 0.00495586 
f1 0.646041 0.646041 0.646041 0.646041 0.646041 0.646041 0.646041 0.646041 0.646041 0.646041 0.646041 0.646041 0.646041 0.646041 0.646041 0.646041 0.646041 0.646041 0.646041 0.646041 
std_f1 0.0103441 0.0103441 0.0103441 0.0103441 0.0103441 0.0103441 0.0103441 0.0103441 0.0103441 0.0103441 0.0103441 0.0103441 0.0103441 0.0103441 0.0103441 0.0103441 0.0103441 0.0103441 0.0103441 0.0103441 
time 0.0630582 0.0630582 0.0630582 0.0630582 0.0630582 0.0630582 0.0630582 0.0630582 0.0630582 0.0630582 0.0630582 0.0630582 0.0630582 0.0630582 0.0630582 0.0630582 0.0630582 0.0630582 0.0630582 0.0630582 
std_time 0.000794345 0.000794345 0.000794345 0.000794345 0.000794345 0.000794345 0.000794345 0.000794345 0.000794345 0.000794345 0.000794345 0.000794345 0.000794345 0.000794345 0.000794345 0.000794345 0.000794345 0.000794345 0.000794345 0.000794345 
