APE
que 0.00388962 0.00657535 0.0105003 0.0161528 0.0264765 0.0451046 0.0752695 0.128221 0.215904 0.349819 0.514504 0.677691 0.806013 0.891969 0.942396 0.970325 0.984699 0.992546 0.996109 0.998186 
std_que 0.001086 0.000722597 0.00102652 0.00119474 0.000997342 0.0019041 0.00172986 0.00375613 0.00418098 0.00467238 0.00484622 0.0036448 0.00346834 0.00223757 0.0021273 0.000964406 0.000968248 0.000520478 0.000452733 0.000206814 
acc 0.752039 0.76455 0.781439 0.792195 0.801411 0.807501 0.809694 0.810609 0.809565 0.805441 0.801474 0.796864 0.794185 0.792262 0.791775 0.790995 0.790475 0.790579 0.790022 0.790576 
std_acc 0.0178693 0.0174826 0.00781749 0.00850777 0.00440188 0.00279542 0.00220663 0.00224535 0.00179842 0.00192357 0.00157846 0.00127651 0.00169389 0.00156759 0.00117457 0.00142355 0.00149721 0.00129705 0.00182239 0.00167539 
f1 0.843242 0.847091 0.860253 0.867112 0.873292 0.875871 0.877097 0.877103 0.875865 0.872875 0.870002 0.866661 0.864736 0.863321 0.862924 0.862375 0.862024 0.862084 0.861704 0.862069 
std_f1 0.0172943 0.0177988 0.007252 0.00720346 0.00285465 0.00217986 0.00176776 0.00168479 0.00133293 0.00133064 0.00106045 0.000855344 0.00111237 0.0010223 0.000785301 0.000939891 0.000990463 0.000851761 0.0011979 0.00110349 
time 0.0105632 0.010468 0.0104651 0.0103773 0.0107461 0.0103734 0.0107245 0.0103132 0.0109692 0.0113614 0.0109839 0.0114406 0.0109042 0.0105748 0.0111868 0.0109282 0.0109833 0.0110104 0.01097 0.0113347 
std_time 0.000766299 0.000431391 0.000758074 0.00123232 0.000692676 0.000667965 0.000677391 0.000585854 0.000641224 0.000576643 0.000737491 0.00111852 0.00108899 0.000929668 0.0016725 0.00115167 0.00097632 0.00088755 0.000811116 0.00100743 
APAII
que 0.00702374 0.011222 0.020067 0.0318525 0.0500814 0.0817404 0.128143 0.198801 0.298894 0.428563 0.574248 0.713799 0.824571 0.901064 0.94676 0.972386 0.98573 0.993059 0.996362 0.998292 
std_que 0.00188242 0.00208634 0.00219504 0.00186134 0.00154431 0.00266902 0.00324212 0.0031911 0.00232495 0.0026007 0.00325835 0.00226161 0.0019218 0.00175453 0.00155509 0.000868507 0.00089756 0.000438327 0.000380684 0.000197225 
acc 0.794354 0.802449 0.813928 0.823579 0.827189 0.830824 0.834449 0.835856 0.837238 0.838251 0.83792 0.838354 0.838308 0.837645 0.838368 0.83827 0.838267 0.838026 0.838194 0.838661 
std_acc 0.0155984 0.0136048 0.00725409 0.00435378 0.00256148 0.00217811 0.00112601 0.00104334 0.00104253 0.00102822 0.00105585 0.000932504 0.000812858 0.00100781 0.000957192 0.00105814 0.000871831 0.000756745 0.000787528 0.00110695 
f1 0.876092 0.880027 0.884779 0.889682 0.891555 0.892946 0.894875 0.89547 0.89596 0.896501 0.896237 0.896485 0.896426 0.895987 0.896457 0.896383 0.896415 0.896258 0.896306 0.89665 
std_f1 0.00629327 0.00569163 0.00314277 0.00195265 0.00122686 0.00107977 0.00063393 0.000723201 0.000681555 0.000639072 0.000695444 0.000600463 0.000543094 0.000690323 0.000616129 0.000670036 0.000555073 0.000479273 0.00048469 0.000701104 
time 0.0120007 0.0119676 0.011876 0.0119927 0.0124421 0.0120667 0.0124981 0.0121247 0.0127951 0.0132131 0.0132798 0.013333 0.0136005 0.0131383 0.0134083 0.013596 0.0133899 0.01345 0.0135346 0.0138774 
std_time 0.000316938 0.000377703 0.000689708 0.000969476 0.000566806 0.000541459 0.000692763 0.000487155 0.000506255 0.000653964 0.000979653 0.000975421 0.00131669 0.000511794 0.000606262 0.000971479 0.000706776 0.000823061 0.00075444 0.00102341 
ASOP
que 0.0111667 0.0192807 0.0377538 0.0792758 0.202981 0.409123 0.622948 0.778057 0.877003 0.935219 0.966286 0.982729 0.991497 0.995834 0.997692 0.998873 0.999467 0.999731 0.999862 0.999939 
std_que 0.00111252 0.00133016 0.00232416 0.00500307 0.0100568 0.00969497 0.00565878 0.00687989 0.00260806 0.00198291 0.00115293 0.000607071 0.000622868 0.000370106 0.000209937 0.000215222 9.27851e-05 8.5704e-05 5.86744e-05 4.75782e-05 
acc 0.796755 0.808742 0.815651 0.818708 0.8138 0.806836 0.801155 0.798305 0.795974 0.795155 0.794615 0.793623 0.794357 0.793624 0.794022 0.793589 0.79406 0.794539 0.793861 0.794403 
std_acc 0.00739615 0.00533789 0.00330268 0.00269718 0.00273599 0.00171393 0.00196785 0.00137927 0.00142146 0.00158674 0.0017197 0.00141137 0.000989679 0.00122864 0.00155187 0.00144884 0.00126375 0.00111195 0.00141243 0.00187468 
f1 0.868702 0.876534 0.880522 0.88225 0.878824 0.873584 0.869589 0.86742 0.865746 0.865121 0.864722 0.864056 0.864523 0.864029 0.864292 0.864006 0.864313 0.864632 0.864192 0.864541 
std_f1 0.00658937 0.004309 0.0021801 0.00233967 0.00191075 0.00115371 0.00131707 0.000921214 0.000949822 0.0010476 0.00114243 0.000929532 0.000653885 0.00081125 0.00102018 0.00095489 0.000829622 0.000738642 0.000929477 0.00123419 
time 1.99681 1.99984 2.01185 2.03617 2.09409 2.13921 2.2011 2.21246 2.26134 2.27933 2.25137 2.22783 2.22883 2.22253 2.23619 2.26573 2.22911 2.22931 2.23276 2.2327 
std_time 0.0235636 0.0244287 0.0210462 0.0367546 0.0346913 0.0399371 0.0385583 0.0458961 0.0369571 0.0425465 0.0398409 0.0474154 0.0399371 0.0456781 0.039467 0.080312 0.0396288 0.0336489 0.0349323 0.02939 
AROW
que 1 1 1 1 1 1 1 1 1 1 1 1 1 1 1 1 1 1 1 1 
std_que 0 0 0 0 0 0 0 0 0 0 0 0 0 0 0 0 0 0 0 0 
acc 0.844999 0.844999 0.844999 0.844999 0.844999 0.844999 0.844999 0.844999 0.844999 0.844999 0.844999 0.844999 0.844999 0.844999 0.844999 0.844999 0.844999 0.844999 0.844999 0.844999 
std_acc 0.000692136 0.000692136 0.000692136 0.000692136 0.000692136 0.000692136 0.000692136 0.000692136 0.000692136 0.000692136 0.000692136 0.000692136 0.000692136 0.000692136 0.000692136 0.000692136 0.000692136 0.000692136 0.000692136 0.000692136 
f1 0.900587 0.900587 0.900587 0.900587 0.900587 0.900587 0.900587 0.900587 0.900587 0.900587 0.900587 0.900587 0.900587 0.900587 0.900587 0.900587 0.900587 0.900587 0.900587 0.900587 
std_f1 0.000461723 0.000461723 0.000461723 0.000461723 0.000461723 0.000461723 0.000461723 0.000461723 0.000461723 0.000461723 0.000461723 0.000461723 0.000461723 0.000461723 0.000461723 0.000461723 0.000461723 0.000461723 0.000461723 0.000461723 
time 0.684248 0.684248 0.684248 0.684248 0.684248 0.684248 0.684248 0.684248 0.684248 0.684248 0.684248 0.684248 0.684248 0.684248 0.684248 0.684248 0.684248 0.684248 0.684248 0.684248 
std_time 0.0114453 0.0114453 0.0114453 0.0114453 0.0114453 0.0114453 0.0114453 0.0114453 0.0114453 0.0114453 0.0114453 0.0114453 0.0114453 0.0114453 0.0114453 0.0114453 0.0114453 0.0114453 0.0114453 0.0114453 
AAROW
que 0.00146801 0.00312798 0.0051749 0.00879887 0.0159516 0.0276097 0.0485566 0.0887811 0.153019 0.2494 0.384655 0.537348 0.686645 0.807652 0.891657 0.941797 0.969568 0.984524 0.992205 0.996097 
std_que 0.000575103 0.000465184 0.000690533 0.000732682 0.00148751 0.00193202 0.00294645 0.00306353 0.00300601 0.0045174 0.0036336 0.00385773 0.00440295 0.00336759 0.00215544 0.00181579 0.00114262 0.000817292 0.000552006 0.000319592 
acc 0.772791 0.784821 0.797452 0.812755 0.818407 0.828175 0.833646 0.838443 0.840972 0.842962 0.843594 0.844271 0.844555 0.844518 0.844754 0.844539 0.844764 0.84496 0.845019 0.845005 
std_acc 0.0131099 0.0146446 0.0112063 0.00588219 0.00490382 0.00326389 0.00197918 0.00136165 0.00116833 0.000990281 0.000829661 0.000626403 0.000744493 0.000855817 0.000534459 0.000561483 0.000834614 0.000691105 0.000524465 0.000553286 
f1 0.862007 0.863301 0.872731 0.881158 0.884 0.890093 0.89357 0.896289 0.897926 0.899216 0.89957 0.900033 0.900341 0.900253 0.90042 0.900355 0.900475 0.900578 0.900613 0.900671 
std_f1 0.00836621 0.015121 0.00719121 0.00546817 0.00385352 0.00182898 0.00137177 0.00104884 0.00081202 0.000669679 0.000566674 0.000401169 0.000415261 0.000579954 0.000375694 0.000399985 0.00054871 0.000428696 0.000333905 0.000339727 
time 0.0125197 0.0162436 0.0190537 0.0252331 0.0354735 0.0508399 0.0782134 0.127393 0.200855 0.296653 0.403632 0.500374 0.574164 0.621535 0.666996 0.66203 0.670154 0.682967 0.683494 0.683623 
std_time 0.0014661 0.00148785 0.00118217 0.00264455 0.00305511 0.003218 0.00573037 0.00580686 0.00824693 0.00847234 0.0141178 0.0223895 0.0133077 0.0132733 0.0320703 0.00930651 0.00690624 0.014664 0.0146801 0.0126518 
AAROW2
que 0.0245278 0.0212463 0.0241255 0.0244157 0.0250422 0.0261832 0.0265118 0.0281364 0.0299146 0.0363072 0.0468352 0.0677943 0.105772 0.16939 0.26548 0.398793 0.55066 0.696639 0.813771 0.895429 
std_que 0.00177454 0.00742814 0.00231614 0.00129703 0.0010831 0.00188454 0.00162159 0.00155785 0.00160147 0.00148116 0.00267016 0.00194076 0.00366315 0.00344261 0.00551028 0.00477373 0.00483416 0.00336325 0.00195678 0.00192097 
acc 0.834778 0.823622 0.834332 0.834773 0.836284 0.836906 0.837007 0.837425 0.837169 0.838434 0.838975 0.840455 0.84188 0.842579 0.843939 0.844346 0.844658 0.844865 0.844939 0.844996 
std_acc 0.0053576 0.0249869 0.00850405 0.00296101 0.00222053 0.00227723 0.00202942 0.0022612 0.00247844 0.00160101 0.0017187 0.00129887 0.0012026 0.00091784 0.000843451 0.000551859 0.00052748 0.000691473 0.000549341 0.00072987 
f1 0.895189 0.89041 0.895075 0.895361 0.896192 0.895942 0.896621 0.89644 0.896479 0.897061 0.897256 0.897779 0.898628 0.898997 0.899759 0.900193 0.900311 0.900468 0.900563 0.900616 
std_f1 0.00242769 0.0108192 0.00403041 0.00164457 0.00135559 0.00144338 0.00106362 0.00122768 0.00142956 0.00130122 0.000879247 0.000970466 0.000809552 0.000621156 0.000637144 0.000499669 0.000397438 0.000362449 0.000362869 0.000440364 
time 0.225929 0.222698 0.226667 0.228728 0.231585 0.231178 0.232279 0.232539 0.240056 0.24921 0.257841 0.280257 0.319007 0.377726 0.470059 0.546722 0.631631 0.700649 0.743504 0.770635 
std_time 0.0039974 0.013738 0.00505895 0.0040942 0.00454534 0.00451722 0.00401746 0.00575367 0.00646667 0.0064349 0.00935688 0.00968486 0.0111915 0.00990754 0.0266195 0.0130871 0.00875262 0.0154613 0.0126364 0.0135667 
RAROW
que 0.0245554 0.0210881 0.0245524 0.0245539 0.0250883 0.0263321 0.026372 0.0281456 0.0296398 0.0361905 0.0470379 0.0681751 0.105743 0.169324 0.266271 0.399364 0.550657 0.69607 0.813355 0.89582 
std_que 0.00176672 0.00738674 0.0026707 0.00126554 0.00174746 0.00209169 0.00192072 0.0020723 0.0020535 0.00156266 0.00303555 0.00225857 0.0048166 0.00411107 0.00595536 0.00560177 0.00536458 0.00428358 0.00329795 0.00314349 
acc 0.812087 0.805808 0.811786 0.81279 0.812563 0.813756 0.814176 0.813866 0.813143 0.817544 0.822149 0.826289 0.830939 0.836382 0.839403 0.841536 0.843025 0.843829 0.844516 0.844662 
std_acc 0.00521105 0.0140981 0.00754398 0.00400391 0.00329198 0.00429315 0.00596504 0.00381189 0.00479222 0.00372057 0.00288963 0.00267585 0.00196433 0.00135122 0.00129104 0.000856731 0.000904605 0.000723901 0.000583528 0.000748599 
f1 0.878473 0.876148 0.878687 0.879146 0.879204 0.879832 0.880129 0.879746 0.879578 0.882494 0.885481 0.888414 0.891356 0.894976 0.896958 0.898256 0.899232 0.899787 0.900242 0.900413 
std_f1 0.00440465 0.00725461 0.00562028 0.00316141 0.00308123 0.00367795 0.00424471 0.00308856 0.00360985 0.00282031 0.00242472 0.00233231 0.00164702 0.00076807 0.000989942 0.000629197 0.000726269 0.000479726 0.000374918 0.000470434 
time 0.0273661 0.0257683 0.0275418 0.0276746 0.0289837 0.0286531 0.0299644 0.0303945 0.0326356 0.0372673 0.0440911 0.0572707 0.0822842 0.124264 0.196534 0.281539 0.381579 0.482195 0.561382 0.62157 
std_time 0.00158225 0.0052749 0.00248846 0.00166707 0.00214237 0.00254653 0.00200737 0.00220779 0.00212595 0.00253273 0.00371601 0.00486135 0.00551422 0.00607471 0.0155831 0.00962466 0.01054 0.0109669 0.0116905 0.0121453 
AROWC
que 1 1 1 1 1 1 1 1 1 1 1 1 1 1 1 1 1 1 1 1 
std_que 0 0 0 0 0 0 0 0 0 0 0 0 0 0 0 0 0 0 0 0 
acc 0.84575 0.84575 0.84575 0.84575 0.84575 0.84575 0.84575 0.84575 0.84575 0.84575 0.84575 0.84575 0.84575 0.84575 0.84575 0.84575 0.84575 0.84575 0.84575 0.84575 
std_acc 0.00075855 0.00075855 0.00075855 0.00075855 0.00075855 0.00075855 0.00075855 0.00075855 0.00075855 0.00075855 0.00075855 0.00075855 0.00075855 0.00075855 0.00075855 0.00075855 0.00075855 0.00075855 0.00075855 0.00075855 
f1 0.901403 0.901403 0.901403 0.901403 0.901403 0.901403 0.901403 0.901403 0.901403 0.901403 0.901403 0.901403 0.901403 0.901403 0.901403 0.901403 0.901403 0.901403 0.901403 0.901403 
std_f1 0.000464687 0.000464687 0.000464687 0.000464687 0.000464687 0.000464687 0.000464687 0.000464687 0.000464687 0.000464687 0.000464687 0.000464687 0.000464687 0.000464687 0.000464687 0.000464687 0.000464687 0.000464687 0.000464687 0.000464687 
time 1.22992 1.22992 1.22992 1.22992 1.22992 1.22992 1.22992 1.22992 1.22992 1.22992 1.22992 1.22992 1.22992 1.22992 1.22992 1.22992 1.22992 1.22992 1.22992 1.22992 
std_time 0.0251379 0.0251379 0.0251379 0.0251379 0.0251379 0.0251379 0.0251379 0.0251379 0.0251379 0.0251379 0.0251379 0.0251379 0.0251379 0.0251379 0.0251379 0.0251379 0.0251379 0.0251379 0.0251379 0.0251379 
