APE
que 0.00164497 0.00278824 0.00459899 0.00812941 0.0137408 0.0237156 0.0424876 0.0832597 0.155741 0.276749 0.445175 0.619239 0.76697 0.867782 0.929355 0.963372 0.981349 0.990576 0.995288 0.997639 
std_que 0.000668241 0.000609354 0.000910348 0.00102728 0.00297101 0.00253049 0.00462754 0.00601071 0.00733577 0.00591185 0.00420789 0.00345623 0.00210046 0.00109984 0.000896711 0.000462512 0.000306533 0.000178502 0.000110907 7.29742e-05 
acc 0.980109 0.981809 0.983081 0.983162 0.983444 0.983663 0.983199 0.982506 0.981557 0.98044 0.979491 0.97864 0.978152 0.977777 0.977618 0.977543 0.977446 0.977419 0.977432 0.977416 
std_acc 0.00162199 0.00170308 0.000932041 0.000663862 0.000709489 0.000289531 0.000387732 0.000259497 0.000196869 0.000213015 0.000156195 0.000153144 0.000114278 0.000117353 0.000120014 0.00010252 0.000120171 9.4269e-05 0.000144206 0.000115593 
f1 0.950371 0.954733 0.957889 0.958091 0.958737 0.959287 0.958066 0.956272 0.953784 0.95085 0.948367 0.946135 0.944843 0.943864 0.943443 0.943248 0.942998 0.942927 0.942958 0.942917 
std_f1 0.00403082 0.00433616 0.0023613 0.00167749 0.00183297 0.00076166 0.00100209 0.00066093 0.000507309 0.000550358 0.000393726 0.000391722 0.000289076 0.0002993 0.000301905 0.00025722 0.000300858 0.000236791 0.000362309 0.000290707 
time 0.183315 0.182 0.182044 0.181921 0.18221 0.181799 0.182255 0.183025 0.183017 0.183408 0.183979 0.18416 0.183535 0.183076 0.182489 0.182598 0.182926 0.182437 0.182394 0.182494 
std_time 0.00210517 0.000535571 0.000887816 0.000460223 0.000751709 0.000382678 0.000569221 0.00231648 0.00123585 0.000448635 0.000428693 0.000888579 0.0012997 0.000654346 0.000392456 0.000500854 0.00246416 0.000349317 0.000435834 0.000475091 
APAII
que 0.00165418 0.00270039 0.00467227 0.00829894 0.0150344 0.0280251 0.0525197 0.0974394 0.173811 0.291076 0.446745 0.613163 0.757131 0.860457 0.924247 0.960608 0.979964 0.989796 0.99486 0.997438 
std_que 6.39713e-05 6.87708e-05 8.11138e-05 9.50736e-05 0.000257287 0.000301457 0.00070468 0.000871791 0.000825678 0.00131134 0.00091092 0.000774578 0.000825082 0.000570346 0.000392423 0.000285554 0.000260061 0.000147905 9.99718e-05 6.89256e-05 
acc 0.985314 0.986008 0.986539 0.986774 0.987001 0.987037 0.98694 0.986715 0.986417 0.986016 0.985548 0.985199 0.984977 0.984862 0.984786 0.984753 0.984745 0.984716 0.984723 0.984729 
std_acc 0.000533731 0.000327107 0.00022039 0.000152827 0.000111817 6.07258e-05 8.9074e-05 5.96536e-05 6.84068e-05 6.18145e-05 5.4056e-05 4.21482e-05 6.81571e-05 4.6883e-05 5.65637e-05 5.63569e-05 4.65893e-05 6.38617e-05 5.21062e-05 4.41967e-05 
f1 0.963289 0.965103 0.966494 0.967113 0.967696 0.9678 0.967567 0.967021 0.966305 0.965345 0.964233 0.963407 0.962877 0.962605 0.962425 0.962346 0.962328 0.962258 0.962273 0.96229 
std_f1 0.00143075 0.000871639 0.000575623 0.000398788 0.000289024 0.000150214 0.000226579 0.000151292 0.000167997 0.000152049 0.000132202 0.000103102 0.000166487 0.000117325 0.000138162 0.000141055 0.000114448 0.000155588 0.000128857 0.000106264 
time 0.204721 0.203769 0.203574 0.204312 0.203923 0.203927 0.204426 0.204778 0.206461 0.206717 0.208011 0.208758 0.208041 0.207833 0.207967 0.207819 0.208133 0.207573 0.20752 0.207551 
std_time 0.00258303 0.000658518 0.000603344 0.00203755 0.000453352 0.00045736 0.00161742 0.000476633 0.00284849 0.000688839 0.000828258 0.00278738 0.00148689 0.000685588 0.000832554 0.000683533 0.0025928 0.000392104 0.000553251 0.000576705 
ASOP
que 0.00912239 0.0498111 0.219263 0.43871 0.647443 0.791033 0.884551 0.939218 0.968194 0.983385 0.991587 0.99592 0.997873 0.998953 0.999464 0.999734 0.999868 0.999931 0.999969 0.999985 
std_que 0.00256249 0.0156442 0.0254053 0.0198598 0.0103578 0.00568651 0.00414471 0.00219796 0.00133076 0.000930705 0.000374065 0.000239241 0.000138103 9.4709e-05 3.44667e-05 2.64581e-05 1.60956e-05 9.51592e-06 8.83433e-06 5.13187e-06 
acc 0.984259 0.984622 0.984749 0.985522 0.985974 0.986224 0.986329 0.986383 0.98639 0.986355 0.986363 0.986346 0.986342 0.986339 0.986375 0.986386 0.986397 0.986355 0.986339 0.986331 
std_acc 0.00118757 0.000834077 0.000308222 0.000233092 0.000193859 8.93076e-05 0.000162551 0.000120341 0.000111426 0.00012417 0.000130835 7.40906e-05 9.32662e-05 0.000110001 9.40635e-05 0.00012503 9.67625e-05 0.00011643 8.92704e-05 0.000109044 
f1 0.960632 0.961437 0.961516 0.963364 0.964457 0.965065 0.965322 0.965459 0.965475 0.965386 0.965406 0.965363 0.96535 0.965343 0.965435 0.965462 0.965492 0.965384 0.965345 0.965323 
std_f1 0.00306912 0.00212599 0.000826323 0.000602474 0.000494047 0.000225182 0.000410386 0.000303846 0.000282608 0.000314325 0.000331314 0.000188105 0.000235808 0.000278246 0.000238454 0.000316422 0.000244812 0.000294673 0.000225979 0.000276715 
time 4.42637 4.42641 4.43789 4.4414 4.44616 4.44625 4.44901 4.44671 4.45089 4.44991 4.44889 4.4496 4.44668 4.44849 4.44866 4.44837 4.44767 4.4515 4.45158 4.44897 
std_time 0.0116239 0.00371952 0.00986862 0.00724562 0.00863369 0.00591077 0.00875969 0.00371218 0.00831244 0.00784274 0.00459671 0.00653672 0.00497754 0.00506137 0.00462332 0.0034524 0.00470824 0.00761523 0.00897288 0.00370928 
AROW
que 1 1 1 1 1 1 1 1 1 1 1 1 1 1 1 1 1 1 1 1 
std_que 0 0 0 0 0 0 0 0 0 0 0 0 0 0 0 0 0 0 0 0 
acc 0.987657 0.987657 0.987657 0.987657 0.987657 0.987657 0.987657 0.987657 0.987657 0.987657 0.987657 0.987657 0.987657 0.987657 0.987657 0.987657 0.987657 0.987657 0.987657 0.987657 
std_acc 4.40696e-05 4.40696e-05 4.40696e-05 4.40696e-05 4.40696e-05 4.40696e-05 4.40696e-05 4.40696e-05 4.40696e-05 4.40696e-05 4.40696e-05 4.40696e-05 4.40696e-05 4.40696e-05 4.40696e-05 4.40696e-05 4.40696e-05 4.40696e-05 4.40696e-05 4.40696e-05 
f1 0.969414 0.969414 0.969414 0.969414 0.969414 0.969414 0.969414 0.969414 0.969414 0.969414 0.969414 0.969414 0.969414 0.969414 0.969414 0.969414 0.969414 0.969414 0.969414 0.969414 
std_f1 0.000107211 0.000107211 0.000107211 0.000107211 0.000107211 0.000107211 0.000107211 0.000107211 0.000107211 0.000107211 0.000107211 0.000107211 0.000107211 0.000107211 0.000107211 0.000107211 0.000107211 0.000107211 0.000107211 0.000107211 
time 0.306014 0.306014 0.306014 0.306014 0.306014 0.306014 0.306014 0.306014 0.306014 0.306014 0.306014 0.306014 0.306014 0.306014 0.306014 0.306014 0.306014 0.306014 0.306014 0.306014 
std_time 0.00152444 0.00152444 0.00152444 0.00152444 0.00152444 0.00152444 0.00152444 0.00152444 0.00152444 0.00152444 0.00152444 0.00152444 0.00152444 0.00152444 0.00152444 0.00152444 0.00152444 0.00152444 0.00152444 0.00152444 
AAROW
que 0.000305048 0.000561009 0.00111797 0.00226498 0.00480901 0.00989897 0.02289 0.0533683 0.115773 0.232992 0.387127 0.554352 0.706475 0.823409 0.900302 0.946548 0.972308 0.98598 0.992918 0.996445 
std_que 5.8113e-05 9.41708e-05 0.000183474 0.000494218 0.000984774 0.00161953 0.00288969 0.00701585 0.0127048 0.00487881 0.00369878 0.00226759 0.00174914 0.00126872 0.00083171 0.000722121 0.000283406 0.000184896 0.000134436 8.5525e-05 
acc 0.979312 0.984313 0.985709 0.986472 0.986743 0.987511 0.987832 0.9878 0.987811 0.987458 0.987437 0.987554 0.987608 0.987624 0.987637 0.987643 0.987673 0.987659 0.987648 0.987667 
std_acc 0.00691544 0.00279531 0.00112199 0.000734239 0.00106725 0.000374157 0.000440664 0.000476986 0.000354931 0.000110628 5.92386e-05 3.9926e-05 3.57917e-05 4.91006e-05 3.04534e-05 5.26732e-05 4.40621e-05 4.33275e-05 3.39801e-05 3.48368e-05 
f1 0.947844 0.961035 0.964495 0.966399 0.967075 0.969025 0.969841 0.969759 0.969801 0.968943 0.968876 0.969158 0.96929 0.969332 0.969365 0.969379 0.969453 0.969418 0.969394 0.969437 
std_f1 0.0187394 0.00675724 0.00286233 0.00190165 0.00278763 0.000905638 0.00107779 0.00116573 0.000856316 0.000266453 0.000144761 9.64713e-05 8.77384e-05 0.000117397 7.38805e-05 0.000128514 0.000107812 0.000104572 8.14913e-05 8.5164e-05 
time 0.182107 0.183987 0.184617 0.184951 0.185639 0.187692 0.191818 0.199924 0.212717 0.233711 0.257508 0.277689 0.292524 0.302643 0.306906 0.31035 0.311466 0.312343 0.312836 0.3129 
std_time 0.00137498 0.000498668 0.00137371 0.000938713 0.000626591 0.000628006 0.00143864 0.00106746 0.0012997 0.00309041 0.0011409 0.00102869 0.00106072 0.00161343 0.00104643 0.00100785 0.00099839 0.000602664 0.00177584 0.000729245 
AAROW2
que 0.00102192 0.00103821 0.00102516 0.00107 0.0011375 0.00136634 0.00189243 0.0027511 0.00420589 0.0076514 0.0144166 0.0273495 0.0565079 0.125014 0.244858 0.39546 0.561291 0.711867 0.826564 0.902621 
std_que 0.00055582 0.00035426 0.000243489 0.000317145 0.000349259 0.00028605 0.000452668 0.000438352 0.000853776 0.000972732 0.00120292 0.00416719 0.00855603 0.0139078 0.00548699 0.00332434 0.00393697 0.0012415 0.000875187 0.00077764 
acc 0.988861 0.988947 0.988838 0.98906 0.9888 0.988926 0.989096 0.988909 0.988739 0.988865 0.988697 0.988584 0.988397 0.98805 0.987527 0.98751 0.987582 0.987624 0.987637 0.987654 
std_acc 0.00113214 0.00106178 0.00117167 0.000651157 0.000526389 0.000535611 0.000601415 0.000565012 0.000502693 0.000469569 0.000473059 0.000605625 0.000634587 0.000448599 0.000171133 9.43036e-05 4.24895e-05 3.37252e-05 3.64665e-05 3.83077e-05 
f1 0.972303 0.972511 0.97224 0.972867 0.972237 0.972539 0.972945 0.97251 0.972071 0.972392 0.971993 0.971717 0.971258 0.970403 0.969112 0.969061 0.969227 0.969328 0.969365 0.969405 
std_f1 0.00303285 0.00279475 0.00312084 0.00153372 0.00123259 0.00127067 0.00142196 0.00135016 0.00121868 0.00110557 0.0011573 0.00145335 0.00153606 0.00108826 0.00041492 0.000224677 0.000104417 8.05639e-05 8.80766e-05 9.33041e-05 
time 0.915417 0.915458 0.916403 0.916072 0.915181 0.915568 0.916692 0.918617 0.915901 0.918175 0.917825 0.920099 0.926238 0.936979 0.954935 0.972404 0.989829 1.00017 1.00723 1.01156 
std_time 0.00134735 0.00118528 0.00249656 0.00224999 0.00112955 0.00103743 0.00309361 0.00613795 0.000927864 0.00601335 0.00101379 0.0012525 0.00239986 0.00160379 0.00813717 0.00163128 0.00246201 0.00158112 0.00115556 0.00166263 
RAROW
que 0.00102799 0.00103639 0.00103589 0.00105623 0.00114378 0.00136887 0.00189547 0.00271861 0.00421834 0.00764198 0.0144084 0.0273497 0.0563914 0.124966 0.2446 0.395617 0.560854 0.71161 0.826411 0.902479 
std_que 0.000559457 0.000353341 0.000240978 0.000315369 0.000368041 0.000313553 0.000471725 0.000455093 0.00087453 0.000936412 0.00124407 0.00419937 0.00844308 0.0138536 0.00547383 0.00328268 0.00395012 0.00144203 0.000841999 0.000850979 
acc 0.971304 0.973085 0.97203 0.974056 0.972907 0.975717 0.977606 0.97949 0.980498 0.982265 0.983752 0.984725 0.985442 0.986282 0.986726 0.987069 0.987306 0.987467 0.987536 0.987605 
std_acc 0.00581054 0.0056652 0.00501618 0.0041104 0.0039952 0.00283594 0.00316055 0.00270658 0.00175243 0.00106431 0.000795967 0.000740457 0.000513128 0.000246007 0.000129477 0.000113834 5.72799e-05 5.81729e-05 4.94026e-05 4.67073e-05 
f1 0.92703 0.931448 0.929057 0.934154 0.931119 0.938936 0.943986 0.948596 0.951302 0.955774 0.95968 0.962119 0.963966 0.966039 0.967144 0.967987 0.96856 0.968952 0.969121 0.969286 
std_f1 0.0160686 0.0152193 0.0136786 0.0112445 0.0105271 0.00785617 0.00794974 0.00704142 0.00449574 0.00275725 0.00198362 0.00183354 0.00121428 0.000601058 0.000314892 0.000273853 0.000137794 0.00014132 0.000119443 0.000112895 
time 0.187492 0.187761 0.187674 0.188101 0.18784 0.187504 0.18772 0.188495 0.18797 0.188542 0.189571 0.19122 0.195895 0.206117 0.223732 0.244543 0.265983 0.283688 0.296766 0.305616 
std_time 0.000616825 0.000605756 0.00073328 0.00186893 0.00110317 0.000439884 0.000679277 0.0014873 0.00042937 0.00072001 0.000682346 0.00154575 0.00233187 0.00205377 0.00214575 0.00220338 0.00341234 0.0012978 0.00198094 0.00115102 
AROWC
que 1 1 1 1 1 1 1 1 1 1 1 1 1 1 1 1 1 1 1 1 
std_que 0 0 0 0 0 0 0 0 0 0 0 0 0 0 0 0 0 0 0 0 
acc 0.986824 0.986824 0.986824 0.986824 0.986824 0.986824 0.986824 0.986824 0.986824 0.986824 0.986824 0.986824 0.986824 0.986824 0.986824 0.986824 0.986824 0.986824 0.986824 0.986824 
std_acc 0.000172769 0.000172769 0.000172769 0.000172769 0.000172769 0.000172769 0.000172769 0.000172769 0.000172769 0.000172769 0.000172769 0.000172769 0.000172769 0.000172769 0.000172769 0.000172769 0.000172769 0.000172769 0.000172769 0.000172769 
f1 0.967379 0.967379 0.967379 0.967379 0.967379 0.967379 0.967379 0.967379 0.967379 0.967379 0.967379 0.967379 0.967379 0.967379 0.967379 0.967379 0.967379 0.967379 0.967379 0.967379 
std_f1 0.000413931 0.000413931 0.000413931 0.000413931 0.000413931 0.000413931 0.000413931 0.000413931 0.000413931 0.000413931 0.000413931 0.000413931 0.000413931 0.000413931 0.000413931 0.000413931 0.000413931 0.000413931 0.000413931 0.000413931 
time 2.5232 2.5232 2.5232 2.5232 2.5232 2.5232 2.5232 2.5232 2.5232 2.5232 2.5232 2.5232 2.5232 2.5232 2.5232 2.5232 2.5232 2.5232 2.5232 2.5232 
std_time 0.0101043 0.0101043 0.0101043 0.0101043 0.0101043 0.0101043 0.0101043 0.0101043 0.0101043 0.0101043 0.0101043 0.0101043 0.0101043 0.0101043 0.0101043 0.0101043 0.0101043 0.0101043 0.0101043 0.0101043 
