APE
que 0.0013975 0.0021725 0.00517 0.0090525 0.017525 0.0321625 0.061615 0.103703 0.17443 0.280955 0.409075 0.567885 0.714735 0.822392 0.903905 0.946568 0.97261 0.98678 0.993495 0.99654 
std_que 0.000392898 0.000258106 0.000453982 0.000868256 0.00107732 0.00125019 0.00128239 0.00207482 0.00628205 0.00510269 0.0026042 0.00447205 0.00101108 0.00755732 0.00109703 0.00026799 0.000727255 0.000952943 0.000371786 0.000151327 
acc 0.962382 0.962357 0.96148 0.962573 0.95685 0.958738 0.95963 0.960075 0.962298 0.96321 0.963743 0.963902 0.963015 0.963205 0.96348 0.962283 0.962995 0.963078 0.96251 0.96241 
std_acc 0.0003906 0.000539276 0.00124744 0.00066923 0.00290345 0.00135156 0.000715262 0.00143766 0.000787952 0.00129563 0.0006333 0.00118009 3.57071e-05 0.000464193 0.000757859 0.000738626 0.00012339 0.000410632 0.000828191 0.000174356 
f1 0.00511506 0.0042694 0.00943944 0.00183405 0.106661 0.188582 0.265837 0.363889 0.426654 0.453944 0.480044 0.49282 0.489245 0.494174 0.501137 0.486463 0.497966 0.499408 0.491103 0.490167 
std_f1 0.00315 0.004989 0.00541587 0.00322907 0.00950818 0.0402471 0.0457052 0.01872 0.00892585 0.0204344 0.0119541 0.0109259 0.00320481 0.00757609 0.0113791 0.0103421 0.0012903 0.00544357 0.0115087 0.00234855 
time 0.0055073 0.0055276 0.00550285 0.0055517 0.0055099 0.0055903 0.0055229 0.005393 0.00539665 0.00543975 0.0054294 0.0053971 0.00531265 0.0052879 0.00521075 0.0051759 0.0051766 0.00513335 0.00512285 0.00512145 
std_time 0.000506595 0.000227272 7.46688e-05 0.000171555 8.62693e-05 0.000216376 8.21279e-05 6.31459e-05 5.87574e-05 4.17659e-05 6.40729e-05 8.32898e-05 3.56136e-05 3.55231e-05 4.12697e-05 3.3966e-05 3.73757e-05 2.93092e-05 3.74917e-05 2.89853e-05 
APAII
que 0.0013125 0.00211 0.004425 0.007865 0.0164 0.0309125 0.058815 0.102272 0.168372 0.268585 0.401352 0.55128 0.693198 0.80888 0.89468 0.942822 0.9692 0.985008 0.992725 0.99624 
std_que 0.000318934 0.00026674 0.000325 0.000949092 0.000574456 0.00145145 0.00111446 0.00219189 0.000549653 0.00150201 0.00307516 0.00120596 0.00180357 0.00350501 0.000834176 0.00144295 0.000598957 0.000937053 0.000114564 0.000422966 
acc 0.96325 0.963235 0.9633 0.96325 0.96345 0.963762 0.96564 0.968153 0.970485 0.97088 0.97216 0.972453 0.972482 0.972825 0.973468 0.973642 0.972868 0.973267 0.973205 0.972905 
std_acc 0 2.29129e-05 5e-05 0 0.00015411 0.000411362 0.000884534 0.000518767 0.000217428 0.000237382 5.14782e-05 0.000232096 0.000367857 0.000516599 0.000465369 0.000528033 0.000517754 0.000228186 0.000239217 0.000215 
f1 0 0 0.0027137 0 0.0180544 0.0387834 0.150593 0.290971 0.398667 0.42027 0.464871 0.478381 0.487352 0.497957 0.5171 0.522718 0.501924 0.508143 0.503651 0.501968 
std_f1 0 0 0.0027137 0 0.0109229 0.0318484 0.0527016 0.0231981 0.0165322 0.0106478 0.000808242 0.00681522 0.00681727 0.0117669 0.0113936 0.00780307 0.0106874 0.00805988 0.00505002 0.00234585 
time 0.00649555 0.00597675 0.00591365 0.0059554 0.0059198 0.0060533 0.00592695 0.0059409 0.00598505 0.0060342 0.006081 0.0060789 0.00607425 0.00606355 0.00604885 0.0060625 0.006047 0.00604765 0.00608385 0.0060416 
std_time 0.000655799 0.000272094 0.000117066 0.000143707 0.000106248 0.000268472 0.000116662 4.49053e-05 4.74378e-05 3.02582e-05 3.34335e-05 1.9375e-05 1.95573e-05 1.94768e-05 1.96908e-05 3.20383e-05 2.14709e-05 2.38396e-05 8.9322e-05 1.93608e-05 
ASOP
que 0.00686 0.0137525 0.03041 0.0550025 0.119475 0.23274 0.39848 0.59165 0.750743 0.864465 0.919458 0.960843 0.980342 0.989648 0.994798 0.997648 0.99846 0.99946 0.999615 0.999785 
std_que 0.0011468 0.000752575 0.00285953 0.00114417 0.00687754 0.00705947 0.016592 0.0120815 0.0100512 0.00563942 0.00336223 0.000237842 0.00082056 0.000944388 0.000504845 0.000711596 0.00017 0.000127083 0.000193714 6.72681e-05 
acc 0.963705 0.965542 0.97258 0.974553 0.9749 0.974837 0.974815 0.97337 0.972765 0.97175 0.971953 0.972228 0.971673 0.972045 0.972007 0.97137 0.971225 0.971903 0.97146 0.971185 
std_acc 0.0018967 0.00144562 0.00167036 0.0011767 0.000952628 0.000643598 0.000685219 0.00103131 0.000436205 0.000340955 0.000650476 0.0005618 0.000179217 0.000231247 0.00121966 0.000505816 0.000575 0.000703647 0.000317648 0.000485309 
f1 0.167421 0.351053 0.556003 0.59499 0.625481 0.641777 0.648478 0.635275 0.627435 0.6158 0.620479 0.624608 0.617 0.621206 0.621235 0.612939 0.610656 0.620063 0.614012 0.610582 
std_f1 0.117692 0.0763995 0.0516521 0.025854 0.010152 0.0127418 0.00693872 0.0151965 0.00801814 0.00481145 0.00879598 0.00754227 0.00266705 0.00313342 0.0162254 0.00593508 0.0073984 0.00940472 0.00418121 0.00652825 
time 0.0529373 0.0524819 0.0526497 0.0525049 0.0525134 0.0527968 0.0527892 0.0526117 0.0526792 0.052684 0.052643 0.0526859 0.0526891 0.0526447 0.0526505 0.0527581 0.052538 0.0525621 0.0525539 0.0525212 
std_time 0.000596039 0.000282444 0.000463338 0.000337327 0.000354421 0.00037173 0.00063219 0.000134364 0.000168047 0.000136004 0.000116213 0.000114909 0.000125406 0.000120754 0.000101943 0.000259888 0.000140422 0.000205469 0.000181817 0.000170237 
AROW
que 1 1 1 1 1 1 1 1 1 1 1 1 1 1 1 1 1 1 1 1 
std_que 0 0 0 0 0 0 0 0 0 0 0 0 0 0 0 0 0 0 0 0 
acc 0.982182 0.982182 0.982182 0.982182 0.982182 0.982182 0.982182 0.982182 0.982182 0.982182 0.982182 0.982182 0.982182 0.982182 0.982182 0.982182 0.982182 0.982182 0.982182 0.982182 
std_acc 0.000306706 0.000306706 0.000306706 0.000306706 0.000306706 0.000306706 0.000306706 0.000306706 0.000306706 0.000306706 0.000306706 0.000306706 0.000306706 0.000306706 0.000306706 0.000306706 0.000306706 0.000306706 0.000306706 0.000306706 
f1 0.72013 0.72013 0.72013 0.72013 0.72013 0.72013 0.72013 0.72013 0.72013 0.72013 0.72013 0.72013 0.72013 0.72013 0.72013 0.72013 0.72013 0.72013 0.72013 0.72013 
std_f1 0.00455288 0.00455288 0.00455288 0.00455288 0.00455288 0.00455288 0.00455288 0.00455288 0.00455288 0.00455288 0.00455288 0.00455288 0.00455288 0.00455288 0.00455288 0.00455288 0.00455288 0.00455288 0.00455288 0.00455288 
time 0.0077992 0.0077992 0.0077992 0.0077992 0.0077992 0.0077992 0.0077992 0.0077992 0.0077992 0.0077992 0.0077992 0.0077992 0.0077992 0.0077992 0.0077992 0.0077992 0.0077992 0.0077992 0.0077992 0.0077992 
std_time 0.000448222 0.000448222 0.000448222 0.000448222 0.000448222 0.000448222 0.000448222 0.000448222 0.000448222 0.000448222 0.000448222 0.000448222 0.000448222 0.000448222 0.000448222 0.000448222 0.000448222 0.000448222 0.000448222 0.000448222 
AAROW
que 0.00039 0.0006475 0.0015875 0.00271 0.006185 0.0121525 0.023105 0.0391 0.0671375 0.118197 0.199242 0.311358 0.466665 0.625858 0.764733 0.862243 0.922792 0.96154 0.98049 0.990973 
std_que 9.30054e-05 0.000122958 7.22409e-05 0.000288791 0.000660133 0.00111181 0.00146807 0.00197263 0.00240873 0.00560331 0.0125705 0.00646845 0.00327556 0.00554363 0.00283779 0.00419068 0.00197758 0.000570219 0.000514198 0.000337815 
acc 0.962975 0.963717 0.962813 0.963535 0.968005 0.97146 0.97401 0.980592 0.981195 0.98108 0.981795 0.982542 0.982187 0.981812 0.982068 0.98231 0.981767 0.982323 0.98187 0.981555 
std_acc 0.000476314 0.00141088 0.00128655 0.00135712 0.00312618 0.00351826 0.0027016 0.000380222 0.000728852 0.000697567 0.000363628 0.000355413 0.000298695 0.000306951 0.000196389 0.000208926 0.000500818 0.00057063 0.000406325 0.000386297 
f1 0.00325945 0.0273773 0.012592 0.0225029 0.260898 0.414963 0.488662 0.684653 0.690201 0.694378 0.711298 0.721212 0.713515 0.711971 0.719398 0.719038 0.710842 0.720955 0.713238 0.701629 
std_f1 0.00564554 0.0816823 0.0295676 0.0754974 0.158013 0.133984 0.0904139 0.00986931 0.0159837 0.00818192 0.00778127 0.0058411 0.00822035 0.00576813 0.00618367 0.00509757 0.0065718 0.0112659 0.00985583 0.00786027 
time 0.00568955 0.00560595 0.0058213 0.00561025 0.0058053 0.0057902 0.00592365 0.0060281 0.0062182 0.00654395 0.0067782 0.0070578 0.0073356 0.00744255 0.00754335 0.00781485 0.00760795 0.00764525 0.0076224 0.00768785 
std_time 0.000448848 0.000141944 0.000287445 6.76083e-05 0.00023978 0.000166355 0.000234307 8.9827e-05 8.39932e-05 0.000157265 0.000153791 0.000236437 0.000147762 6.45883e-05 7.2089e-05 0.000701989 9.71486e-05 7.88193e-05 8.82567e-05 0.000118737 
AAROW2
que 5e-05 6.75e-05 0.0001925 0.0002175 0.00039 0.00071 0.00221 0.00333 0.007205 0.0113525 0.0179175 0.02725 0.0492 0.0732925 0.119045 0.204635 0.318817 0.473405 0.6279 0.776283 
std_que 6.77626e-21 2.38485e-05 7.46241e-05 7.11952e-05 0.000100747 0.000271385 0.00133432 0.000918477 0.00173759 0.00124413 0.00199708 0.00158824 0.00111187 0.000908883 0.00522621 0.00903533 0.00467128 0.00399797 0.00482403 0.00913603 
acc 0.96325 0.96325 0.96325 0.96325 0.96325 0.96325 0.964782 0.964075 0.971935 0.97306 0.980065 0.97923 0.98044 0.981785 0.982187 0.982275 0.982365 0.98271 0.982345 0.98177 
std_acc 0 0 0 0 0 0 0.0023548 0.000825 0.00526368 0.00667697 0.00220998 0.000579526 0.000682569 0.000145 0.00041439 0.000519254 0.000324846 0.000377028 0.000586494 0.000561115 
f1 0 0 0 0 0 0 0.077079 0.0522959 0.372965 0.403072 0.651663 0.624428 0.670509 0.703097 0.711047 0.714222 0.722207 0.723185 0.721514 0.706589 
std_f1 0 0 0 0 0 0 0.118478 0.0522959 0.201654 0.23467 0.0686154 0.0147971 0.0201857 0.00322674 0.00263982 0.00733707 0.00571481 0.00483819 0.011384 0.011724 
time 0.0214067 0.0210495 0.0211124 0.0210487 0.0210523 0.0210732 0.0210132 0.0211926 0.0212047 0.0212886 0.0214168 0.021495 0.0217283 0.0217244 0.021829 0.0222885 0.0222185 0.0223591 0.0224696 0.0225079 
std_time 0.000425512 0.00029521 0.000263705 0.000185931 0.000176058 0.000262793 0.000238641 0.000201891 8.61302e-05 0.000119973 0.00019566 0.000200105 0.000135946 0.000156085 0.000127856 0.000441894 0.000125015 0.000100463 0.000141713 0.000124085 
RAROW
que 1.5e-05 6e-05 0.0002 0.0002825 0.0003825 0.000805 0.002295 0.003425 0.00725 0.01179 0.0171925 0.027155 0.0507025 0.0736025 0.11941 0.203473 0.315165 0.473627 0.626925 0.775953 
std_que 2.29129e-05 6.81909e-05 7.74597e-05 0.000186598 0.000195752 0.000511346 0.00124649 0.00114973 0.00223333 0.00153074 0.00180515 0.00204822 0.00170715 0.00325655 0.00448619 0.0116743 0.00430361 0.00606656 0.00280814 0.0123797 
acc 0.046705 0.309287 0.691423 0.707243 0.847587 0.926148 0.95134 0.95551 0.957862 0.95897 0.963537 0.969315 0.971 0.972545 0.976622 0.977905 0.979772 0.980375 0.981473 0.981078 
std_acc 0.0436108 0.334265 0.068479 0.105695 0.0711347 0.015172 0.0144252 0.00600572 0.00176223 0.0030416 0.00297577 0.00114565 0.000427785 0.00153573 0.000976406 0.000330114 0.000757046 0.00076673 0.000750745 0.000587042 
f1 0.0707136 0.0678596 0.0646117 0.0656141 0.0492662 0.0399392 0.0273512 0.0326514 0.249799 0.250882 0.275102 0.390501 0.449392 0.548944 0.613197 0.626476 0.659124 0.684954 0.705128 0.690598 
std_f1 0.00038366 0.00425136 0.00239014 0.0119166 0.0156628 0.0061157 0.0421774 0.0501692 0.174256 0.0811157 0.0943565 0.0598087 0.035512 0.0424579 0.030999 0.0163472 0.0228701 0.0111695 0.0163299 0.0123771 
time 0.0059501 0.00630295 0.00633285 0.0063968 0.00632785 0.0064434 0.00636425 0.00638425 0.0064243 0.00646355 0.00649845 0.006564 0.00660445 0.00655745 0.0066901 0.0069313 0.00706285 0.00738855 0.00769905 0.00797135 
std_time 0.000489142 0.000212728 0.000155142 0.000132732 0.000115702 0.000264553 0.00015841 0.000114035 0.000111956 9.61912e-05 0.000111433 9.03183e-05 0.000109118 9.4464e-05 8.90988e-05 6.41374e-05 6.98414e-05 0.000101054 0.000169741 7.42397e-05 
AROWC
que 1 1 1 1 1 1 1 1 1 1 1 1 1 1 1 1 1 1 1 1 
std_que 0 0 0 0 0 0 0 0 0 0 0 0 0 0 0 0 0 0 0 0 
acc 0.974493 0.974493 0.974493 0.974493 0.974493 0.974493 0.974493 0.974493 0.974493 0.974493 0.974493 0.974493 0.974493 0.974493 0.974493 0.974493 0.974493 0.974493 0.974493 0.974493 
std_acc 0.000909296 0.000909296 0.000909296 0.000909296 0.000909296 0.000909296 0.000909296 0.000909296 0.000909296 0.000909296 0.000909296 0.000909296 0.000909296 0.000909296 0.000909296 0.000909296 0.000909296 0.000909296 0.000909296 0.000909296 
f1 0.505988 0.505988 0.505988 0.505988 0.505988 0.505988 0.505988 0.505988 0.505988 0.505988 0.505988 0.505988 0.505988 0.505988 0.505988 0.505988 0.505988 0.505988 0.505988 0.505988 
std_f1 0.020232 0.020232 0.020232 0.020232 0.020232 0.020232 0.020232 0.020232 0.020232 0.020232 0.020232 0.020232 0.020232 0.020232 0.020232 0.020232 0.020232 0.020232 0.020232 0.020232 
time 0.0158487 0.0158487 0.0158487 0.0158487 0.0158487 0.0158487 0.0158487 0.0158487 0.0158487 0.0158487 0.0158487 0.0158487 0.0158487 0.0158487 0.0158487 0.0158487 0.0158487 0.0158487 0.0158487 0.0158487 
std_time 0.000782818 0.000782818 0.000782818 0.000782818 0.000782818 0.000782818 0.000782818 0.000782818 0.000782818 0.000782818 0.000782818 0.000782818 0.000782818 0.000782818 0.000782818 0.000782818 0.000782818 0.000782818 0.000782818 0.000782818 
