/******************************************/
PAI_C	 Acc	 F1	 Max_Acc
0.03125	0.96325	0	0.96325
0.0625	0.96325	0	0.96325
0.125	0.96375	0.0268456	0.96375
0.25	0.9676	0.232227	0.9676
0.5	0.9724	0.468208	0.9724
1	0.9718	0.533884	0.9724
2	0.967662	0.521659	0.9724
4	0.9675	0.525547	0.9724
8	0.96745	0.525164	0.9724
16	0.96745	0.525164	0.9724
32	0.96745	0.525164	0.9724
/******************************************/
/******************************************/
PAI_C	 Acc	 F1	 Max_Acc
0.03125	0.96685	0.18047	0.96685
0.0625	0.96955	0.327072	0.96955
0.125	0.97235	0.446446	0.97235
0.25	0.97375	0.524025	0.97375
0.5	0.97223	0.528204	0.97375
1	0.9697	0.518283	0.97375
2	0.968	0.509954	0.97375
4	0.9672	0.508982	0.97375
8	0.96655	0.510607	0.97375
16	0.96615	0.508351	0.97375
32	0.9659	0.507225	0.97375
/******************************************/
/******************************************/
PAI_C	 Acc	 F1	 Max_Acc
0.03125	0.03125	0.96325	0	0.96325
0.03125	0.0625	0.96325	0	0.96325
0.03125	0.125	0.96325	0	0.96325
0.03125	0.25	0.96325	0.00217096	0.96325
0.03125	0.5	0.96325	0.000542741	0.96325
0.03125	1	0.96325	0	0.96325
0.03125	2	0.96325	0	0.96325
0.03125	4	0.96325	0	0.96325
0.03125	8	0.96325	0	0.96325
0.03125	16	0.9699	0.308046	0.9699
0.03125	32	0.97795	0.599455	0.97795
0.0625	0.03125	0.96325	0	0.97795
0.0625	0.0625	0.96325	0	0.97795
0.0625	0.125	0.96325	0	0.97795
0.0625	0.25	0.96325	0	0.97795
0.0625	0.5	0.96325	0	0.97795
0.0625	1	0.96325	0	0.97795
0.0625	2	0.96325	0	0.97795
0.0625	4	0.96325	0	0.97795
0.0625	8	0.9675	0.207317	0.97795
0.0625	16	0.9772	0.565714	0.97795
0.0625	32	0.981783	0.702045	0.981783
0.125	0.03125	0.963248	0.000135501	0.981783
0.125	0.0625	0.963203	0.00257453	0.981783
0.125	0.125	0.96325	0	0.981783
0.125	0.25	0.96325	0	0.981783
0.125	0.5	0.963248	0.000135501	0.981783
0.125	1	0.9632	0.00271003	0.981783
0.125	2	0.963237	0.000677507	0.981783
0.125	4	0.969	0.270588	0.981783
0.125	8	0.97725	0.569536	0.981783
0.125	16	0.98115	0.681857	0.981783
0.125	32	0.9821	0.717666	0.9821
0.25	0.03125	0.96325	0	0.9821
0.25	0.0625	0.96325	0	0.9821
0.25	0.125	0.96325	0	0.9821
0.25	0.25	0.96325	0	0.9821
0.25	0.5	0.96325	0	0.9821
0.25	1	0.96325	0	0.9821
0.25	2	0.96685	0.178439	0.9821
0.25	4	0.97505	0.494428	0.9821
0.25	8	0.97955	0.635147	0.9821
0.25	16	0.98139	0.696641	0.9821
0.25	32	0.98165	0.716164	0.9821
0.5	0.03125	0.96325	0	0.9821
0.5	0.0625	0.96325	0	0.9821
0.5	0.125	0.96325	0	0.9821
0.5	0.25	0.96325	0	0.9821
0.5	0.5	0.96325	0	0.9821
0.5	1	0.96405	0.04211	0.9821
0.5	2	0.97005	0.31386	0.9821
0.5	4	0.97735	0.576239	0.9821
0.5	8	0.9805	0.673367	0.9821
0.5	16	0.98145	0.705322	0.9821
0.5	32	0.9808	0.701863	0.9821
1	0.03125	0.96325	0	0.9821
1	0.0625	0.96325	0	0.9821
1	0.125	0.96325	0	0.9821
1	0.25	0.96325	0	0.9821
1	0.5	0.96325	0	0.9821
1	1	0.967998	0.229285	0.9821
1	2	0.9751	0.5	0.9821
1	4	0.97875	0.623561	0.9821
1	8	0.981	0.690554	0.9821
1	16	0.98075	0.700855	0.9821
1	32	0.9797	0.686728	0.9821
2	0.03125	0.96325	0	0.9821
2	0.0625	0.96325	0	0.9821
2	0.125	0.96325	0	0.9821
2	0.25	0.96325	0	0.9821
2	0.5	0.96555	0.117491	0.9821
2	1	0.97175	0.387866	0.9821
2	2	0.97755	0.589954	0.9821
2	4	0.9806	0.676667	0.9821
2	8	0.9811	0.698565	0.9821
2	16	0.9811	0.708783	0.9821
2	32	0.98005	0.702461	0.9821
4	0.03125	0.96325	0	0.9821
4	0.0625	0.96325	0	0.9821
4	0.125	0.96325	0	0.9821
4	0.25	0.96325	0	0.9821
4	0.5	0.96765	0.215758	0.9821
4	1	0.9732	0.442827	0.9821
4	2	0.97815	0.605239	0.9821
4	4	0.9805	0.673658	0.9821
4	8	0.9807	0.694136	0.9821
4	16	0.97935	0.686409	0.9821
4	32	0.97795	0.67065	0.9821
8	0.03125	0.96325	0	0.9821
8	0.0625	0.96325	0	0.9821
8	0.125	0.96325	0	0.9821
8	0.25	0.96385	0.0321285	0.9821
8	0.5	0.9691	0.276347	0.9821
8	1	0.97425	0.480323	0.9821
8	2	0.97825	0.610564	0.9821
8	4	0.9804	0.6771	0.9821
8	8	0.980368	0.691961	0.9821
8	16	0.97855	0.67426	0.9821
8	32	0.9757	0.646288	0.9821
16	0.03125	0.96325	0	0.9821
16	0.0625	0.96325	0	0.9821
16	0.125	0.96325	0	0.9821
16	0.25	0.96575	0.127389	0.9821
16	0.5	0.97053	0.33929	0.9821
16	1	0.97545	0.522838	0.9821
16	2	0.97935	0.63419	0.9821
16	4	0.98025	0.681195	0.9821
16	8	0.97965	0.689076	0.9821
16	16	0.9778	0.676385	0.9821
16	32	0.975323	0.646144	0.9821
32	0.03125	0.96325	0	0.9821
32	0.0625	0.96325	0	0.9821
32	0.125	0.96325	0	0.9821
32	0.25	0.96605	0.141593	0.9821
32	0.5	0.9715	0.376368	0.9821
32	1	0.97505	0.514302	0.9821
32	2	0.9784	0.62565	0.9821
32	4	0.97935	0.670916	0.9821
32	8	0.9769	0.653153	0.9821
32	16	0.9761	0.654624	0.9821
32	32	0.974	0.631206	0.9821
/******************************************/
/******************************************/
PAI_C	 Acc	 F1	 Max_Acc
0.03125	0.974363	0.500202	0.974363
0.0625	0.97615	0.565969	0.97615
0.125	0.97615	0.565969	0.97615
0.25	0.97615	0.565969	0.97615
0.5	0.973945	0.487884	0.97615
1	0.9737	0.479208	0.97615
2	0.9737	0.479208	0.97615
4	0.97415	0.501382	0.97615
8	0.9742	0.503846	0.97615
16	0.9742	0.503846	0.97615
32	0.97408	0.491705	0.97615
/******************************************/

Best PAI_C: 	0.5
Best PAII_C:	0.25
Best AROW_r=0.125	 AROW_eta=32
Best AROWC_r=0.0625
