APE
que 0.00278917 0.00569138 0.00875394 0.0197056 0.0314932 0.052776 0.0944585 0.176651 0.293523 0.46592 0.634637 0.781396 0.87377 0.933005 0.964406 0.981856 0.991467 0.99633 0.998252 0.998914 
std_que 0.00078027 0.000934893 0.00118297 0.00200905 0.00283063 0.00106011 0.00177723 0.00135417 0.00339296 0.00327114 0.00739226 0.00472737 0.000150464 0.000884137 0.00178759 0.000727739 0.000366189 0.000486323 0.000416275 8.84078e-05 
acc 0.646806 0.617043 0.623686 0.659674 0.666546 0.676845 0.670841 0.672605 0.661622 0.651998 0.639464 0.636738 0.630016 0.629253 0.632939 0.628052 0.630045 0.626872 0.625773 0.626136 
std_acc 0.0288217 0.00429594 0.0258412 0.00103028 0.00434847 0.00356583 0.00306508 0.00193095 0.00405129 0.00605289 0.00388931 0.00166276 0.000150464 0.00223504 0.00291798 0.00265432 0.000496971 0.00157955 0.000872766 0.00346217 
f1 0.242863 0.345347 0.378296 0.482705 0.449826 0.484772 0.50386 0.50697 0.489468 0.491339 0.479212 0.478642 0.470057 0.470898 0.477647 0.471283 0.473929 0.469834 0.468504 0.468885 
std_f1 0.107999 0.0217566 0.0659382 0.00457397 0.0301848 0.0155487 0.0190961 0.00819414 0.00343097 0.00640311 0.00338395 0.00177806 0.000977802 0.00244493 0.00425019 0.0039393 0.000374004 0.00244012 0.00123955 0.00478621 
time 0.00460235 0.0043678 0.0047865 0.0049192 0.00588685 0.00510675 0.0045881 0.0056164 0.0057963 0.00497515 0.0048643 0.00464975 0.00547765 0.0065966 0.0056174 0.0047807 0.0047351 0.00603075 0.00633195 0.0051143 
std_time 0.000248641 0.000151758 0.000560708 0.00090041 0.00114318 0.00105754 0.0002851 0.000575888 0.000750161 0.000509338 0.000262324 0.000140816 0.000627849 0.00123259 0.000668298 0.000301098 0.000170982 0.00088686 0.000592008 0.000297611 
APAII
que 0.00655363 0.0145373 0.0272345 0.0422608 0.0735016 0.114522 0.181304 0.286885 0.407211 0.564238 0.715405 0.828533 0.904677 0.948486 0.973344 0.985644 0.993701 0.997045 0.998423 0.999085 
std_que 0.00104998 0.00392852 0.000473186 0.000309084 0.00158568 0.00207204 0.00594986 0.00082755 0.00429604 0.00404385 0.000386355 0.00212222 7.52318e-05 0.000361058 0.000893796 0.00018249 0.000627752 0.000389064 0.000105152 0.000100309 
acc 0.664929 0.680865 0.698002 0.697234 0.706167 0.714401 0.714627 0.71796 0.720181 0.718065 0.717066 0.71862 0.715268 0.717053 0.71693 0.715883 0.716635 0.715187 0.715836 0.714748 
std_acc 0.00885643 0.0124985 0.00368034 0.00157118 0.00350972 0.00305987 0.000592411 0.000100309 0.00113317 0.000540897 0.000669682 0.00171686 0.0011034 0.000168961 0.000210305 0.00123144 0.000837003 0.000457224 0.000300927 0.000748635 
f1 0.124712 0.243608 0.349625 0.373869 0.436055 0.475594 0.491344 0.498313 0.5023 0.492059 0.487529 0.488433 0.470622 0.475091 0.474732 0.472522 0.473163 0.470656 0.471201 0.468896 
std_f1 0.0646397 0.0916561 0.000910888 0.00535143 0.018577 0.0142331 0.0013988 0.00134076 0.0047779 0.000980331 0.00241066 0.0038349 0.00170662 0.0017229 8.27698e-05 0.00235979 0.00247761 0.000715582 0.00199951 0.00306742 
time 0.0052699 0.00526435 0.0056004 0.0059244 0.0068684 0.00602575 0.0055359 0.00653915 0.0066823 0.00604695 0.006017 0.00587455 0.00655625 0.00813005 0.00669625 0.0060169 0.00595165 0.0075627 0.0076493 0.0063115 
std_time 0.000194018 0.000144474 0.000404352 0.00128242 0.00127261 0.000985879 0.000323148 0.00063138 0.000614411 0.000497586 0.000376369 0.000184697 0.000716414 0.00138743 0.000489082 0.00032511 0.000197848 0.00138906 0.000922896 0.00029194 
ASOP
que 0.0252156 0.130915 0.381782 0.640158 0.803675 0.903665 0.948517 0.976596 0.987889 0.993533 0.996877 0.998488 0.999298 0.999748 0.999895 0.999842 0.999947 0.999966 0.999955 0.999989 
std_que 0.00327708 0.010527 0.000604627 0.0125437 0.00422298 0.00195157 0.00198329 0.000727241 0.000322509 0.000386355 0.000283327 2.27662e-05 2.50773e-05 2.10305e-05 5.25762e-05 5.55112e-16 0 2.50773e-05 1.87735e-05 2.10305e-05 
acc 0.694803 0.694508 0.695952 0.6847 0.679679 0.673281 0.671451 0.669261 0.671443 0.667886 0.669201 0.671393 0.666943 0.669345 0.675657 0.674411 0.670996 0.671501 0.669766 0.66933 
std_acc 0.00839007 0.00252494 0.00189274 0.00025757 0.00140571 9.63738e-05 0.00051514 0.00152971 0.00204935 0.000309084 0.000824224 0.00125479 0.000376159 0.00230278 0.00431125 0.00250371 0.000601596 0.00171381 0.000478552 0.00211329 
f1 0.512037 0.509183 0.545526 0.536022 0.538071 0.5329 0.531847 0.530067 0.532779 0.528048 0.52995 0.533073 0.526538 0.53001 0.539078 0.537219 0.532343 0.533127 0.530492 0.53003 
std_f1 0.0393047 0.00993023 0.00152816 0.00339462 0.00303951 0.000119593 0.000527941 0.00209002 0.00288835 0.000162795 0.00124007 0.00181293 0.000517867 0.00329497 0.0060234 0.00358249 0.000733457 0.00244867 0.000617366 0.00298174 
time 0.0230941 0.0230481 0.0242778 0.0258359 0.0281021 0.0259158 0.0249807 0.0290511 0.0260971 0.0246836 0.0248196 0.0242695 0.0257258 0.0280492 0.0252558 0.0243659 0.0242988 0.0277948 0.0275926 0.02467 
std_time 0.00149652 0.000401058 0.000588485 0.00373543 0.00371076 0.00250757 0.00142736 0.00468614 0.00113667 0.00069889 0.000866646 0.000347742 0.00102661 0.00315647 0.00065011 0.000695182 0.000421833 0.00347085 0.00242057 0.00042671 
AROW
que 1 1 1 1 1 1 1 1 1 1 1 1 1 1 1 1 1 1 1 1 
std_que 0 0 0 0 0 0 0 0 0 0 0 0 0 0 0 0 0 0 0 0 
acc 0.759401 0.759401 0.759401 0.759401 0.759401 0.759401 0.759401 0.759401 0.759401 0.759401 0.759401 0.759401 0.759401 0.759401 0.759401 0.759401 0.759401 0.759401 0.759401 0.759401 
std_acc 0.000418502 0.000418502 0.000418502 0.000418502 0.000418502 0.000418502 0.000418502 0.000418502 0.000418502 0.000418502 0.000418502 0.000418502 0.000418502 0.000418502 0.000418502 0.000418502 0.000418502 0.000418502 0.000418502 0.000418502 
f1 0.588777 0.588777 0.588777 0.588777 0.588777 0.588777 0.588777 0.588777 0.588777 0.588777 0.588777 0.588777 0.588777 0.588777 0.588777 0.588777 0.588777 0.588777 0.588777 0.588777 
std_f1 0.00104036 0.00104036 0.00104036 0.00104036 0.00104036 0.00104036 0.00104036 0.00104036 0.00104036 0.00104036 0.00104036 0.00104036 0.00104036 0.00104036 0.00104036 0.00104036 0.00104036 0.00104036 0.00104036 0.00104036 
time 0.0145617 0.0145617 0.0145617 0.0145617 0.0145617 0.0145617 0.0145617 0.0145617 0.0145617 0.0145617 0.0145617 0.0145617 0.0145617 0.0145617 0.0145617 0.0145617 0.0145617 0.0145617 0.0145617 0.0145617 
std_time 0.000332896 0.000332896 0.000332896 0.000332896 0.000332896 0.000332896 0.000332896 0.000332896 0.000332896 0.000332896 0.000332896 0.000332896 0.000332896 0.000332896 0.000332896 0.000332896 0.000332896 0.000332896 0.000332896 0.000332896 
AAROW
que 0.000194532 0.000499474 0.00186646 0.00352787 0.00920347 0.0184805 0.0583675 0.130762 0.219458 0.360715 0.520042 0.674093 0.800636 0.88826 0.939372 0.967655 0.984043 0.992587 0.996548 0.997976 
std_que 4.10634e-05 0.000351711 0.000920084 0.000311001 0.00134316 0.00156607 0.0039985 0.0071721 0.00757931 0.00133936 7.7271e-05 0.00212767 0.000652009 0.00172824 0.00219762 0.000300007 0.00130782 0.000196722 0.000463827 0.000184766 
acc 0.649414 0.657674 0.661672 0.692003 0.696433 0.699716 0.723759 0.739198 0.747474 0.752103 0.756278 0.758394 0.760129 0.758728 0.759997 0.759742 0.760074 0.759356 0.759606 0.758849 
std_acc 0.00344048 0.0111777 0.0303891 0.00559723 0.00598347 0.0105529 0.00520717 0.00117863 0.000893405 0.00193177 0.000798467 0.000509278 0.000978013 0.00121904 0.00010286 0.000279249 0.000313876 0.000190639 0.000372179 0.00110973 
f1 0.0114498 0.116538 0.393106 0.364658 0.454508 0.540881 0.561143 0.579463 0.585991 0.592688 0.592883 0.598958 0.592754 0.586592 0.59092 0.590395 0.588824 0.587114 0.584989 0.586981 
std_f1 0.0411328 0.125834 0.0242821 0.025282 0.0270054 0.0704064 0.0161903 0.011914 0.00430952 0.0102497 0.00135126 0.00399102 0.00340232 0.00249814 0.00141815 0.000835828 0.00145123 0.00140491 0.00278539 0.00166318 
time 0.00456965 0.0045786 0.00511775 0.0049922 0.0064792 0.0053244 0.00564365 0.0089064 0.0088669 0.00950675 0.0109714 0.0121374 0.0146743 0.016582 0.0151654 0.0146606 0.014685 0.0169775 0.0169419 0.0151637 
std_time 0.000298697 0.000210537 0.000399485 0.000500984 0.000877889 0.00040795 0.000505248 0.00156957 0.000562742 0.00047314 0.000320262 0.000302091 0.00131698 0.00146394 0.00044238 0.000332545 0.000290938 0.00207053 0.00151577 0.000283458 
AAROW2
que 0.0129548 0.012521 0.011572 0.0125657 0.0144769 0.013817 0.0114958 0.0134043 0.0177287 0.022642 0.0405047 0.0781625 0.149067 0.247043 0.375868 0.526307 0.680436 0.809193 0.89081 0.941038 
std_que 0.00175823 0.000664476 0.000478963 0.0011624 0.000892601 0.00226479 0.00185612 0.00107832 0.00104567 0.00204705 0.000412112 0.00436175 0.00112848 0.00329191 0.00296182 0.00267681 0.0058068 0.000877767 0.00160625 0.00257851 
acc 0.723959 0.719293 0.710045 0.714274 0.718988 0.603407 0.518481 0.717592 0.720597 0.722658 0.711062 0.736101 0.746564 0.751517 0.756851 0.759004 0.760694 0.758904 0.760999 0.759159 
std_acc 0.00452113 0.00138411 0.0080468 0.0102131 0.0048287 0.156463 0.171164 0.00210649 0.00427082 0.00716604 0.00607865 0.00844086 0.000526623 0.000677861 0.00227747 0.000712185 0.000776706 0.000634034 0.00131814 0.000736743 
f1 0.458863 0.438085 0.435288 0.447578 0.431358 0.441949 0.45654 0.411624 0.442287 0.497865 0.474117 0.595521 0.612969 0.602052 0.609137 0.600302 0.5998 0.592131 0.590779 0.589715 
std_f1 0.0589435 0.0271501 0.0249027 0.00949086 0.00852859 0.0453999 0.0650731 0.0253793 0.0682473 0.0593649 0.0148619 0.0358678 0.00401136 0.0014475 0.00562259 0.00304801 0.0068013 0.00213245 0.00266966 0.00146487 
time 0.0112926 0.0111756 0.0118036 0.0115978 0.0141532 0.0118315 0.0118401 0.0138151 0.0129905 0.0116286 0.0116218 0.0119669 0.0135701 0.015725 0.0150908 0.0152721 0.0160722 0.0192119 0.0197324 0.0179126 
std_time 0.000644297 0.000323163 0.000591065 0.000595779 0.00264904 0.00127794 0.00152989 0.0016936 0.000912916 0.000648829 0.000591651 0.000465235 0.000908712 0.00155796 0.00056616 0.000381271 0.00043084 0.00116981 0.00285289 0.00049742 
RAROW
que 0.0121136 0.0120137 0.0111882 0.0127629 0.014285 0.0125946 0.0108018 0.0137119 0.0169348 0.0214616 0.0410305 0.0774185 0.148922 0.243375 0.373197 0.522174 0.678165 0.81321 0.893478 0.940891 
std_que 0.00274105 0.000747896 0.000896976 0.00185936 0.000691153 0.00205495 0.00201597 0.00151932 0.001133 0.00138522 0.000421398 0.00466762 0.00367318 0.00387929 0.006415 0.00418976 0.00772869 0.00210901 0.0043095 0.00556059 
acc 0.675573 0.670641 0.659125 0.681627 0.696007 0.683757 0.674193 0.677818 0.691314 0.689848 0.706648 0.721548 0.726391 0.737048 0.742603 0.75183 0.752813 0.756459 0.757442 0.758223 
std_acc 0.0176436 0.0113568 0.00513424 0.0165728 0.00946379 0.0117494 0.00815463 0.00794216 0.00776743 0.0040571 0.00160004 0.001988 0.000964953 0.00171927 0.000947554 0.00138642 0.00183366 0.000590231 0.000537584 0.0009391 
f1 0.481376 0.479425 0.447199 0.45538 0.516994 0.477414 0.467339 0.481379 0.454851 0.481327 0.497137 0.521505 0.505079 0.531824 0.54259 0.569544 0.571289 0.579536 0.58073 0.586 
std_f1 0.0486228 0.0256622 0.0377137 0.0356344 0.0217968 0.0265333 0.0180996 0.00785251 0.0175476 0.00594001 0.00597381 0.0143017 0.00567657 0.00660347 0.00635005 0.00634937 0.00777795 0.00253606 0.00423245 0.00347877 
time 0.0049657 0.00486175 0.00538095 0.00540975 0.0064567 0.00538885 0.0051331 0.0061825 0.00614875 0.00522965 0.00534425 0.0055649 0.0073393 0.00969815 0.00945935 0.0102792 0.0117756 0.0153289 0.0162402 0.0147784 
std_time 0.000394465 0.000182196 0.000434518 0.000876765 0.00117911 0.000836473 0.000475968 0.000812268 0.000386649 0.000549402 0.000330363 0.000250781 0.000666294 0.0016689 0.000508488 0.000274942 0.000253637 0.00168178 0.0015942 0.000371557 
AROWC
que 1 1 1 1 1 1 1 1 1 1 1 1 1 1 1 1 1 1 1 1 
std_que 0 0 0 0 0 0 0 0 0 0 0 0 0 0 0 0 0 0 0 0 
acc 0.732871 0.732871 0.732871 0.732871 0.732871 0.732871 0.732871 0.732871 0.732871 0.732871 0.732871 0.732871 0.732871 0.732871 0.732871 0.732871 0.732871 0.732871 0.732871 0.732871 
std_acc 0.000180299 0.000180299 0.000180299 0.000180299 0.000180299 0.000180299 0.000180299 0.000180299 0.000180299 0.000180299 0.000180299 0.000180299 0.000180299 0.000180299 0.000180299 0.000180299 0.000180299 0.000180299 0.000180299 0.000180299 
f1 0.506039 0.506039 0.506039 0.506039 0.506039 0.506039 0.506039 0.506039 0.506039 0.506039 0.506039 0.506039 0.506039 0.506039 0.506039 0.506039 0.506039 0.506039 0.506039 0.506039 
std_f1 0.00130442 0.00130442 0.00130442 0.00130442 0.00130442 0.00130442 0.00130442 0.00130442 0.00130442 0.00130442 0.00130442 0.00130442 0.00130442 0.00130442 0.00130442 0.00130442 0.00130442 0.00130442 0.00130442 0.00130442 
time 0.0221143 0.0221143 0.0221143 0.0221143 0.0221143 0.0221143 0.0221143 0.0221143 0.0221143 0.0221143 0.0221143 0.0221143 0.0221143 0.0221143 0.0221143 0.0221143 0.0221143 0.0221143 0.0221143 0.0221143 
std_time 0.000593498 0.000593498 0.000593498 0.000593498 0.000593498 0.000593498 0.000593498 0.000593498 0.000593498 0.000593498 0.000593498 0.000593498 0.000593498 0.000593498 0.000593498 0.000593498 0.000593498 0.000593498 0.000593498 0.000593498 
