APE
que 0.00243772 0.0036032 0.00725089 0.0149466 0.0302313 0.0474911 0.0828915 0.132046 0.211121 0.32476 0.462028 0.60927 0.748888 0.85677 0.920516 0.957162 0.979048 0.988594 0.99395 0.996993 
std_que 0.00093666 0.0011734 0.00209169 0.0015461 0.00246035 0.00547942 0.00421572 0.00522959 0.00505241 0.00328641 0.00634371 0.0134885 0.00602146 0.00451111 0.0038797 0.00175416 0.00129768 0.000449794 0.000576578 0.000521507 
acc 0.883995 0.893986 0.887393 0.887411 0.895231 0.904884 0.912642 0.926806 0.934004 0.936432 0.938425 0.93871 0.941833 0.94056 0.942224 0.940418 0.940187 0.941112 0.938879 0.940827 
std_acc 0.029031 0.00901076 0.00993582 0.00432274 0.00495915 0.00438441 0.00456033 0.00261891 0.00395078 0.00211428 0.00266813 0.00294078 0.00171401 0.00189523 0.00237203 0.000979901 0.00133544 0.00166204 0.00151246 0.00151557 
f1 0.0346165 0.0384857 0.0518503 0.167501 0.36492 0.378661 0.531613 0.608525 0.657297 0.67998 0.69046 0.694081 0.709888 0.70437 0.713008 0.704079 0.703041 0.707584 0.696524 0.706347 
std_f1 0.0573811 0.0644646 0.0540924 0.0385135 0.0878039 0.139556 0.0264867 0.0211772 0.0247844 0.00772076 0.0120063 0.0140556 0.00844195 0.0100222 0.01185 0.00479694 0.00633012 0.00799825 0.00764238 0.00744018 
time 0.00196695 0.00187 0.0018591 0.00185525 0.0018645 0.001866 0.0018781 0.0018789 0.0018874 0.00189285 0.00190475 0.00191045 0.0019489 0.00200515 0.00208575 0.0019719 0.001953 0.00197835 0.0020286 0.0019536 
std_time 0.000141382 2.02015e-05 1.75325e-05 1.48791e-05 1.4531e-05 1.78213e-05 1.74037e-05 1.92715e-05 1.31126e-05 1.2179e-05 2.7973e-05 3.07367e-05 4.82223e-05 6.94531e-05 6.67127e-05 6.712e-05 6.76003e-05 3.95288e-05 5.23483e-05 3.71179e-05 
APAII
que 0.00185053 0.00307829 0.00574733 0.0128114 0.0251957 0.0458541 0.0785765 0.118577 0.187233 0.277278 0.40081 0.546753 0.692642 0.81427 0.895552 0.942002 0.971005 0.983968 0.9921 0.995827 
std_que 0.000642543 0.000919604 0.00176695 0.00268972 0.00304338 0.00201083 0.0023622 0.000900996 0.00166146 0.0040654 0.0108489 0.0079599 0.00528181 0.00407842 0.00365311 0.00132257 0.001587 0.000621249 0.000800514 0.000549805 
acc 0.898692 0.897838 0.898861 0.901824 0.907126 0.916931 0.932669 0.93839 0.947536 0.951352 0.95476 0.955374 0.954528 0.955018 0.957429 0.954982 0.95677 0.955605 0.956112 0.956717 
std_acc 0.00154331 0.00309643 0.00192171 0.00272589 0.00249013 0.00581697 0.00372877 0.00244095 0.00349193 0.00155773 0.000605701 0.00100435 0.000962295 0.00116762 0.00140093 0.000805639 0.00162933 0.000996282 0.00146544 0.00171029 
f1 0.0134025 0.0310848 0.027325 0.136582 0.251062 0.398876 0.586447 0.637057 0.709389 0.733337 0.756342 0.761095 0.757018 0.760222 0.774402 0.760424 0.77053 0.76381 0.766428 0.769228 
std_f1 0.0182865 0.0503525 0.0321866 0.125702 0.051617 0.0884543 0.0278092 0.0261633 0.0265034 0.00824803 0.00262551 0.00508943 0.00494949 0.00600529 0.00864973 0.00373044 0.00855657 0.0051716 0.00760484 0.00837055 
time 0.0021162 0.00210415 0.00211535 0.00211535 0.00211105 0.0021211 0.0021452 0.00215035 0.00218045 0.0022078 0.0022357 0.002335 0.0023461 0.0024512 0.0023322 0.00229815 0.00238175 0.0022914 0.0022697 0.00226455 
std_time 4.46605e-05 2.37071e-05 3.17384e-05 1.82682e-05 1.68329e-05 1.53098e-05 2.13813e-05 2.10197e-05 1.61786e-05 2.40657e-05 1.68882e-05 5.14947e-05 5.68136e-05 0.00026293 9.56361e-05 5.51963e-05 0.000129693 2.56698e-05 1.83087e-05 1.48036e-05 
ASOP
que 0.0080427 0.0162989 0.0319484 0.0545374 0.0918505 0.157198 0.2521 0.38919 0.544653 0.701806 0.818897 0.896192 0.947322 0.973327 0.985747 0.993132 0.996779 0.998052 0.999217 0.999217 
std_que 0.00183852 0.0016591 0.0016838 0.00453038 0.00364252 0.00615527 0.00834207 0.0104864 0.0125276 0.0118926 0.0107434 0.00473604 0.00166774 0.00240437 0.00169357 0.000833455 0.000562401 0.000465618 0.000294536 0.000277945 
acc 0.901815 0.91202 0.934813 0.94048 0.949991 0.95395 0.957082 0.958968 0.960178 0.960347 0.958283 0.959075 0.959555 0.959431 0.958212 0.959004 0.959528 0.959244 0.959128 0.95911 
std_acc 0.00507526 0.00598073 0.00463395 0.00812147 0.00454224 0.00128878 0.00168204 0.00139926 0.0014495 0.000678202 0.00144608 0.00191229 0.00201319 0.000351395 0.000714574 0.000669096 0.00161076 0.00184013 0.00124568 0.00136397 
f1 0.23354 0.408568 0.65421 0.681995 0.741637 0.77166 0.784293 0.795731 0.801294 0.803553 0.793177 0.796591 0.799268 0.79908 0.792796 0.796561 0.799008 0.797725 0.797141 0.796891 
std_f1 0.153949 0.0826378 0.017543 0.0708462 0.0276319 0.00541286 0.00895483 0.00860413 0.0080532 0.00373801 0.00697773 0.0089873 0.0101591 0.00206728 0.00377838 0.00300023 0.00805612 0.00904343 0.00606398 0.00671158 
time 0.145339 0.145133 0.145754 0.145099 0.145175 0.145348 0.146017 0.146054 0.146241 0.146307 0.146796 0.148688 0.14692 0.146952 0.146748 0.146835 0.146744 0.146514 0.146799 0.146742 
std_time 0.000698029 0.000359009 0.00104612 0.000235339 0.000185357 0.000227197 0.000591347 0.000234445 0.000141089 0.000254197 0.000256236 0.00691954 0.000154862 0.000672913 0.000189171 0.000221601 0.000233476 0.000181209 0.000232522 0.000142689 
AROW
que 1 1 1 1 1 1 1 1 1 1 1 1 1 1 1 1 1 1 1 1 
std_que 0 0 0 0 0 0 0 0 0 0 0 0 0 0 0 0 0 0 0 0 
acc 0.971762 0.971762 0.971762 0.971762 0.971762 0.971762 0.971762 0.971762 0.971762 0.971762 0.971762 0.971762 0.971762 0.971762 0.971762 0.971762 0.971762 0.971762 0.971762 0.971762 
std_acc 0.00112128 0.00112128 0.00112128 0.00112128 0.00112128 0.00112128 0.00112128 0.00112128 0.00112128 0.00112128 0.00112128 0.00112128 0.00112128 0.00112128 0.00112128 0.00112128 0.00112128 0.00112128 0.00112128 0.00112128 
f1 0.855506 0.855506 0.855506 0.855506 0.855506 0.855506 0.855506 0.855506 0.855506 0.855506 0.855506 0.855506 0.855506 0.855506 0.855506 0.855506 0.855506 0.855506 0.855506 0.855506 
std_f1 0.00685111 0.00685111 0.00685111 0.00685111 0.00685111 0.00685111 0.00685111 0.00685111 0.00685111 0.00685111 0.00685111 0.00685111 0.00685111 0.00685111 0.00685111 0.00685111 0.00685111 0.00685111 0.00685111 0.00685111 
time 0.0150735 0.0150735 0.0150735 0.0150735 0.0150735 0.0150735 0.0150735 0.0150735 0.0150735 0.0150735 0.0150735 0.0150735 0.0150735 0.0150735 0.0150735 0.0150735 0.0150735 0.0150735 0.0150735 0.0150735 
std_time 0.000963513 0.000963513 0.000963513 0.000963513 0.000963513 0.000963513 0.000963513 0.000963513 0.000963513 0.000963513 0.000963513 0.000963513 0.000963513 0.000963513 0.000963513 0.000963513 0.000963513 0.000963513 0.000963513 0.000963513 
AAROW
que 0.00104982 0.00281139 0.00442171 0.0106228 0.0161922 0.0235053 0.0410587 0.066984 0.112046 0.17282 0.270329 0.399475 0.554066 0.696423 0.813861 0.894333 0.940116 0.967731 0.984021 0.99218 
std_que 0.000600517 0.00139722 0.00172632 0.00184239 0.0011976 0.00200674 0.00151598 0.00234138 0.0045201 0.00552974 0.00802368 0.00772957 0.0164902 0.0172487 0.00765122 0.00461615 0.00139934 0.00211458 0.00153335 0.00114555 
acc 0.896779 0.867224 0.908879 0.91653 0.933149 0.925667 0.947242 0.960249 0.964004 0.966459 0.968372 0.969262 0.970276 0.970916 0.971886 0.971486 0.972322 0.970863 0.971121 0.970445 
std_acc 0.00629524 0.0588935 0.0109495 0.0184586 0.00784132 0.0124074 0.00505304 0.00328406 0.00254647 0.00229565 0.00111246 0.00161214 0.00161371 0.0010564 0.00096971 0.00120008 0.000895842 0.000845664 0.00056856 0.00122879 
f1 0.0347991 0.122038 0.21029 0.542333 0.590258 0.459675 0.700114 0.78746 0.811227 0.825065 0.837678 0.841641 0.845655 0.849764 0.854354 0.853474 0.857267 0.850853 0.852331 0.847327 
std_f1 0.0549101 0.161671 0.233421 0.148235 0.0981261 0.168478 0.0328734 0.0173483 0.0142283 0.0139571 0.00793664 0.00931704 0.00912505 0.00759917 0.00606191 0.00515802 0.00477785 0.00514951 0.00337807 0.00745176 
time 0.00210745 0.0021461 0.00228145 0.00294755 0.00321265 0.0033965 0.0046209 0.0059647 0.00766815 0.00906635 0.0108644 0.0124668 0.0133679 0.0140535 0.0144126 0.0145705 0.0140708 0.014335 0.0145166 0.0148204 
std_time 0.000123896 0.000238497 0.000230594 0.000344999 0.000238925 0.000405563 0.000205227 0.000256394 0.000478536 0.000645263 0.000332541 0.000482279 0.000586892 0.00100281 0.00045025 0.000352936 0.000313171 0.000251902 0.000623653 0.000431176 
AAROW2
que 0.0109964 0.00746441 0.00106762 0.00605872 0.0135854 0.0124911 0.0197509 0.0166281 0.0283096 0.0347242 0.0448488 0.0599199 0.0829093 0.121833 0.195205 0.288452 0.408888 0.559511 0.704448 0.820605 
std_que 0.0131067 0.0123557 0.00277717 0.00894214 0.0130198 0.00880533 0.010985 0.00984268 0.00519862 0.00392923 0.00320506 0.00269963 0.00586635 0.0075624 0.00465889 0.00583915 0.00976566 0.00689544 0.00972367 0.00480842 
acc 0.922278 0.895187 0.900498 0.828603 0.928763 0.916139 0.932705 0.927144 0.94355 0.954555 0.958034 0.963568 0.965765 0.968185 0.96871 0.971157 0.97105 0.97081 0.971575 0.970365 
std_acc 0.0275727 0.00802972 0.0029473 0.13385 0.0292145 0.018162 0.0234927 0.0222602 0.0199981 0.0125554 0.00690732 0.00359628 0.000975245 0.00169236 0.00150698 0.00128915 0.000933274 0.000558376 0.000954697 0.00101825 
f1 0.299599 0.138257 0.0130501 0.0793749 0.382084 0.263319 0.470103 0.400335 0.613406 0.732675 0.760134 0.803761 0.814761 0.831893 0.836969 0.850335 0.850531 0.849645 0.853728 0.847125 
std_f1 0.367251 0.239477 0.056884 0.13894 0.383518 0.255458 0.308304 0.310277 0.221089 0.146505 0.0554068 0.0268723 0.00632232 0.0110743 0.0108453 0.00747632 0.00644161 0.00367084 0.00491895 0.00690148 
time 0.0387728 0.0384489 0.0377333 0.0381135 0.0385641 0.0383445 0.0393704 0.0389602 0.0400202 0.0404348 0.0408683 0.0413188 0.0416295 0.0424829 0.0438441 0.0447553 0.0451308 0.0457849 0.0462419 0.0466482 
std_time 0.00146268 0.0013051 0.000387745 0.000977896 0.00143067 0.000914948 0.0012866 0.00109714 0.000712681 0.000646896 0.000362675 0.000323528 0.000261411 0.000349834 0.000341997 0.000327436 0.000229649 0.000496855 0.000406627 0.000321881 
RAROW
que 0.0111833 0.00782028 0.00107651 0.00553381 0.0142794 0.0130427 0.0196797 0.0163879 0.0277135 0.0335943 0.0451068 0.0616281 0.0803826 0.120712 0.197358 0.287037 0.40855 0.553674 0.703612 0.821548 
std_que 0.0136052 0.0129091 0.00281874 0.0080603 0.013956 0.00863624 0.0106176 0.009624 0.00560791 0.00384753 0.0052219 0.00438866 0.00940739 0.0101068 0.00657263 0.01117 0.0127663 0.0104485 0.0130001 0.00726186 
acc 0.532473 0.692402 0.508479 0.648256 0.755071 0.877215 0.887811 0.886593 0.915872 0.916397 0.929573 0.937714 0.940685 0.950374 0.955436 0.961859 0.966388 0.968941 0.969751 0.970027 
std_acc 0.372038 0.179941 0.275481 0.199762 0.251457 0.0301291 0.0508812 0.0294325 0.0106463 0.0152638 0.00741602 0.00837405 0.00595893 0.00520653 0.0038774 0.00221405 0.00167572 0.00125628 0.0012379 0.0010198 
f1 0.333412 0.257443 0.15637 0.234342 0.296869 0.223613 0.347207 0.351368 0.499082 0.46455 0.594711 0.648587 0.665896 0.729356 0.761011 0.797903 0.823956 0.838461 0.843441 0.846315 
std_f1 0.195004 0.184147 0.064007 0.101693 0.186842 0.161069 0.142378 0.181655 0.084421 0.138306 0.0577559 0.0658304 0.0589974 0.0346251 0.0286526 0.0136638 0.0104051 0.00927524 0.005353 0.00562625 
time 0.0024402 0.0024378 0.0022079 0.00233425 0.0025283 0.0025035 0.0027405 0.00262795 0.00284245 0.00292815 0.0033234 0.0036724 0.0037914 0.00456045 0.00597695 0.0070227 0.0082153 0.00980285 0.0116927 0.0133016 
std_time 0.00045128 0.000458776 0.000129896 0.000337883 0.000408003 0.000307118 0.00031323 0.000383823 0.000165992 0.000146367 0.000205545 0.000209091 0.000427268 0.000293255 0.000436898 0.000319412 0.000278548 0.000439733 0.000455956 0.000487619 
AROWC
que 1 1 1 1 1 1 1 1 1 1 1 1 1 1 1 1 1 1 1 1 
std_que 0 0 0 0 0 0 0 0 0 0 0 0 0 0 0 0 0 0 0 0 
acc 0.970231 0.970231 0.970231 0.970231 0.970231 0.970231 0.970231 0.970231 0.970231 0.970231 0.970231 0.970231 0.970231 0.970231 0.970231 0.970231 0.970231 0.970231 0.970231 0.970231 
std_acc 0.00119773 0.00119773 0.00119773 0.00119773 0.00119773 0.00119773 0.00119773 0.00119773 0.00119773 0.00119773 0.00119773 0.00119773 0.00119773 0.00119773 0.00119773 0.00119773 0.00119773 0.00119773 0.00119773 0.00119773 
f1 0.847805 0.847805 0.847805 0.847805 0.847805 0.847805 0.847805 0.847805 0.847805 0.847805 0.847805 0.847805 0.847805 0.847805 0.847805 0.847805 0.847805 0.847805 0.847805 0.847805 
std_f1 0.00787292 0.00787292 0.00787292 0.00787292 0.00787292 0.00787292 0.00787292 0.00787292 0.00787292 0.00787292 0.00787292 0.00787292 0.00787292 0.00787292 0.00787292 0.00787292 0.00787292 0.00787292 0.00787292 0.00787292 
time 0.0475135 0.0475135 0.0475135 0.0475135 0.0475135 0.0475135 0.0475135 0.0475135 0.0475135 0.0475135 0.0475135 0.0475135 0.0475135 0.0475135 0.0475135 0.0475135 0.0475135 0.0475135 0.0475135 0.0475135 
std_time 0.0015677 0.0015677 0.0015677 0.0015677 0.0015677 0.0015677 0.0015677 0.0015677 0.0015677 0.0015677 0.0015677 0.0015677 0.0015677 0.0015677 0.0015677 0.0015677 0.0015677 0.0015677 0.0015677 0.0015677 
