/******************************************/
PAI_C	 Acc	 F1	 Max_Acc
0.03125	0.765501	0	0.765501
0.0625	0.765501	0	0.765501
0.125	0.766278	0.00791557	0.766278
0.25	0.770163	0.157265	0.770163
0.5	0.772339	0.377391	0.772339
1	0.764103	0.445985	0.772339
2	0.744522	0.448322	0.772339
4	0.738462	0.438063	0.772339
8	0.738462	0.438063	0.772339
16	0.738462	0.438063	0.772339
32	0.738462	0.438063	0.772339
/******************************************/
/******************************************/
PAI_C	 Acc	 F1	 Max_Acc
0.03125	0.774514	0.112538	0.774514
0.0625	0.784615	0.295015	0.784615
0.125	0.783636	0.401673	0.784615
0.25	0.774981	0.448591	0.784615
0.5	0.765501	0.464704	0.784615
1	0.753225	0.456537	0.784615
2	0.747319	0.446939	0.784615
4	0.745299	0.443841	0.784615
8	0.742657	0.440162	0.784615
16	0.742347	0.440998	0.784615
32	0.741725	0.440404	0.784615
/******************************************/
/******************************************/
PAI_C	 Acc	 F1	 Max_Acc
0.03125	0.03125	0.7646	0.00393185	0.7646
0.03125	0.0625	0.764639	0.012605	0.764639
0.03125	0.125	0.765416	0	0.765416
0.03125	0.25	0.764895	0	0.765416
0.03125	0.5	0.772222	0.0708507	0.772222
0.03125	1	0.785734	0.20338	0.785734
0.03125	2	0.827685	0.459659	0.827685
0.03125	4	0.791127	0.241672	0.827685
0.03125	8	0.765501	0	0.827685
0.03125	16	0.768664	0.0433077	0.827685
0.03125	32	0.83251	0.482851	0.83251
0.0625	0.03125	0.773504	0.100478	0.83251
0.0625	0.0625	0.796939	0.26983	0.83251
0.0625	0.125	0.770847	0.0690753	0.83251
0.0625	0.25	0.779192	0.126833	0.83251
0.0625	0.5	0.78101	0.15059	0.83251
0.0625	1	0.765501	0	0.83251
0.0625	2	0.767848	0.0193188	0.83251
0.0625	4	0.793978	0.249604	0.83251
0.0625	8	0.771002	0.0632167	0.83251
0.0625	16	0.815385	0.381894	0.83251
0.0625	32	0.867599	0.65309	0.867599
0.125	0.03125	0.76439	0.00215969	0.867599
0.125	0.0625	0.765237	0.023677	0.867599
0.125	0.125	0.765657	0.032762	0.867599
0.125	0.25	0.824577	0.486487	0.867599
0.125	0.5	0.788469	0.173089	0.867599
0.125	1	0.764817	0.0141297	0.867599
0.125	2	0.765245	0.000726552	0.867599
0.125	4	0.765027	0.0185175	0.867599
0.125	8	0.78676	0.203971	0.867599
0.125	16	0.841958	0.527197	0.867599
0.125	32	0.873186	0.681862	0.873186
0.25	0.03125	0.765501	0	0.873186
0.25	0.0625	0.765408	0	0.873186
0.25	0.125	0.765501	0	0.873186
0.25	0.25	0.765501	0	0.873186
0.25	0.5	0.765501	0	0.873186
0.25	1	0.765501	0	0.873186
0.25	2	0.765501	0	0.873186
0.25	4	0.774825	0.0961043	0.873186
0.25	8	0.834499	0.493099	0.873186
0.25	16	0.868127	0.660936	0.873186
0.25	32	0.873551	0.690552	0.873551
0.5	0.03125	0.765408	0.0015852	0.873551
0.5	0.0625	0.765501	0	0.873551
0.5	0.125	0.765423	0.001321	0.873551
0.5	0.25	0.765478	0.000396301	0.873551
0.5	0.5	0.765501	0	0.873551
0.5	1	0.765501	0	0.873551
0.5	2	0.766744	0.019595	0.873551
0.5	4	0.805012	0.328201	0.873551
0.5	8	0.854918	0.597627	0.873551
0.5	16	0.873193	0.681001	0.873551
0.5	32	0.874639	0.697171	0.874639
1	0.03125	0.765361	0.00191611	0.874639
1	0.0625	0.765501	6.61813e-05	0.874639
1	0.125	0.765493	0.000992065	0.874639
1	0.25	0.765385	0.00296834	0.874639
1	0.5	0.765501	0	0.874639
1	1	0.765346	0	0.874639
1	2	0.775253	0.107584	0.874639
1	4	0.826946	0.46213	0.874639
1	8	0.855944	0.608034	0.874639
1	16	0.869837	0.678207	0.874639
1	32	0.873753	0.698881	0.874639
2	0.03125	0.765501	0	0.874639
2	0.0625	0.765315	0.00099167	0.874639
2	0.125	0.765501	0.000860357	0.874639
2	0.25	0.765501	0	0.874639
2	0.5	0.765501	0	0.874639
2	1	0.765082	0.0011889	0.874639
2	2	0.785082	0.186567	0.874639
2	4	0.838695	0.523885	0.874639
2	8	0.864802	0.65311	0.874639
2	16	0.870839	0.686965	0.874639
2	32	0.869464	0.69163	0.874639
4	0.03125	0.765501	0.000330907	0.874639
4	0.0625	0.765501	0.000595632	0.874639
4	0.125	0.765501	0	0.874639
4	0.25	0.765501	0	0.874639
4	0.5	0.765501	0	0.874639
4	1	0.766123	0.0118188	0.874639
4	2	0.799479	0.293217	0.874639
4	4	0.847568	0.569249	0.874639
4	8	0.866667	0.66087	0.874639
4	16	0.865019	0.673202	0.874639
4	32	0.862782	0.676438	0.874639
8	0.03125	0.765462	0.00597505	0.874639
8	0.0625	0.765392	0	0.874639
8	0.125	0.765501	0	0.874639
8	0.25	0.765501	0	0.874639
8	0.5	0.765501	0.000926539	0.874639
8	1	0.768834	0.0380781	0.874639
8	2	0.8115	0.365917	0.874639
8	4	0.845843	0.578231	0.874639
8	8	0.861228	0.653096	0.874639
8	16	0.86216	0.669892	0.874639
8	32	0.855594	0.66573	0.874639
16	0.03125	0.765501	0	0.874639
16	0.0625	0.765486	0	0.874639
16	0.125	0.76519	0	0.874639
16	0.25	0.76519	0.000991408	0.874639
16	0.5	0.76533	0.00132266	0.874639
16	1	0.770319	0.061218	0.874639
16	2	0.824087	0.454195	0.874639
16	4	0.851686	0.615721	0.874639
16	8	0.859557	0.663314	0.874639
16	16	0.854856	0.66061	0.874639
16	32	0.8508	0.65963	0.874639
32	0.03125	0.76519	0.00132188	0.874639
32	0.0625	0.765486	6.60939e-05	0.874639
32	0.125	0.765501	0	0.874639
32	0.25	0.765501	0	0.874639
32	0.5	0.764771	6.62252e-05	0.874639
32	1	0.776535	0.116708	0.874639
32	2	0.825602	0.479438	0.874639
32	4	0.84749	0.611229	0.874639
32	8	0.846775	0.632638	0.874639
32	16	0.844429	0.643229	0.874639
32	32	0.833411	0.623596	0.874639
/******************************************/
/******************************************/
PAI_C	 Acc	 F1	 Max_Acc
0.03125	0.842075	0.530828	0.842075
0.0625	0.846146	0.554388	0.846146
0.125	0.847638	0.5607	0.847638
0.25	0.835291	0.503443	0.847638
0.5	0.836115	0.508644	0.847638
1	0.839223	0.519422	0.847638
2	0.837024	0.508639	0.847638
4	0.845253	0.551316	0.847638
8	0.834343	0.49488	0.847638
16	0.837164	0.507733	0.847638
32	0.835509	0.504731	0.847638
/******************************************/

Best PAI_C: 	0.5
Best PAII_C:	0.0625
Best AROW_r=0.5	 AROW_eta=32
Best AROWC_r=0.125
