APE
que 0.00212898 0.00500389 0.00662782 0.0130225 0.028547 0.0507304 0.0917483 0.171189 0.288368 0.433792 0.587397 0.729992 0.826465 0.905299 0.95181 0.976371 0.987568 0.993395 0.996581 0.997778 
std_que 0.000956816 0.00170133 0.00171171 0.00226458 0.00602265 0.00534529 0.00219791 0.00834086 0.0142717 0.00978052 0.0165932 0.0129127 0.00796008 0.00601449 0.00208717 0.000550465 0.00154387 0.000942063 0.000202617 0.000639033 
acc 0.75561 0.752432 0.727405 0.700979 0.720311 0.748151 0.753232 0.737436 0.753963 0.747956 0.755167 0.755983 0.758252 0.763364 0.769332 0.766317 0.770746 0.762968 0.766224 0.76669 
std_acc 0.0172571 0.0129106 0.0347926 0.0685613 0.0484498 0.0102059 0.00557786 0.0025146 0.00474056 0.0104262 0.00464527 0.0118002 0.00224943 0.00809587 0.00419531 0.00452289 0.0061169 0.00869173 0.00290032 0.00286134 
f1 0.0361663 0.0466166 0.104547 0.12829 0.130376 0.133795 0.161756 0.272623 0.295226 0.371793 0.402586 0.447943 0.469817 0.486818 0.504507 0.499792 0.509821 0.493731 0.501103 0.502213 
std_f1 0.0418093 0.0394598 0.0754759 0.112275 0.0900038 0.0225309 0.0272272 0.0411781 0.0272232 0.00644662 0.024589 0.0248669 0.00431799 0.0168997 0.00940609 0.008734 0.0126646 0.0184428 0.00612413 0.00613872 
time 0.0028318 0.00256265 0.0025441 0.0025729 0.00256925 0.0025604 0.00258245 0.00260045 0.00265715 0.00269665 0.00267745 0.0029091 0.002904 0.00283625 0.00282385 0.0028146 0.00281535 0.0028278 0.00291105 0.00302225 
std_time 0.000231624 0.000138467 6.4028e-05 3.92656e-05 4.47536e-05 4.27965e-05 4.10359e-05 6.65466e-05 4.98591e-05 5.25968e-05 0.000164554 8.94773e-05 5.78213e-05 7.04463e-05 4.0175e-05 6.01285e-05 5.21606e-05 4.00295e-05 7.57578e-05 0.000141471 
APAII
que 0.00409479 0.00418803 0.00986791 0.0160684 0.0330225 0.0682595 0.124848 0.231127 0.374157 0.522199 0.662611 0.78519 0.872471 0.926892 0.961818 0.981103 0.989775 0.994771 0.997203 0.998096 
std_que 0.00174248 0.000435329 0.00112866 0.00165222 0.00560357 0.00528518 0.00599921 0.0117104 0.0119119 0.0092387 0.00716358 0.00205287 0.00344564 0.00200127 0.00196266 0.00106242 0.00103385 0.000610378 0.000725571 0.000471032 
acc 0.75181 0.762821 0.763753 0.763792 0.763046 0.763504 0.763178 0.7646 0.76871 0.772898 0.776232 0.779915 0.781834 0.783893 0.784064 0.783116 0.783085 0.782145 0.781204 0.782984 
std_acc 0.0213949 0.00265633 0.00313118 0.00200219 0.00270486 0.00136564 0.00132088 0.00246279 0.00065614 0.000749151 0.00131905 0.00134569 0.0011895 0.00091181 0.00233849 0.00153781 0.000906497 0.00262295 0.00211508 0.00200671 
f1 0.0386676 0.0126024 0.00763585 0.00540933 0.00853909 0.0202697 0.0369586 0.0849842 0.165204 0.202224 0.219552 0.256961 0.278424 0.288065 0.289022 0.284503 0.28579 0.283138 0.275889 0.285172 
std_f1 0.0552544 0.0117582 0.0167101 0.0059735 0.00857867 0.010698 0.00637164 0.0257671 0.0150269 0.0118704 0.0119721 0.0157572 0.00191952 0.00281082 0.00847551 0.00669466 0.00431868 0.0123286 0.0089921 0.0100143 
time 0.0030756 0.0028494 0.00283905 0.0028744 0.0028636 0.0029166 0.00293755 0.0030234 0.00314725 0.00322975 0.0032714 0.0036732 0.0034601 0.00346135 0.0034826 0.00347905 0.003501 0.00353185 0.003717 0.00363865 
std_time 0.000134384 0.000140599 9.04315e-05 5.94419e-05 5.22134e-05 6.51363e-05 5.35065e-05 6.69742e-05 5.33937e-05 5.66294e-05 0.000200973 9.6706e-05 5.07926e-05 6.19236e-05 3.10135e-05 3.9467e-05 6.32005e-05 6.85604e-05 7.8194e-05 9.11259e-05 
ASOP
que 0.0329604 0.0992152 0.164926 0.350039 0.51683 0.661562 0.804646 0.884864 0.938384 0.965159 0.9838 0.991795 0.995392 0.997972 0.998702 0.999231 0.999775 0.999806 0.999969 0.999883 
std_que 0.0131598 0.0160466 0.0103848 0.00395813 0.00549194 0.0141379 0.011649 0.00356097 0.00735611 0.00308836 0.00163494 0.00116871 0.000674292 0.000362702 0.000344957 0.000143061 0.000114986 0.000128851 6.21601e-05 6.72902e-05 
acc 0.778943 0.804654 0.82108 0.834452 0.830754 0.83244 0.830218 0.826946 0.827327 0.826674 0.825571 0.826682 0.829829 0.825517 0.828897 0.829736 0.827793 0.824087 0.827483 0.827591 
std_acc 0.0140128 0.0132944 0.00597296 0.0022158 0.00311456 0.00415732 0.00146479 0.00122402 0.00251022 0.00269039 0.00119817 0.0019688 0.00388298 0.00172389 0.00318 0.00394339 0.00230405 0.00225732 0.0037856 0.00436574 
f1 0.30289 0.524314 0.58198 0.630277 0.630487 0.63789 0.635309 0.628669 0.630973 0.630096 0.627593 0.630463 0.637078 0.62778 0.635044 0.636695 0.63279 0.624694 0.632186 0.632348 
std_f1 0.133294 0.0647477 0.0136716 0.00150681 0.005373 0.00971164 0.00338549 0.00332728 0.00553113 0.00580306 0.00273319 0.0041617 0.00846994 0.003699 0.00685513 0.00874994 0.00486128 0.00479727 0.00812831 0.00925892 
time 0.0801087 0.0798857 0.0801929 0.0811613 0.0815717 0.0821067 0.0823142 0.0825052 0.0825688 0.082655 0.0830192 0.0828878 0.082556 0.0826629 0.0826395 0.0826011 0.0826289 0.0828714 0.0828905 0.0828275 
std_time 0.000871451 0.000262711 0.000194951 0.000236456 0.000194024 0.00025024 0.00020484 0.00019601 0.000161023 0.000193762 0.000598206 0.000268415 0.00023093 0.000139012 0.000266968 0.000159091 0.000178206 0.000375919 0.000308995 0.000403708 
AROW
que 1 1 1 1 1 1 1 1 1 1 1 1 1 1 1 1 1 1 1 1 
std_que 0 0 0 0 0 0 0 0 0 0 0 0 0 0 0 0 0 0 0 0 
acc 0.875299 0.875299 0.875299 0.875299 0.875299 0.875299 0.875299 0.875299 0.875299 0.875299 0.875299 0.875299 0.875299 0.875299 0.875299 0.875299 0.875299 0.875299 0.875299 0.875299 
std_acc 0.00207765 0.00207765 0.00207765 0.00207765 0.00207765 0.00207765 0.00207765 0.00207765 0.00207765 0.00207765 0.00207765 0.00207765 0.00207765 0.00207765 0.00207765 0.00207765 0.00207765 0.00207765 0.00207765 0.00207765 
f1 0.698602 0.698602 0.698602 0.698602 0.698602 0.698602 0.698602 0.698602 0.698602 0.698602 0.698602 0.698602 0.698602 0.698602 0.698602 0.698602 0.698602 0.698602 0.698602 0.698602 
std_f1 0.0074874 0.0074874 0.0074874 0.0074874 0.0074874 0.0074874 0.0074874 0.0074874 0.0074874 0.0074874 0.0074874 0.0074874 0.0074874 0.0074874 0.0074874 0.0074874 0.0074874 0.0074874 0.0074874 0.0074874 
time 0.027656 0.027656 0.027656 0.027656 0.027656 0.027656 0.027656 0.027656 0.027656 0.027656 0.027656 0.027656 0.027656 0.027656 0.027656 0.027656 0.027656 0.027656 0.027656 0.027656 
std_time 0.000402245 0.000402245 0.000402245 0.000402245 0.000402245 0.000402245 0.000402245 0.000402245 0.000402245 0.000402245 0.000402245 0.000402245 0.000402245 0.000402245 0.000402245 0.000402245 0.000402245 0.000402245 0.000402245 0.000402245 
AAROW
que 0.00022533 0.00047397 0.0011655 0.00412587 0.00944833 0.0256488 0.0652214 0.112129 0.168967 0.244429 0.345936 0.475657 0.591181 0.714056 0.816216 0.896993 0.938811 0.967319 0.983054 0.990521 
std_que 0.000166467 0.000199464 0.000502354 0.00247251 0.00879194 0.00576501 0.00454026 0.00716502 0.0042145 0.00574642 0.00786022 0.0060263 0.00703001 0.00360229 0.00293261 0.00324048 0.00412144 0.00490215 0.00118398 0.000959211 
acc 0.630614 0.716737 0.730148 0.719301 0.753085 0.776799 0.825221 0.847809 0.857498 0.865012 0.868998 0.871461 0.874274 0.872688 0.87331 0.87188 0.872261 0.872774 0.874662 0.87317 
std_acc 0.228838 0.144601 0.0815776 0.0712254 0.0602278 0.00951807 0.00888029 0.00390864 0.0061868 0.00366997 0.00144614 0.000633673 0.00163464 0.000805799 0.00147333 0.00109607 0.00164093 0.00137781 0.0018039 0.00155499 
f1 0.103422 0.041108 0.0525127 0.172697 0.145883 0.285852 0.549672 0.619702 0.65933 0.674957 0.681171 0.692951 0.700451 0.693591 0.694714 0.69053 0.692397 0.691393 0.697702 0.69329 
std_f1 0.160714 0.111707 0.119917 0.129676 0.161055 0.0686379 0.0430814 0.027005 0.00693904 0.0136329 0.00499846 0.00233287 0.00417689 0.00233901 0.00582814 0.00187073 0.00460217 0.00487812 0.00491862 0.00582562 
time 0.00297265 0.0026079 0.00259705 0.00285085 0.00309065 0.00413375 0.00647705 0.0091028 0.0119292 0.0148051 0.0178884 0.0214549 0.0232535 0.0249347 0.0259572 0.0265235 0.026735 0.0269278 0.0270223 0.0271708 
std_time 0.000130426 0.000155325 8.89536e-05 0.000199694 0.000491036 0.000419631 0.000313688 0.000513967 0.000223697 0.000406318 0.000728236 0.000365796 0.000260076 0.000300794 0.00026995 0.000164296 0.00013551 0.000114042 0.000154906 0.000187929 
AAROW2
que 0.0001554 0.0001554 0.0001554 0.00020979 0.00029526 0.00436674 0.0121834 0.00142968 0.0256721 0.0540559 0.0587801 0.09892 0.129891 0.188252 0.264779 0.359557 0.476869 0.598073 0.723815 0.821772 
std_que 0 0 0 7.41212e-05 0.000138123 0.00506302 0.00770625 0.00107395 0.0213036 0.00944243 0.00384717 0.00389198 0.00343687 0.00798103 0.00349228 0.00227218 0.00567823 0.004133 0.00445835 0.00386284 
acc 0.632712 0.712385 0.685828 0.632712 0.553038 0.737778 0.747358 0.765144 0.739472 0.821197 0.820614 0.851531 0.854678 0.866045 0.871507 0.871608 0.872191 0.87272 0.874561 0.872517 
std_acc 0.229998 0.159347 0.189661 0.229998 0.260213 0.0339541 0.0224976 0.000602063 0.067766 0.0170089 0.00828201 0.00513888 0.00556937 0.00310528 0.00139625 0.00206957 0.000943312 0.00145154 0.000831935 0.00161143 
f1 0.0949264 0.0379705 0.0569558 0.0949264 0.151882 0.0627857 0.0611288 0.00377631 0.261978 0.507473 0.470139 0.642004 0.63518 0.670705 0.692702 0.692715 0.694099 0.69257 0.698883 0.692144 
std_f1 0.164417 0.113912 0.135582 0.164417 0.186017 0.0768964 0.07492 0.00566072 0.2261 0.116219 0.0489632 0.0180276 0.0286672 0.0108755 0.00692704 0.00628867 0.00368202 0.00573278 0.00297399 0.00476345 
time 0.0280862 0.0282189 0.0281554 0.0281884 0.0281044 0.0283127 0.0284643 0.0283187 0.0295501 0.030702 0.0306867 0.0325529 0.0330008 0.0345838 0.0368465 0.0385906 0.0402904 0.0412412 0.0431715 0.0437518 
std_time 0.000989163 0.000253829 0.00018996 0.000199565 0.00014926 0.000161383 0.000351974 0.000131184 0.00101695 0.000528623 0.000298155 0.000286016 0.000262352 0.000525584 0.000228988 0.000346144 0.000206101 0.000462889 0.000214221 0.000494088 
RAROW
que 0.00011655 0.00021756 0 0.0002331 0.00041181 0.00484848 0.0129138 0.00142191 0.0251904 0.0552525 0.060303 0.0992463 0.130194 0.194623 0.268415 0.3623 0.474911 0.596364 0.726325 0.822354 
std_que 6.72902e-05 9.06131e-05 0 0.000180559 0.000423519 0.00581217 0.00851274 0.000953244 0.0210611 0.0107207 0.00516047 0.0055361 0.00387399 0.0126969 0.00606874 0.00519869 0.00578153 0.00421573 0.00666808 0.00564945 
acc 0.399487 0.646006 0.234343 0.368936 0.447195 0.451352 0.687288 0.6623 0.73711 0.809456 0.807607 0.836791 0.838174 0.851523 0.857102 0.863023 0.867669 0.868159 0.871538 0.871826 
std_acc 0.157599 0.143666 1.38778e-16 0.102237 0.223495 0.237235 0.151003 0.0571191 0.0978141 0.0106481 0.0182919 0.0115964 0.00234303 0.00230521 0.002473 0.00403337 0.00194745 0.00187088 0.00264786 0.00181599 
f1 0.331553 0.171071 0.379705 0.35214 0.280238 0.33301 0.310883 0.217141 0.407597 0.534487 0.464243 0.595531 0.586066 0.637085 0.646043 0.66858 0.678007 0.679688 0.69056 0.688092 
std_f1 0.0572121 0.0908395 1.11022e-16 0.0234304 0.114045 0.0529335 0.149369 0.0708112 0.132959 0.0184368 0.120675 0.0383384 0.0166057 0.0180775 0.0104725 0.0153986 0.00629689 0.00488911 0.0066206 0.00614868 
time 0.0029624 0.00272595 0.0027069 0.00275935 0.00272385 0.00283625 0.0030769 0.0027053 0.0036044 0.0045331 0.0046089 0.0059614 0.00662075 0.00847145 0.0101173 0.0119982 0.0150945 0.0177456 0.0205847 0.0232558 
std_time 0.000176955 9.91733e-05 7.52787e-05 6.08525e-05 4.13126e-05 0.000150141 0.000293182 6.11801e-05 0.000767767 0.000339685 0.000207582 0.000253028 0.000139713 0.000336554 0.000333088 0.000210676 0.000279873 0.000246771 0.000309314 0.000408187 
AROWC
que 1 1 1 1 1 1 1 1 1 1 1 1 1 1 1 1 1 1 1 1 
std_que 0 0 0 0 0 0 0 0 0 0 0 0 0 0 0 0 0 0 0 0 
acc 0.839153 0.839153 0.839153 0.839153 0.839153 0.839153 0.839153 0.839153 0.839153 0.839153 0.839153 0.839153 0.839153 0.839153 0.839153 0.839153 0.839153 0.839153 0.839153 0.839153 
std_acc 0.00574928 0.00574928 0.00574928 0.00574928 0.00574928 0.00574928 0.00574928 0.00574928 0.00574928 0.00574928 0.00574928 0.00574928 0.00574928 0.00574928 0.00574928 0.00574928 0.00574928 0.00574928 0.00574928 0.00574928 
f1 0.521118 0.521118 0.521118 0.521118 0.521118 0.521118 0.521118 0.521118 0.521118 0.521118 0.521118 0.521118 0.521118 0.521118 0.521118 0.521118 0.521118 0.521118 0.521118 0.521118 
std_f1 0.0283553 0.0283553 0.0283553 0.0283553 0.0283553 0.0283553 0.0283553 0.0283553 0.0283553 0.0283553 0.0283553 0.0283553 0.0283553 0.0283553 0.0283553 0.0283553 0.0283553 0.0283553 0.0283553 0.0283553 
time 0.0539571 0.0539571 0.0539571 0.0539571 0.0539571 0.0539571 0.0539571 0.0539571 0.0539571 0.0539571 0.0539571 0.0539571 0.0539571 0.0539571 0.0539571 0.0539571 0.0539571 0.0539571 0.0539571 0.0539571 
std_time 0.000888416 0.000888416 0.000888416 0.000888416 0.000888416 0.000888416 0.000888416 0.000888416 0.000888416 0.000888416 0.000888416 0.000888416 0.000888416 0.000888416 0.000888416 0.000888416 0.000888416 0.000888416 0.000888416 0.000888416 
