APE
que 0.00153556 0.00252138 0.00429382 0.00740519 0.0134386 0.0247796 0.0458271 0.0841573 0.151524 0.259045 0.406912 0.573929 0.726118 0.83908 0.911788 0.95364 0.976241 0.98796 0.99391 0.996948 
std_que 2.66207e-05 4.64991e-05 8.01491e-05 0.00010791 0.000171751 0.00026411 0.000476556 0.0004797 0.000580432 0.0006821 0.00085065 0.00104905 0.000662568 0.000409518 0.000372862 0.000191229 9.98228e-05 7.87637e-05 5.43456e-05 4.29515e-05 
acc 0.950588 0.955698 0.960003 0.963259 0.966335 0.969065 0.971105 0.972617 0.973568 0.974074 0.974228 0.974279 0.974243 0.974186 0.974167 0.974169 0.974132 0.974146 0.974108 0.974147 
std_acc 0.00118423 0.000802706 0.000510316 0.000290657 0.000241442 0.000168592 0.000169471 8.65267e-05 6.76337e-05 6.8938e-05 6.70889e-05 5.81078e-05 5.40226e-05 5.14469e-05 5.74924e-05 5.48949e-05 7.42587e-05 5.37317e-05 5.24217e-05 5.13796e-05 
f1 0.925209 0.932988 0.939512 0.944401 0.949072 0.953214 0.956298 0.958577 0.960018 0.960782 0.961015 0.961095 0.961042 0.960958 0.960929 0.960933 0.960877 0.960897 0.96084 0.960899 
std_f1 0.00182848 0.00124737 0.000759595 0.000454817 0.000388337 0.000276682 0.000257692 0.000133658 0.000101204 0.000104373 0.000101248 8.79579e-05 8.14672e-05 7.77449e-05 8.69473e-05 8.309e-05 0.000112289 8.12189e-05 7.92316e-05 7.77726e-05 
time 2.61301 2.6073 2.60428 2.60444 2.60499 2.60697 2.60997 2.62267 2.64369 2.64663 2.6433 2.65113 2.65052 2.65003 2.64599 2.64481 2.64407 2.67554 2.70069 2.78339 
std_time 0.0463819 0.0142142 0.012362 0.00994374 0.0143543 0.0144072 0.0123235 0.0180475 0.00847151 0.0125015 0.00604142 0.00455609 0.00750354 0.00800328 0.00551454 0.00398367 0.00281737 0.0428623 0.0416052 0.0781214 
APAII
que 0.00179928 0.00295339 0.00498562 0.00867768 0.0152777 0.0272453 0.047984 0.0838724 0.143747 0.237423 0.36945 0.527124 0.682229 0.807064 0.891671 0.942258 0.970116 0.984786 0.992342 0.996136 
std_que 2.79892e-05 4.84172e-05 5.85551e-05 8.34918e-05 0.000106359 0.000123188 0.000184565 0.00015378 0.000470368 0.000433962 0.000543452 0.000476122 0.000317886 0.000343938 0.000305532 0.000192466 8.01152e-05 7.68855e-05 4.63543e-05 3.43827e-05 
acc 0.962128 0.96518 0.967543 0.970035 0.972402 0.974759 0.976641 0.978194 0.979381 0.980244 0.980817 0.981201 0.981399 0.981526 0.98158 0.981616 0.981633 0.981639 0.981622 0.98166 
std_acc 0.00065305 0.000353369 0.000213193 0.000220115 0.000149844 0.000107947 8.00002e-05 5.39137e-05 4.71792e-05 3.12294e-05 4.59533e-05 4.86568e-05 3.41081e-05 4.69348e-05 3.82569e-05 4.31973e-05 4.5188e-05 4.69549e-05 3.34186e-05 4.29875e-05 
f1 0.942771 0.947427 0.950973 0.954744 0.958331 0.9619 0.96475 0.967094 0.968883 0.970183 0.971048 0.971626 0.971924 0.972116 0.972198 0.972253 0.972279 0.972288 0.972263 0.97232 
std_f1 0.00104633 0.000559329 0.000307194 0.000347011 0.000229456 0.000168348 0.000120307 8.24083e-05 6.99798e-05 4.68091e-05 6.97051e-05 7.36907e-05 5.12568e-05 7.0842e-05 5.79075e-05 6.56735e-05 6.8507e-05 7.08409e-05 4.97866e-05 6.488e-05 
time 2.72255 2.72247 2.71827 2.72308 2.72402 2.72577 2.73611 2.75966 2.79006 2.8004 2.80836 2.82656 2.83236 2.83619 2.83813 2.83997 2.84018 2.87547 2.91729 2.99663 
std_time 0.036939 0.0165048 0.0113381 0.0118862 0.0103333 0.0116508 0.00846616 0.0190294 0.00965469 0.00896513 0.00383138 0.00388235 0.00420254 0.00326333 0.0041348 0.00464893 0.00415042 0.0543024 0.0531353 0.0827037 
ASOPD
que 0.00342131 0.00716555 0.0151138 0.032245 0.0685216 0.139199 0.255665 0.414547 0.587612 0.739286 0.849085 0.91774 0.956781 0.97787 0.98878 0.994381 0.997176 0.998587 0.999291 0.999647 
std_que 0.000103653 0.000186989 0.00030741 0.000308552 0.00078925 0.000804042 0.00106542 0.00190351 0.00153327 0.000941905 0.00093022 0.000469838 0.00028901 0.000150086 0.000114723 5.01839e-05 1.94094e-05 2.9697e-05 1.0716e-05 1.20085e-05 
acc 0.962173 0.967523 0.971261 0.974085 0.976141 0.977654 0.97881 0.979677 0.980265 0.980552 0.980724 0.980838 0.980878 0.980887 0.980889 0.980907 0.980882 0.980898 0.980915 0.980904 
std_acc 0.000700787 0.000396736 0.000254294 0.00016695 0.000130219 9.49762e-05 8.01804e-05 5.15709e-05 5.81241e-05 3.50034e-05 3.55656e-05 3.92358e-05 4.14789e-05 4.52931e-05 5.82752e-05 4.00596e-05 3.92913e-05 4.89604e-05 4.28094e-05 4.22609e-05 
f1 0.942751 0.950886 0.956556 0.960833 0.963936 0.966218 0.967959 0.969266 0.970154 0.970585 0.970845 0.971017 0.971078 0.971092 0.971095 0.971122 0.971084 0.971108 0.971134 0.971118 
std_f1 0.00104916 0.000613743 0.000399184 0.000261254 0.000200226 0.00014553 0.000123466 7.79827e-05 8.78323e-05 5.25103e-05 5.36501e-05 5.92274e-05 6.27361e-05 6.84721e-05 8.81419e-05 6.06494e-05 5.94283e-05 7.40607e-05 6.47535e-05 6.39152e-05 
time 5.19142 5.18994 5.18545 5.19321 5.20437 5.20995 5.21654 5.2467 5.27814 5.2733 5.23653 5.23517 5.23574 5.23104 5.23487 5.23465 5.23749 5.34529 5.46507 5.72156 
std_time 0.0670448 0.0242347 0.0282097 0.0270604 0.0248502 0.029988 0.0229316 0.0374778 0.020808 0.0294875 0.00937367 0.00748606 0.00690743 0.00549599 0.00874479 0.00694933 0.011325 0.126493 0.108274 0.148214 
AROWD
que 1 1 1 1 1 1 1 1 1 1 1 1 1 1 1 1 1 1 1 1 
std_que 0 0 0 0 0 0 0 0 0 0 0 0 0 0 0 0 0 0 0 0 
acc 0.986772 0.986772 0.986772 0.986772 0.986772 0.986772 0.986772 0.986772 0.986772 0.986772 0.986772 0.986772 0.986772 0.986772 0.986772 0.986772 0.986772 0.986772 0.986772 0.986772 
std_acc 5.08416e-05 5.08416e-05 5.08416e-05 5.08416e-05 5.08416e-05 5.08416e-05 5.08416e-05 5.08416e-05 5.08416e-05 5.08416e-05 5.08416e-05 5.08416e-05 5.08416e-05 5.08416e-05 5.08416e-05 5.08416e-05 5.08416e-05 5.08416e-05 5.08416e-05 5.08416e-05 
f1 0.980041 0.980041 0.980041 0.980041 0.980041 0.980041 0.980041 0.980041 0.980041 0.980041 0.980041 0.980041 0.980041 0.980041 0.980041 0.980041 0.980041 0.980041 0.980041 0.980041 
std_f1 7.68449e-05 7.68449e-05 7.68449e-05 7.68449e-05 7.68449e-05 7.68449e-05 7.68449e-05 7.68449e-05 7.68449e-05 7.68449e-05 7.68449e-05 7.68449e-05 7.68449e-05 7.68449e-05 7.68449e-05 7.68449e-05 7.68449e-05 7.68449e-05 7.68449e-05 7.68449e-05 
time 2.68949 2.68949 2.68949 2.68949 2.68949 2.68949 2.68949 2.68949 2.68949 2.68949 2.68949 2.68949 2.68949 2.68949 2.68949 2.68949 2.68949 2.68949 2.68949 2.68949 
std_time 0.0218821 0.0218821 0.0218821 0.0218821 0.0218821 0.0218821 0.0218821 0.0218821 0.0218821 0.0218821 0.0218821 0.0218821 0.0218821 0.0218821 0.0218821 0.0218821 0.0218821 0.0218821 0.0218821 0.0218821 
AAROWD
que 0.000242245 0.000396264 0.000682872 0.00120907 0.00229443 0.004589 0.00932387 0.0194334 0.0400955 0.0822459 0.159107 0.285258 0.449157 0.621402 0.765851 0.866647 0.928458 0.962763 0.980933 0.990409 
std_que 9.59743e-06 1.42572e-05 1.56315e-05 3.27038e-05 5.07919e-05 7.86337e-05 0.00012489 0.000297049 0.000664731 0.00110193 0.00207552 0.0023776 0.00243434 0.00203193 0.00217182 0.00105942 0.000772501 0.000345959 0.000201527 0.000110971 
acc 0.919695 0.939183 0.952875 0.961176 0.966597 0.97134 0.97508 0.97782 0.980084 0.982052 0.983586 0.984859 0.985676 0.986159 0.986446 0.986618 0.986697 0.986722 0.986732 0.986749 
std_acc 0.0084745 0.00529802 0.00227377 0.00141347 0.000745495 0.000443676 0.000327146 0.000175705 0.000117596 8.88718e-05 7.70896e-05 7.9054e-05 7.11438e-05 4.50555e-05 5.83235e-05 4.56474e-05 4.98917e-05 4.08069e-05 4.35856e-05 4.39821e-05 
f1 0.877644 0.9079 0.928764 0.941242 0.949445 0.956659 0.962373 0.96653 0.969955 0.972924 0.975237 0.977155 0.978387 0.979116 0.979548 0.979809 0.979928 0.979967 0.979981 0.980006 
std_f1 0.0124419 0.00803648 0.00338951 0.00205548 0.00118016 0.000682373 0.00050595 0.000273349 0.000176425 0.000134176 0.000117499 0.000119056 0.0001071 6.77712e-05 8.8418e-05 6.92475e-05 7.55419e-05 6.16086e-05 6.64514e-05 6.62817e-05 
time 2.60891 2.60824 2.60522 2.60537 2.605 2.60858 2.61541 2.63183 2.6665 2.67798 2.68918 2.71917 2.74147 2.75128 2.74975 2.75258 2.75343 2.7841 2.83559 2.92628 
std_time 0.0366083 0.00905096 0.0103517 0.0144937 0.00978707 0.0130283 0.0120654 0.0155072 0.0115747 0.00972126 0.00414687 0.00454486 0.00678276 0.00663035 0.00742658 0.00313796 0.00374134 0.0374049 0.0559824 0.0734299 
AAROWD2
que 0.0020005 0.00247092 0.003266 0.00336998 0.00350175 0.00366791 0.003878 0.00416311 0.00470484 0.00588641 0.00819908 0.0128989 0.023139 0.0442272 0.0888646 0.170658 0.302985 0.473744 0.643487 0.78189 
std_que 0.00123399 0.000836699 0.000335129 0.000242392 0.000132741 7.53773e-05 8.36271e-05 6.96066e-05 0.000117478 0.000109507 0.000152438 0.000217979 0.000382069 0.000789872 0.00140541 0.00254352 0.00306399 0.00267475 0.00256484 0.00211006 
acc 0.792385 0.817161 0.916309 0.942751 0.953599 0.966188 0.970468 0.975384 0.975792 0.97728 0.978375 0.979603 0.98067 0.98189 0.983228 0.984431 0.985372 0.985993 0.986354 0.98655 
std_acc 0.111929 0.0937782 0.0503183 0.0258651 0.0142901 0.0110866 0.00434938 0.00139698 0.00127228 0.000579651 0.000377926 0.000224306 0.000124358 0.000140546 0.000108926 9.23486e-05 7.404e-05 6.6057e-05 4.39795e-05 4.97722e-05 
f1 0.580911 0.707954 0.877309 0.912113 0.929691 0.949303 0.955247 0.962818 0.963473 0.965688 0.967376 0.969229 0.970843 0.972685 0.9747 0.976512 0.977928 0.978865 0.979409 0.979707 
std_f1 0.326652 0.190482 0.0714843 0.0431295 0.0213923 0.0153244 0.00681859 0.00216883 0.00191979 0.000886757 0.000570217 0.000347177 0.000191281 0.000213242 0.00016401 0.000138813 0.000111737 9.95994e-05 6.68803e-05 7.59396e-05 
time 4.37649 4.37313 4.37979 4.36933 4.37711 4.38028 4.37702 4.40172 4.41787 4.41713 4.39169 4.39318 4.39767 4.40396 4.41182 4.42769 4.44446 4.53715 4.64508 4.78996 
std_time 0.0653317 0.0272919 0.0217804 0.0240958 0.0196604 0.0293656 0.027983 0.0302955 0.0199625 0.0213666 0.00625319 0.00197949 0.00301209 0.0029325 0.00358567 0.00352025 0.00912525 0.0710413 0.123432 0.125789 
RAROWD
que 0.0019968 0.00246867 0.00327547 0.00337567 0.00350532 0.00367286 0.00388251 0.00416795 0.00469359 0.00589989 0.00820644 0.0128997 0.0230999 0.0442301 0.0888478 0.170625 0.302945 0.47377 0.643473 0.781946 
std_que 0.00122999 0.000842819 0.000333405 0.000252003 0.000139497 8.01964e-05 8.08173e-05 9.24012e-05 0.000135168 9.72187e-05 0.000162259 0.000225228 0.000427111 0.000775152 0.00145724 0.0025714 0.00305325 0.00266779 0.00263807 0.00213783 
acc 0.86067 0.938432 0.947393 0.94783 0.948042 0.948831 0.949879 0.950898 0.952524 0.955694 0.959217 0.963963 0.969057 0.973268 0.976976 0.979912 0.982135 0.983861 0.985038 0.985799 
std_acc 0.165075 0.0151429 0.00196711 0.00141713 0.00131794 0.00105299 0.00107247 0.00112338 0.0013012 0.000913559 0.000684516 0.000450772 0.000282923 0.000224637 0.000151569 0.000106142 6.18901e-05 6.25996e-05 6.27561e-05 4.05419e-05 
f1 0.785512 0.906589 0.92041 0.92106 0.92143 0.922632 0.924129 0.925717 0.928161 0.932949 0.938342 0.945526 0.953269 0.959639 0.965255 0.969692 0.973049 0.975655 0.977429 0.978575 
std_f1 0.255025 0.023352 0.00295587 0.00229148 0.00200737 0.00167378 0.00178123 0.00173458 0.00202364 0.00144007 0.00100686 0.000708783 0.000415481 0.000336923 0.000233803 0.000164671 9.27094e-05 9.37947e-05 9.40335e-05 6.1969e-05 
time 2.63786 2.64072 2.63937 2.64209 2.63596 2.6379 2.65047 2.65385 2.67632 2.67012 2.65695 2.66306 2.6659 2.66968 2.67822 2.69663 2.71744 2.77786 2.84335 2.91774 
std_time 0.0197875 0.00730956 0.0104597 0.0172144 0.0113151 0.0124775 0.0184018 0.0206611 0.014168 0.0109974 0.0063018 0.00373265 0.00288602 0.00438704 0.00476167 0.005067 0.0056627 0.0411265 0.0619334 0.0600123 
AROWCD
que 1 1 1 1 1 1 1 1 1 1 1 1 1 1 1 1 1 1 1 1 
std_que 0 0 0 0 0 0 0 0 0 0 0 0 0 0 0 0 0 0 0 0 
acc 0.987075 0.987075 0.987075 0.987075 0.987075 0.987075 0.987075 0.987075 0.987075 0.987075 0.987075 0.987075 0.987075 0.987075 0.987075 0.987075 0.987075 0.987075 0.987075 0.987075 
std_acc 2.38294e-05 2.38294e-05 2.38294e-05 2.38294e-05 2.38294e-05 2.38294e-05 2.38294e-05 2.38294e-05 2.38294e-05 2.38294e-05 2.38294e-05 2.38294e-05 2.38294e-05 2.38294e-05 2.38294e-05 2.38294e-05 2.38294e-05 2.38294e-05 2.38294e-05 2.38294e-05 
f1 0.980527 0.980527 0.980527 0.980527 0.980527 0.980527 0.980527 0.980527 0.980527 0.980527 0.980527 0.980527 0.980527 0.980527 0.980527 0.980527 0.980527 0.980527 0.980527 0.980527 
std_f1 3.56216e-05 3.56216e-05 3.56216e-05 3.56216e-05 3.56216e-05 3.56216e-05 3.56216e-05 3.56216e-05 3.56216e-05 3.56216e-05 3.56216e-05 3.56216e-05 3.56216e-05 3.56216e-05 3.56216e-05 3.56216e-05 3.56216e-05 3.56216e-05 3.56216e-05 3.56216e-05 
time 3.0488 3.0488 3.0488 3.0488 3.0488 3.0488 3.0488 3.0488 3.0488 3.0488 3.0488 3.0488 3.0488 3.0488 3.0488 3.0488 3.0488 3.0488 3.0488 3.0488 
std_time 0.0248626 0.0248626 0.0248626 0.0248626 0.0248626 0.0248626 0.0248626 0.0248626 0.0248626 0.0248626 0.0248626 0.0248626 0.0248626 0.0248626 0.0248626 0.0248626 0.0248626 0.0248626 0.0248626 0.0248626 
