/******************************************/
PAI_C	 Acc	 F1	 Max_Acc
0.03125	0.976629	0.988067	0.976629
0.0625	0.978327	0.988916	0.978327
0.125	0.980248	0.989885	0.980248
0.25	0.98172	0.990629	0.98172
0.5	0.982311	0.99092	0.982311
1	0.982176	0.990837	0.982311
2	0.979273	0.989324	0.982311
4	0.976653	0.987955	0.982311
8	0.976302	0.987769	0.982311
16	0.976302	0.987769	0.982311
32	0.975516	0.987365	0.982311
/******************************************/
/******************************************/
PAI_C	 Acc	 F1	 Max_Acc
0.03125	0.979948	0.989722	0.979948
0.0625	0.981359	0.990436	0.981359
0.125	0.982041	0.990779	0.982041
0.25	0.981665	0.990576	0.982041
0.5	0.981349	0.990403	0.982041
1	0.979762	0.989577	0.982041
2	0.978817	0.989087	0.982041
4	0.978057	0.98869	0.982041
8	0.977074	0.988177	0.982041
16	0.976673	0.987966	0.982041
32	0.976157	0.987699	0.982041
/******************************************/
/******************************************/
PAI_C	 Acc	 F1	 Max_Acc
0.03125	0.03125	0.970482	0.984805	0.970482
0.03125	0.0625	0.970641	0.984891	0.970641
0.03125	0.125	0.9706	0.984876	0.970641
0.03125	0.25	0.970943	0.985047	0.970943
0.03125	0.5	0.970271	0.984708	0.970943
0.03125	1	0.970894	0.98503	0.970943
0.03125	2	0.971403	0.985287	0.971403
0.03125	4	0.973148	0.986196	0.973148
0.03125	8	0.977964	0.988694	0.977964
0.03125	16	0.982127	0.990838	0.982127
0.03125	32	0.984113	0.991845	0.984113
0.0625	0.03125	0.972943	0.986098	0.984113
0.0625	0.0625	0.972684	0.985977	0.984113
0.0625	0.125	0.973326	0.986301	0.984113
0.0625	0.25	0.973018	0.986139	0.984113
0.0625	0.5	0.972944	0.986103	0.984113
0.0625	1	0.973524	0.9864	0.984113
0.0625	2	0.974126	0.986725	0.984113
0.0625	4	0.978623	0.989043	0.984113
0.0625	8	0.982345	0.99095	0.984113
0.0625	16	0.984173	0.991877	0.984173
0.0625	32	0.984746	0.992161	0.984746
0.125	0.03125	0.975519	0.987446	0.984746
0.125	0.0625	0.975043	0.987197	0.984746
0.125	0.125	0.975354	0.98736	0.984746
0.125	0.25	0.974973	0.987162	0.984746
0.125	0.5	0.975288	0.987329	0.984746
0.125	1	0.975649	0.987518	0.984746
0.125	2	0.97923	0.989363	0.984746
0.125	4	0.982117	0.99084	0.984746
0.125	8	0.984153	0.991869	0.984746
0.125	16	0.984907	0.992247	0.984907
0.125	32	0.984573	0.992067	0.984907
0.25	0.03125	0.976777	0.988108	0.984907
0.25	0.0625	0.976485	0.987953	0.984907
0.25	0.125	0.9772	0.988321	0.984907
0.25	0.25	0.976452	0.987941	0.984907
0.25	0.5	0.977217	0.988336	0.984907
0.25	1	0.979532	0.989526	0.984907
0.25	2	0.98215	0.990858	0.984907
0.25	4	0.98399	0.991789	0.984907
0.25	8	0.984785	0.992187	0.984907
0.25	16	0.984636	0.992101	0.984907
0.25	32	0.983685	0.991605	0.984907
0.5	0.03125	0.977449	0.988463	0.984907
0.5	0.0625	0.977356	0.988416	0.984907
0.5	0.125	0.977036	0.988252	0.984907
0.5	0.25	0.977699	0.988595	0.984907
0.5	0.5	0.979237	0.989384	0.984907
0.5	1	0.981572	0.990568	0.984907
0.5	2	0.983504	0.991544	0.984907
0.5	4	0.98478	0.992187	0.984907
0.5	8	0.984673	0.992124	0.984907
0.5	16	0.98387	0.991703	0.984907
0.5	32	0.982394	0.990934	0.984907
1	0.03125	0.977236	0.988367	0.984907
1	0.0625	0.977124	0.988309	0.984907
1	0.125	0.977239	0.988372	0.984907
1	0.25	0.978698	0.989118	0.984907
1	0.5	0.980829	0.990196	0.984907
1	1	0.982738	0.991156	0.984907
1	2	0.984205	0.991895	0.984907
1	4	0.984621	0.992099	0.984907
1	8	0.983933	0.991738	0.984907
1	16	0.982527	0.991005	0.984907
1	32	0.980787	0.9901	0.984907
2	0.03125	0.97705	0.988281	0.984907
2	0.0625	0.976651	0.988082	0.984907
2	0.125	0.977741	0.988639	0.984907
2	0.25	0.97985	0.989703	0.984907
2	0.5	0.981852	0.990709	0.984907
2	1	0.983405	0.99149	0.984907
2	2	0.984462	0.992023	0.984907
2	4	0.984022	0.991788	0.984907
2	8	0.982766	0.991132	0.984907
2	16	0.980887	0.990153	0.984907
2	32	0.979211	0.98928	0.984907
4	0.03125	0.976049	0.987781	0.984907
4	0.0625	0.976566	0.988048	0.984907
4	0.125	0.97865	0.989098	0.984907
4	0.25	0.980593	0.990074	0.984907
4	0.5	0.98235	0.990955	0.984907
4	1	0.983761	0.991667	0.984907
4	2	0.984139	0.991852	0.984907
4	4	0.983334	0.99143	0.984907
4	8	0.981428	0.990437	0.984907
4	16	0.979495	0.989431	0.984907
4	32	0.977981	0.988641	0.984907
8	0.03125	0.975444	0.987486	0.984907
8	0.0625	0.976919	0.988228	0.984907
8	0.125	0.979181	0.98936	0.984907
8	0.25	0.98094	0.990242	0.984907
8	0.5	0.982743	0.991152	0.984907
8	1	0.983721	0.991643	0.984907
8	2	0.983519	0.991531	0.984907
8	4	0.982126	0.990804	0.984907
8	8	0.980187	0.989794	0.984907
8	16	0.978208	0.988762	0.984907
8	32	0.976586	0.987917	0.984907
16	0.03125	0.975362	0.987446	0.984907
16	0.0625	0.977519	0.988525	0.984907
16	0.125	0.979597	0.989566	0.984907
16	0.25	0.981355	0.990449	0.984907
16	0.5	0.982837	0.991198	0.984907
16	1	0.983423	0.991488	0.984907
16	2	0.982798	0.991157	0.984907
16	4	0.981319	0.990385	0.984907
16	8	0.978988	0.98917	0.984907
16	16	0.976802	0.988032	0.984907
16	32	0.975773	0.987493	0.984907
32	0.03125	0.975505	0.987512	0.984907
32	0.0625	0.977865	0.988694	0.984907
32	0.125	0.97982	0.989673	0.984907
32	0.25	0.981512	0.990527	0.984907
32	0.5	0.982692	0.991121	0.984907
32	1	0.983033	0.991287	0.984907
32	2	0.98216	0.990827	0.984907
32	4	0.980103	0.989756	0.984907
32	8	0.977802	0.988557	0.984907
32	16	0.976122	0.987678	0.984907
32	32	0.975173	0.987182	0.984907
/******************************************/
/******************************************/
PAI_C	 Acc	 F1	 Max_Acc
0.03125	0.985513	0.992555	0.985513
0.0625	0.985415	0.992505	0.985513
0.125	0.985525	0.992561	0.985525
0.25	0.985546	0.992573	0.985546
0.5	0.985379	0.992487	0.985546
1	0.985423	0.99251	0.985546
2	0.985535	0.992567	0.985546
4	0.985498	0.992547	0.985546
8	0.985498	0.992548	0.985546
16	0.985467	0.992532	0.985546
32	0.98547	0.992533	0.985546
/******************************************/

Best PAI_C: 	0.5
Best PAII_C:	0.125
Best AROW_r=0.125	 AROW_eta=16
Best AROWC_r=0.25
