APE
que 0.124994 0.125862 0.125064 0.127607 0.132578 0.14427 0.165022 0.201461 0.264351 0.364981 0.497971 0.644103 0.776027 0.870257 0.929881 0.963004 0.981212 0.990357 0.995104 0.997608 
std_que 0.00221556 0.00250946 0.00205097 0.00197619 0.00133654 0.00174045 0.00274291 0.00352109 0.00520092 0.00413918 0.0050741 0.00382734 0.00355273 0.00228522 0.0014582 0.00121187 0.00061785 0.000285256 0.000289291 0.00025493 
acc 0.95672 0.96439 0.965652 0.970322 0.971448 0.972966 0.973761 0.974289 0.974718 0.97456 0.974362 0.973641 0.973432 0.972929 0.972775 0.972632 0.972661 0.972632 0.972543 0.972582 
std_acc 0.00481483 0.00367764 0.00224638 0.00135904 0.00133178 0.000930072 0.000658813 0.00054302 0.000443867 0.000381317 0.000368779 0.000414596 0.000374223 0.000385405 0.000366415 0.000441329 0.00036531 0.000442296 0.000318165 0.000375546 
f1 0.977578 0.981643 0.982313 0.984746 0.985327 0.986111 0.986508 0.986766 0.986976 0.986883 0.986772 0.986393 0.986279 0.986015 0.985934 0.985858 0.985873 0.985858 0.985812 0.985832 
std_f1 0.00254415 0.00194041 0.00119103 0.000708131 0.000694107 0.000481885 0.000343986 0.00028766 0.000231267 0.000199846 0.0001919 0.000215776 0.000194355 0.000200222 0.000190329 0.000229086 0.000189522 0.000229194 0.000165434 0.000194626 
time 0.0211623 0.0191403 0.0189067 0.0191765 0.0193448 0.0191228 0.0191307 0.0194125 0.0193261 0.0191539 0.0195172 0.019242 0.0189868 0.0189184 0.0194061 0.019828 0.0192165 0.0203056 0.020149 0.0198039 
std_time 0.00108227 0.00137454 0.000823017 0.000414121 0.000715462 0.00068075 0.000937476 0.000851267 0.000159089 0.00013908 0.000262005 0.000389154 0.000225031 0.000314255 0.00122913 0.00136216 0.000505899 0.00328343 0.00185774 0.00183545 
APAII
que 0.0034754 0.00461642 0.00718795 0.0111841 0.0189408 0.0320095 0.0552933 0.0935615 0.157363 0.257011 0.392899 0.551867 0.704646 0.822663 0.90134 0.94752 0.972864 0.986174 0.992977 0.996589 
std_que 0.000191925 0.000257675 0.000448814 0.00042172 0.000596867 0.00114927 0.00124782 0.00177332 0.00220341 0.00216422 0.00320158 0.00225452 0.00207719 0.00137755 0.00129514 0.000934384 0.000639631 0.000326683 0.000346883 0.000283895 
acc 0.973574 0.973777 0.974558 0.975498 0.976661 0.977591 0.97871 0.979584 0.98037 0.981103 0.981502 0.9817 0.981871 0.981952 0.981925 0.982009 0.982047 0.982075 0.982028 0.982001 
std_acc 0.000949879 0.000829437 0.00108628 0.000792279 0.000630408 0.00045377 0.000296375 0.000363918 0.000349461 0.000216715 0.000245409 0.000181369 0.000187766 0.000218639 0.00028656 0.000193652 0.000245373 0.000156482 0.000238161 0.000284915 
f1 0.986542 0.986648 0.987034 0.987509 0.988085 0.988547 0.989108 0.989548 0.989941 0.99031 0.99051 0.990608 0.990694 0.990734 0.990719 0.990762 0.990782 0.990796 0.990772 0.990757 
std_f1 0.000475046 0.000413146 0.000539544 0.000394676 0.000314922 0.000228864 0.00015065 0.000185693 0.000179695 0.000111218 0.000125976 9.30795e-05 9.65625e-05 0.000111791 0.000147303 9.95509e-05 0.000126253 8.07005e-05 0.000122465 0.000146427 
time 0.0224892 0.0215165 0.0213084 0.0214424 0.0217944 0.0215659 0.0220093 0.0228638 0.0219513 0.0218765 0.0220224 0.0221894 0.0221247 0.0220709 0.0221435 0.0231083 0.0217521 0.0226568 0.0227607 0.0225285 
std_time 0.000946652 0.000812848 0.000451108 0.000261723 0.000718526 0.000458732 0.000850613 0.00303192 0.000228304 0.000218499 0.000295279 0.000301235 0.000216599 0.000312126 0.000872691 0.00142886 0.000347368 0.00226985 0.00198424 0.00189506 
ASOP
que 0.123813 0.126758 0.131354 0.142212 0.160976 0.200246 0.268387 0.381962 0.532717 0.690237 0.810403 0.895211 0.945135 0.97147 0.985493 0.992515 0.996244 0.998129 0.999044 0.999542 
std_que 0.00204704 0.00215278 0.00156351 0.00134751 0.00201645 0.00293263 0.00402707 0.00600465 0.00632069 0.00513654 0.00418284 0.00262371 0.00106732 0.000779109 0.000592151 0.000393954 0.000273288 0.00020989 0.000125323 9.56724e-05 
acc 0.965044 0.968782 0.970417 0.972931 0.975087 0.976016 0.977257 0.977248 0.977067 0.976666 0.976402 0.976028 0.976025 0.975905 0.975917 0.97599 0.97585 0.97598 0.97581 0.975888 
std_acc 0.00283506 0.00180863 0.00102096 0.00125023 0.0010306 0.000612816 0.000417442 0.000429388 0.000398692 0.000403138 0.000350356 0.000456699 0.000330218 0.000276451 0.000306465 0.000284925 0.000275127 0.000318002 0.000307934 0.000276709 
f1 0.981968 0.983918 0.984765 0.986063 0.987169 0.987639 0.988276 0.988263 0.988164 0.987951 0.987812 0.987616 0.987614 0.987551 0.987557 0.987595 0.987522 0.98759 0.987502 0.987541 
std_f1 0.00149454 0.000954797 0.000535236 0.000655311 0.000540055 0.000318585 0.000216732 0.000223184 0.000207544 0.000209074 0.00018166 0.000236735 0.000171003 0.0001434 0.000158804 0.000147817 0.000142438 0.000164483 0.000159734 0.000143055 
time 19.3488 18.9382 18.9386 18.9259 18.9507 18.9924 19.0629 19.2801 19.1841 19.1938 19.244 19.2354 19.2337 19.2706 19.4544 19.764 19.1092 19.3028 19.4149 19.4106 
std_time 0.322607 0.192534 0.0745477 0.0814211 0.0640832 0.13833 0.120903 0.107958 0.0436214 0.0365621 0.0385283 0.0463881 0.0360802 0.0477857 0.324303 0.500358 0.0964274 0.175341 0.105533 0.127651 
AROW
que 1 1 1 1 1 1 1 1 1 1 1 1 1 1 1 1 1 1 1 1 
std_que 0 0 0 0 0 0 0 0 0 0 0 0 0 0 0 0 0 0 0 0 
acc 0.985 0.985 0.985 0.985 0.985 0.985 0.985 0.985 0.985 0.985 0.985 0.985 0.985 0.985 0.985 0.985 0.985 0.985 0.985 0.985 
std_acc 0.000210082 0.000210082 0.000210082 0.000210082 0.000210082 0.000210082 0.000210082 0.000210082 0.000210082 0.000210082 0.000210082 0.000210082 0.000210082 0.000210082 0.000210082 0.000210082 0.000210082 0.000210082 0.000210082 0.000210082 
f1 0.992294 0.992294 0.992294 0.992294 0.992294 0.992294 0.992294 0.992294 0.992294 0.992294 0.992294 0.992294 0.992294 0.992294 0.992294 0.992294 0.992294 0.992294 0.992294 0.992294 
std_f1 0.00010781 0.00010781 0.00010781 0.00010781 0.00010781 0.00010781 0.00010781 0.00010781 0.00010781 0.00010781 0.00010781 0.00010781 0.00010781 0.00010781 0.00010781 0.00010781 0.00010781 0.00010781 0.00010781 0.00010781 
time 0.769368 0.769368 0.769368 0.769368 0.769368 0.769368 0.769368 0.769368 0.769368 0.769368 0.769368 0.769368 0.769368 0.769368 0.769368 0.769368 0.769368 0.769368 0.769368 0.769368 
std_time 0.0176945 0.0176945 0.0176945 0.0176945 0.0176945 0.0176945 0.0176945 0.0176945 0.0176945 0.0176945 0.0176945 0.0176945 0.0176945 0.0176945 0.0176945 0.0176945 0.0176945 0.0176945 0.0176945 0.0176945 
AAROW
que 0.00254789 0.00286775 0.00370073 0.00535995 0.00834416 0.0139067 0.0240307 0.0443506 0.0784429 0.140201 0.238943 0.377205 0.540234 0.699954 0.821036 0.900387 0.947315 0.972844 0.986303 0.993168 
std_que 0.000184011 0.000185739 0.000257585 0.000224972 0.000441034 0.000604706 0.00105138 0.00211345 0.00217379 0.00355375 0.00431187 0.00293337 0.00445931 0.00488705 0.003255 0.00221733 0.00102416 0.0006918 0.000485211 0.000453789 
acc 0.968993 0.969558 0.970923 0.970875 0.97209 0.973869 0.976419 0.979029 0.980767 0.982295 0.983253 0.983935 0.984483 0.984649 0.984786 0.984872 0.984981 0.984964 0.984873 0.984994 
std_acc 0.00503521 0.00344196 0.00140108 0.00205117 0.00140924 0.00119063 0.00138418 0.000922151 0.000801364 0.000374033 0.000419412 0.000285644 0.000213578 0.000333355 0.000323457 0.000336223 0.000266486 0.000251356 0.000284481 0.000220559 
f1 0.984143 0.984444 0.985145 0.985105 0.985716 0.986627 0.98793 0.98925 0.990136 0.990914 0.991403 0.991752 0.992031 0.992115 0.992183 0.992229 0.992285 0.992276 0.99223 0.99229 
std_f1 0.00263232 0.0017996 0.000725274 0.00106179 0.000717533 0.000599796 0.000695463 0.000470421 0.000408374 0.000192037 0.000214731 0.000145247 0.000110319 0.000170757 0.000167088 0.000172326 0.000137001 0.000128617 0.00014582 0.00011423 
time 0.0602803 0.0611601 0.0651364 0.074313 0.0856816 0.107521 0.135946 0.190019 0.251817 0.339847 0.436537 0.524747 0.606007 0.671137 0.717811 0.74786 0.733669 0.752518 0.756866 0.756113 
std_time 0.00343637 0.00295396 0.00402745 0.00412992 0.00526394 0.00636184 0.0107221 0.0151569 0.0160047 0.0169725 0.0124985 0.0132567 0.0178819 0.0156171 0.0307269 0.0311707 0.0131767 0.0227247 0.0154781 0.0172804 
AAROW2
que 0.00857203 0.00863786 0.00855009 0.00845557 0.0090995 0.00908262 0.00923622 0.0104785 0.0116854 0.0148401 0.0211444 0.0319352 0.052596 0.0892902 0.154383 0.254969 0.399301 0.564431 0.716547 0.831877 
std_que 0.000661355 0.000451428 0.00061135 0.000820025 0.000586675 0.000665684 0.000784134 0.000986719 0.00082158 0.000619914 0.000756459 0.00123154 0.00144561 0.00300082 0.00518486 0.00273709 0.00358956 0.00474035 0.00372395 0.00270128 
acc 0.980318 0.980293 0.980154 0.980272 0.980493 0.980419 0.980552 0.980719 0.980544 0.981152 0.981403 0.981855 0.982479 0.98287 0.983643 0.984189 0.984477 0.984782 0.984758 0.984937 
std_acc 0.00104931 0.000691248 0.00140042 0.00134328 0.00115334 0.00124315 0.00130025 0.00090067 0.00127904 0.000955171 0.000925272 0.000642137 0.000480756 0.000498326 0.000505456 0.000295075 0.000270027 0.000263519 0.000288676 0.000305805 
f1 0.989924 0.989912 0.989841 0.989903 0.990012 0.989976 0.990047 0.990126 0.990037 0.990346 0.990472 0.990702 0.991018 0.991215 0.991605 0.991884 0.992029 0.992184 0.992172 0.992262 
std_f1 0.000525627 0.000347228 0.000705007 0.000674081 0.000580624 0.000625451 0.000652634 0.000448231 0.000643581 0.000481953 0.000470121 0.000326055 0.000243258 0.000254562 0.000256863 0.000149947 0.00013722 0.000135151 0.00014902 0.000156514 
time 1.05526 1.02962 1.02278 1.02491 1.03078 1.0295 1.03177 1.04881 1.04145 1.0522 1.07088 1.09096 1.12633 1.18145 1.25624 1.35073 1.38801 1.48071 1.53555 1.57243 
std_time 0.0276792 0.0204229 0.0131399 0.0241757 0.0114717 0.0161937 0.0173011 0.0198162 0.0126594 0.00820129 0.00962759 0.0108989 0.0124278 0.0200489 0.0412424 0.0415899 0.0155867 0.0289478 0.0194144 0.0206144 
RAROW
que 0.00854924 0.00849017 0.00859482 0.00838889 0.00919571 0.00901342 0.00939235 0.0103207 0.0117799 0.0147624 0.0211393 0.0321825 0.0525766 0.0894708 0.154416 0.254759 0.399749 0.563683 0.716316 0.832499 
std_que 0.000777326 0.000494905 0.000827687 0.000901443 0.000660004 0.000926551 0.000801151 0.00119674 0.000892277 0.000692358 0.001095 0.00137398 0.00153339 0.00365155 0.00516955 0.00247681 0.00385797 0.00580857 0.00426685 0.00291023 
acc 0.962244 0.962006 0.963014 0.962713 0.961787 0.961567 0.964562 0.960848 0.964216 0.963335 0.964941 0.967038 0.969412 0.974091 0.976936 0.97997 0.981869 0.98316 0.983951 0.984462 
std_acc 0.00462667 0.00397746 0.00274634 0.00350731 0.00298194 0.00365552 0.00356823 0.00434565 0.00275464 0.00317335 0.00249394 0.00168572 0.00154429 0.00111902 0.000676394 0.000376228 0.000329694 0.000334746 0.000356635 0.000283321 
f1 0.980638 0.980507 0.981029 0.980873 0.980382 0.980285 0.981835 0.979889 0.981642 0.981188 0.981987 0.983081 0.984272 0.986686 0.988146 0.98971 0.990686 0.991348 0.991755 0.992016 
std_f1 0.0024288 0.00209334 0.00145783 0.001838 0.00156781 0.00192045 0.00186548 0.0023005 0.001437 0.00166588 0.00131187 0.000881921 0.000807745 0.000575343 0.000351987 0.000197362 0.000169637 0.000171343 0.000183758 0.00014561 
time 0.0474451 0.0449784 0.0454407 0.0451805 0.0471605 0.0463788 0.0469311 0.0504142 0.0505677 0.0551204 0.0652941 0.0800046 0.103666 0.138262 0.197434 0.275048 0.362854 0.486173 0.584443 0.657135 
std_time 0.00327289 0.00231626 0.00372661 0.00327069 0.00273059 0.00303894 0.00386163 0.00376222 0.00244752 0.00370448 0.00423633 0.00514355 0.00609659 0.00863455 0.0148733 0.0171815 0.0126771 0.0291073 0.0153475 0.0183754 
AROWC
que 1 1 1 1 1 1 1 1 1 1 1 1 1 1 1 1 1 1 1 1 
std_que 0 0 0 0 0 0 0 0 0 0 0 0 0 0 0 0 0 0 0 0 
acc 0.98541 0.98541 0.98541 0.98541 0.98541 0.98541 0.98541 0.98541 0.98541 0.98541 0.98541 0.98541 0.98541 0.98541 0.98541 0.98541 0.98541 0.98541 0.98541 0.98541 
std_acc 0.000212193 0.000212193 0.000212193 0.000212193 0.000212193 0.000212193 0.000212193 0.000212193 0.000212193 0.000212193 0.000212193 0.000212193 0.000212193 0.000212193 0.000212193 0.000212193 0.000212193 0.000212193 0.000212193 0.000212193 
f1 0.992502 0.992502 0.992502 0.992502 0.992502 0.992502 0.992502 0.992502 0.992502 0.992502 0.992502 0.992502 0.992502 0.992502 0.992502 0.992502 0.992502 0.992502 0.992502 0.992502 
std_f1 0.000109151 0.000109151 0.000109151 0.000109151 0.000109151 0.000109151 0.000109151 0.000109151 0.000109151 0.000109151 0.000109151 0.000109151 0.000109151 0.000109151 0.000109151 0.000109151 0.000109151 0.000109151 0.000109151 0.000109151 
time 3.86328 3.86328 3.86328 3.86328 3.86328 3.86328 3.86328 3.86328 3.86328 3.86328 3.86328 3.86328 3.86328 3.86328 3.86328 3.86328 3.86328 3.86328 3.86328 3.86328 
std_time 0.161327 0.161327 0.161327 0.161327 0.161327 0.161327 0.161327 0.161327 0.161327 0.161327 0.161327 0.161327 0.161327 0.161327 0.161327 0.161327 0.161327 0.161327 0.161327 0.161327 
