APE
que 0.00326943 0.00569714 0.00929843 0.0151629 0.0246496 0.0408334 0.068807 0.118432 0.201111 0.328191 0.488388 0.651867 0.786824 0.880078 0.93569 0.966706 0.982963 0.991397 0.995655 0.997825 
std_que 0.000167919 0.000179825 0.000202661 0.000304896 0.000372265 0.000429563 0.000848613 0.00093605 0.00138778 0.00119146 0.00153805 0.00163483 0.00103025 0.000696546 0.000563313 0.000408304 0.000207395 0.000188167 0.00011727 7.14891e-05 
acc 0.755336 0.797021 0.829382 0.849745 0.865897 0.875273 0.883129 0.887186 0.888738 0.88749 0.884933 0.8822 0.879701 0.877905 0.876875 0.876351 0.875979 0.875783 0.875636 0.875791 
std_acc 0.00992058 0.00671177 0.00396202 0.00270878 0.00147267 0.0011125 0.000817969 0.000439687 0.000448505 0.000487479 0.000448016 0.000342905 0.000390861 0.000356731 0.000325941 0.000382387 0.00037569 0.000352885 0.000395389 0.000375308 
f1 0.801691 0.834635 0.86042 0.87686 0.890159 0.897836 0.904274 0.907542 0.908723 0.907606 0.905388 0.903057 0.900943 0.899426 0.898555 0.898109 0.897797 0.897634 0.89751 0.897637 
std_f1 0.00809571 0.00551874 0.00341088 0.00216478 0.00126666 0.000936753 0.00069175 0.000364577 0.000393116 0.000399823 0.000366535 0.000285849 0.000322542 0.00029472 0.000271525 0.000316257 0.000311035 0.000292051 0.00032546 0.000310836 
time 0.289031 0.285134 0.285735 0.285733 0.286159 0.283928 0.284916 0.285687 0.287159 0.290779 0.294342 0.295556 0.296429 0.295532 0.295971 0.295987 0.297427 0.294603 0.295453 0.292045 
std_time 0.0180205 0.000906928 0.00075541 0.000959687 0.000919534 0.000880643 0.00162489 0.00108883 0.00113745 0.0024677 0.000884087 0.000929809 0.00160263 0.00195859 0.000894297 0.00111833 0.00712951 0.00116744 0.00112883 0.00196532 
APAII
que 0.008765 0.0133684 0.0201529 0.030231 0.0460083 0.0703313 0.108273 0.168294 0.257416 0.381245 0.52895 0.677667 0.801429 0.887302 0.939255 0.968494 0.983909 0.991852 0.995887 0.997946 
std_que 0.000182823 0.000198306 0.00021892 0.000201691 0.000370653 0.000425909 0.000599293 0.000612527 0.00108414 0.000801612 0.00077245 0.000974039 0.000761704 0.000641197 0.00049097 0.00031188 0.000166731 0.000198617 9.89059e-05 7.58726e-05 
acc 0.852715 0.871411 0.88382 0.892542 0.898903 0.903312 0.907052 0.909908 0.911871 0.913194 0.913706 0.913819 0.913654 0.913452 0.913389 0.913393 0.913298 0.913313 0.913242 0.913302 
std_acc 0.00450874 0.00259538 0.00179618 0.000808417 0.000552266 0.000670859 0.000382851 0.000218159 0.000289026 0.000201531 0.000251281 0.000306419 0.000207411 0.00022395 0.000222805 0.000210233 0.000203347 0.000190236 0.000191282 0.000182876 
f1 0.881341 0.895779 0.905632 0.912505 0.917638 0.921171 0.92421 0.926525 0.928076 0.929111 0.929471 0.929526 0.929355 0.929173 0.929103 0.929108 0.929027 0.929033 0.928975 0.929029 
std_f1 0.00336246 0.00180417 0.00117312 0.000641589 0.000434276 0.000516557 0.000295199 0.000180242 0.000223861 0.000165974 0.000212562 0.000249497 0.000173298 0.000185967 0.000183421 0.000175218 0.000164604 0.000152744 0.000153706 0.000152486 
time 0.29994 0.300846 0.301495 0.302411 0.303841 0.303258 0.305732 0.309897 0.315569 0.324381 0.333059 0.338324 0.343385 0.344128 0.345421 0.346624 0.347835 0.345558 0.346803 0.342862 
std_time 0.00158666 0.00116169 0.000762689 0.000890473 0.000916904 0.0011421 0.00131829 0.00123802 0.00159039 0.00258723 0.000937526 0.000995677 0.00273158 0.00171873 0.00122434 0.00179812 0.00621777 0.0014933 0.00142921 0.00238604 
ASOP
que 0.0271689 0.0710804 0.213671 0.450679 0.670867 0.816564 0.902166 0.948786 0.973608 0.986677 0.993323 0.99664 0.998305 0.999164 0.999573 0.999788 0.999891 0.999949 0.999976 0.999987 
std_que 0.000861589 0.00302572 0.00435267 0.0053376 0.00438477 0.00175911 0.00147819 0.000735403 0.000505595 0.000234456 0.000178001 0.000115222 6.50645e-05 5.43704e-05 3.70579e-05 2.80273e-05 1.47662e-05 1.05984e-05 5.53099e-06 7.41069e-06 
acc 0.911686 0.915597 0.912378 0.905503 0.900037 0.896388 0.894363 0.893171 0.892721 0.892357 0.892074 0.892017 0.891945 0.89201 0.891966 0.891868 0.892144 0.892006 0.891801 0.89198 
std_acc 0.00114765 0.000962163 0.00048953 0.000568279 0.000426214 0.000441319 0.000415484 0.000315228 0.000392032 0.000238215 0.0002704 0.000355872 0.000365677 0.000273271 0.0003037 0.00033866 0.000221521 0.000230778 0.000273066 0.000403235 
f1 0.92757 0.930798 0.928094 0.922343 0.917743 0.914675 0.912966 0.91197 0.911589 0.911283 0.911046 0.911 0.910939 0.910991 0.910955 0.910876 0.911103 0.910988 0.91082 0.910968 
std_f1 0.000948266 0.000801246 0.000397887 0.00048674 0.000353054 0.000362245 0.000342383 0.00025651 0.000324177 0.000197099 0.000223728 0.000293615 0.000300985 0.000225871 0.000249821 0.000278934 0.000182447 0.000190516 0.000224966 0.000332264 
time 124.435 124.654 125.618 126.892 127.955 127.344 127.694 127.906 127.984 129.282 129.706 129.899 129.749 129.74 129.369 129.326 129.489 129.577 129.732 128.178 
std_time 0.409002 0.0593748 0.124593 0.0609568 0.0607115 0.0454395 0.0225242 0.0346946 0.0367707 0.717918 0.0372048 0.77124 0.0349255 0.0633275 0.14315 0.0487722 1.04688 0.320565 0.366205 0.854893 
AROW
que 1 1 1 1 1 1 1 1 1 1 1 1 1 1 1 1 1 1 1 1 
std_que 0 0 0 0 0 0 0 0 0 0 0 0 0 0 0 0 0 0 0 0 
acc 0.931479 0.931479 0.931479 0.931479 0.931479 0.931479 0.931479 0.931479 0.931479 0.931479 0.931479 0.931479 0.931479 0.931479 0.931479 0.931479 0.931479 0.931479 0.931479 0.931479 
std_acc 0.000149104 0.000149104 0.000149104 0.000149104 0.000149104 0.000149104 0.000149104 0.000149104 0.000149104 0.000149104 0.000149104 0.000149104 0.000149104 0.000149104 0.000149104 0.000149104 0.000149104 0.000149104 0.000149104 0.000149104 
f1 0.944034 0.944034 0.944034 0.944034 0.944034 0.944034 0.944034 0.944034 0.944034 0.944034 0.944034 0.944034 0.944034 0.944034 0.944034 0.944034 0.944034 0.944034 0.944034 0.944034 
std_f1 0.000125805 0.000125805 0.000125805 0.000125805 0.000125805 0.000125805 0.000125805 0.000125805 0.000125805 0.000125805 0.000125805 0.000125805 0.000125805 0.000125805 0.000125805 0.000125805 0.000125805 0.000125805 0.000125805 0.000125805 
time 21.8905 21.8905 21.8905 21.8905 21.8905 21.8905 21.8905 21.8905 21.8905 21.8905 21.8905 21.8905 21.8905 21.8905 21.8905 21.8905 21.8905 21.8905 21.8905 21.8905 
std_time 0.0969909 0.0969909 0.0969909 0.0969909 0.0969909 0.0969909 0.0969909 0.0969909 0.0969909 0.0969909 0.0969909 0.0969909 0.0969909 0.0969909 0.0969909 0.0969909 0.0969909 0.0969909 0.0969909 0.0969909 
AAROW
que 0.00172714 0.00290686 0.00490829 0.00852414 0.0147323 0.0253884 0.0437879 0.0749323 0.127659 0.212664 0.338412 0.495917 0.656971 0.789425 0.881032 0.93625 0.966945 0.983033 0.991439 0.995669 
std_que 9.69431e-05 0.000170285 0.00016169 0.0002999 0.000373243 0.000578425 0.000970839 0.000926423 0.00150247 0.00199614 0.00142943 0.00157167 0.00179284 0.000999196 0.000484204 0.000409345 0.000314345 0.000230993 0.000120188 0.000123694 
acc 0.883213 0.89781 0.911302 0.91821 0.924336 0.92813 0.930479 0.932237 0.933288 0.934027 0.934014 0.933808 0.933077 0.932603 0.932064 0.931818 0.931603 0.931453 0.931455 0.931395 
std_acc 0.0111323 0.00747437 0.00238534 0.00288591 0.000997097 0.000800576 0.000656699 0.000420052 0.00041771 0.000263478 0.000199372 0.000181287 0.000227567 0.000243983 0.000153448 0.000218057 0.000193587 0.000152475 0.000228319 0.000202333 
f1 0.905463 0.91694 0.927628 0.933384 0.938321 0.941384 0.943254 0.944711 0.94554 0.94616 0.946153 0.945969 0.945364 0.94497 0.944519 0.944315 0.944133 0.94401 0.944015 0.94396 
std_f1 0.00841432 0.00616364 0.00199049 0.00231271 0.000842627 0.000716969 0.000580423 0.000355152 0.000352035 0.000213296 0.000168853 0.000151442 0.000188234 0.000204004 0.000127365 0.000183013 0.000155966 0.000125421 0.000185523 0.000169628 
time 0.444078 0.537327 0.685363 0.934653 1.32904 1.908 2.81012 4.0878 5.94761 8.4194 11.4072 14.4319 17.1035 19.0186 20.2695 21.0023 21.3321 21.5686 21.6833 21.5406 
std_time 0.0114586 0.017772 0.0166454 0.0303477 0.0352133 0.044023 0.0625073 0.0697523 0.0929986 0.110047 0.0842029 0.0749845 0.0956281 0.0694713 0.0602211 0.0660327 0.0914521 0.084892 0.0678716 0.149134 
AAROW2
que 0.00792257 0.008131 0.008195 0.00827957 0.008409 0.00906529 0.00990957 0.011599 0.0144766 0.0198549 0.0295496 0.0470413 0.0770371 0.128899 0.213293 0.339981 0.497824 0.658399 0.791152 0.881768 
std_que 0.000303268 0.000219633 0.000184596 0.000311735 0.000194761 0.000294863 0.000307712 0.000413453 0.000282468 0.000422793 0.000707127 0.00071619 0.000912526 0.00105914 0.00182292 0.00170008 0.0021709 0.00128277 0.000927118 0.000679582 
acc 0.918084 0.919455 0.923515 0.919275 0.923249 0.92578 0.92509 0.926187 0.928565 0.929483 0.930797 0.932407 0.933055 0.933941 0.934241 0.934199 0.93376 0.933134 0.932508 0.932038 
std_acc 0.0100946 0.00759113 0.00508708 0.0104059 0.00718896 0.00356315 0.00432022 0.00331239 0.00227757 0.00180338 0.000889905 0.000439248 0.000420714 0.000266667 0.000215242 0.000262275 0.000156253 0.000219307 0.000210737 0.00020699 
f1 0.931843 0.932973 0.936661 0.93273 0.936425 0.93876 0.938156 0.939118 0.941336 0.942126 0.943337 0.944768 0.945326 0.946079 0.946326 0.946286 0.945929 0.94541 0.944892 0.944494 
std_f1 0.00925615 0.00697371 0.00460769 0.00948693 0.00657867 0.00327321 0.00395576 0.00296995 0.00204436 0.00162902 0.000825723 0.000403117 0.000390544 0.000220908 0.00017253 0.000210135 0.000127441 0.000185206 0.000168687 0.000172603 
time 23.2655 23.1666 23.168 23.1991 23.2261 23.0855 23.0851 23.1347 23.3094 23.6975 24.1808 24.7919 25.776 27.1733 29.0741 31.4588 33.9824 36.009 37.6242 38.2907 
std_time 0.263291 0.0299079 0.0165242 0.104677 0.119134 0.206269 0.0825681 0.0325352 0.120317 0.167648 0.141495 0.0421248 0.0790798 0.0632181 0.129077 0.0909025 0.423815 0.148878 0.188531 0.28786 
RAROW
que 0.00786271 0.00810014 0.00821414 0.008235 0.00843386 0.00905814 0.00986971 0.011645 0.0144096 0.0199654 0.0294623 0.0469993 0.0768649 0.128777 0.213258 0.340052 0.497799 0.658356 0.791148 0.88177 
std_que 0.000328725 0.000206865 0.000236344 0.000359192 0.000243542 0.000323632 0.000345874 0.000466326 0.000318108 0.000452521 0.00067853 0.000896046 0.000986127 0.0013932 0.00203719 0.00207972 0.00238077 0.00159799 0.000978845 0.000728019 
acc 0.900559 0.90168 0.901443 0.900862 0.902392 0.903943 0.905041 0.90741 0.910167 0.913997 0.917225 0.921313 0.924452 0.926864 0.928477 0.929847 0.930379 0.930857 0.931165 0.931214 
std_acc 0.00211568 0.00214857 0.00207929 0.00253794 0.00216852 0.00190926 0.0023571 0.00180284 0.0017433 0.00141604 0.00113542 0.000804067 0.000689765 0.000542508 0.000300776 0.000261222 0.000349916 0.000236853 0.000230359 0.000189245 
f1 0.918887 0.919794 0.91998 0.919244 0.920515 0.921722 0.922609 0.924509 0.926722 0.929881 0.932509 0.935803 0.938335 0.940294 0.941608 0.942689 0.943142 0.94352 0.943779 0.943816 
std_f1 0.00191365 0.00199732 0.00161118 0.0020361 0.00179046 0.00146317 0.00224701 0.00159902 0.00140235 0.00116075 0.000910809 0.00067351 0.000585438 0.000449718 0.000253429 0.000230311 0.000284552 0.00019381 0.000185384 0.000160206 
time 0.523299 0.529185 0.525572 0.531655 0.535212 0.544846 0.568716 0.610685 0.681114 0.814706 1.03711 1.4411 2.10631 3.22734 5.06551 7.79768 11.1603 14.5332 17.3482 19.1182 
std_time 0.013872 0.0113703 0.00972785 0.012196 0.0122227 0.0132984 0.01004 0.0195565 0.0174227 0.0145424 0.0222533 0.0356259 0.0375091 0.0495712 0.0714987 0.075875 0.18656 0.101459 0.0757676 0.124896 
AROWC
que 1 1 1 1 1 1 1 1 1 1 1 1 1 1 1 1 1 1 1 1 
std_que 0 0 0 0 0 0 0 0 0 0 0 0 0 0 0 0 0 0 0 0 
acc 0.925513 0.925513 0.925513 0.925513 0.925513 0.925513 0.925513 0.925513 0.925513 0.925513 0.925513 0.925513 0.925513 0.925513 0.925513 0.925513 0.925513 0.925513 0.925513 0.925513 
std_acc 0.000214303 0.000214303 0.000214303 0.000214303 0.000214303 0.000214303 0.000214303 0.000214303 0.000214303 0.000214303 0.000214303 0.000214303 0.000214303 0.000214303 0.000214303 0.000214303 0.000214303 0.000214303 0.000214303 0.000214303 
f1 0.939106 0.939106 0.939106 0.939106 0.939106 0.939106 0.939106 0.939106 0.939106 0.939106 0.939106 0.939106 0.939106 0.939106 0.939106 0.939106 0.939106 0.939106 0.939106 0.939106 
std_f1 0.000175714 0.000175714 0.000175714 0.000175714 0.000175714 0.000175714 0.000175714 0.000175714 0.000175714 0.000175714 0.000175714 0.000175714 0.000175714 0.000175714 0.000175714 0.000175714 0.000175714 0.000175714 0.000175714 0.000175714 
time 58.3783 58.3783 58.3783 58.3783 58.3783 58.3783 58.3783 58.3783 58.3783 58.3783 58.3783 58.3783 58.3783 58.3783 58.3783 58.3783 58.3783 58.3783 58.3783 58.3783 
std_time 0.512402 0.512402 0.512402 0.512402 0.512402 0.512402 0.512402 0.512402 0.512402 0.512402 0.512402 0.512402 0.512402 0.512402 0.512402 0.512402 0.512402 0.512402 0.512402 0.512402 
