APE
que 0.000102382 0.000180764 0.000351709 0.000666664 0.00121826 0.00221205 0.00404611 0.00763873 0.0145395 0.0272712 0.0516291 0.0984481 0.181362 0.310315 0.476857 0.647926 0.787147 0.881164 0.936891 0.967458 
std_que 7.07607e-06 1.48177e-05 1.92113e-05 1.93461e-05 1.86043e-05 4.39205e-05 4.51928e-05 5.23406e-05 8.3122e-05 0.000103361 0.000188512 0.000271673 0.000227849 0.000185415 0.000135909 0.000177463 0.000160346 0.00010562 8.05729e-05 6.21454e-05 
acc 0.518089 0.528102 0.540431 0.556922 0.570331 0.580911 0.588792 0.595583 0.600149 0.602091 0.60023 0.5944 0.586416 0.577635 0.569805 0.563572 0.559294 0.556777 0.555281 0.554532 
std_acc 0.00737057 0.00340167 0.00527364 0.00205059 0.00235844 0.00167548 0.00089742 0.000790398 0.000646746 0.000389042 0.000416319 0.000256306 0.000174697 0.000107358 0.000162893 0.000126158 0.000156922 0.000142492 0.000112925 0.000133736 
f1 0.558007 0.585881 0.595047 0.610206 0.620294 0.627851 0.634048 0.63932 0.640646 0.641043 0.636414 0.62863 0.618555 0.607808 0.598467 0.590977 0.585948 0.582956 0.581211 0.580325 
std_f1 0.0373067 0.0326702 0.0158891 0.00699697 0.00375814 0.00520006 0.003307 0.00232454 0.00175735 0.000895109 0.000786293 0.000456029 0.000256339 0.000201002 0.000171957 0.000103162 0.000163024 0.000125114 0.00011912 0.00012658 
time 5.65413 5.62634 5.62997 5.61162 5.52407 5.45595 5.46086 5.44959 5.42894 5.42755 5.43853 5.45973 5.49976 5.56823 5.64948 5.69379 5.7298 5.75295 5.76644 5.77602 
std_time 0.0656496 0.0103887 0.00514569 0.00612495 0.0665265 0.00532291 0.00364579 0.0172324 0.00719245 0.00486497 0.00252974 0.0033496 0.00309992 0.00583052 0.00784784 0.00303059 0.00373596 0.00320987 0.00288925 0.00472499 
APAII
que 0.000650409 0.00120079 0.00206068 0.00351955 0.00602997 0.0104789 0.0183101 0.0313065 0.0527874 0.0881389 0.145734 0.23478 0.358962 0.508827 0.660742 0.788369 0.878674 0.9343 0.965751 0.982482 
std_que 5.18882e-05 3.16759e-05 2.84253e-05 4.95885e-05 8.26808e-05 0.000100249 0.00016386 0.000138305 0.000218683 0.000203854 0.00016847 0.000257578 0.000253109 0.000307646 0.000179219 0.0001437 0.00010291 6.5711e-05 7.30634e-05 4.50692e-05 
acc 0.564874 0.581637 0.593878 0.603367 0.611136 0.618294 0.624999 0.629989 0.633392 0.635127 0.635218 0.634051 0.63209 0.629678 0.627269 0.625307 0.62387 0.623004 0.622447 0.622182 
std_acc 0.00464544 0.00300585 0.00198712 0.000796564 0.000600861 0.000540019 0.000239886 0.000193273 0.000263959 0.000156586 0.00015071 0.000113697 8.83862e-05 8.33074e-05 0.000100503 4.31082e-05 7.71854e-05 5.54895e-05 9.2558e-05 6.3332e-05 
f1 0.641268 0.647254 0.657069 0.663732 0.669246 0.674492 0.678665 0.680754 0.682005 0.681981 0.680898 0.67867 0.675975 0.672629 0.669465 0.666776 0.664875 0.663722 0.662986 0.662636 
std_f1 0.0135436 0.00675604 0.00635617 0.00351595 0.000913418 0.00153737 0.000962727 0.00049892 0.000366276 0.000237175 0.000294543 0.00026718 0.000172556 0.000217402 9.54088e-05 6.6719e-05 8.13478e-05 5.19858e-05 7.74427e-05 6.94284e-05 
time 6.18448 6.12453 6.12799 6.11783 6.03511 5.96844 5.98167 5.98018 5.97087 6.00269 6.06088 6.14743 6.273 6.42421 6.54075 6.62035 6.66753 6.70677 6.73481 6.74375 
std_time 0.175074 0.00514238 0.00319089 0.0105468 0.0698078 0.0105456 0.00712808 0.0229669 0.00822006 0.00556352 0.00494454 0.00337213 0.00500185 0.00896046 0.00822971 0.00493868 0.00439977 0.00741783 0.00274995 0.0064271 
ASOP
que 0.116511 0.492449 0.736422 0.865534 0.933448 0.96655 0.983252 0.991713 0.99583 0.997926 0.99895 0.999476 0.999739 0.999871 0.999935 0.999967 0.999984 0.999992 0.999996 0.999998 
std_que 0.00954981 0.0086407 0.00280918 0.00212762 0.00084229 0.000548398 0.000177524 0.000106568 3.30774e-05 2.60826e-05 1.62809e-05 6.3913e-06 9.02089e-06 3.08159e-06 1.92727e-06 1.54106e-06 9.94364e-07 7.93777e-07 4.63636e-07 2.72121e-07 
acc 0.599557 0.577854 0.56655 0.561278 0.558489 0.557367 0.556887 0.556595 0.556408 0.556382 0.556322 0.556368 0.556325 0.556377 0.556275 0.556262 0.556285 0.556349 0.556316 0.556303 
std_acc 0.00180467 0.000459307 0.00035253 0.000202078 0.000231557 0.000123813 0.000130759 0.000120941 0.000124915 0.000109099 0.000152678 8.27061e-05 8.36271e-05 0.000117311 0.000153732 8.66888e-05 0.000133381 0.000104605 6.93202e-05 6.98281e-05 
f1 0.637091 0.609208 0.59498 0.588185 0.584604 0.583107 0.582486 0.582117 0.581909 0.581867 0.581806 0.581843 0.581798 0.581847 0.581753 0.581738 0.581762 0.581823 0.58179 0.581776 
std_f1 0.00298181 0.00196489 0.000887652 0.000484861 0.000316644 0.000191843 0.000123277 0.00012406 0.000114106 0.000102308 0.000145205 7.8363e-05 7.94708e-05 0.000110301 0.000144145 8.02955e-05 0.000126409 9.92893e-05 6.84755e-05 6.69499e-05 
time 76.2922 79.3113 81.3685 82.4776 83.0136 83.1733 83.3333 83.3615 83.2659 83.3026 83.3107 83.2781 83.2972 83.3159 83.3375 83.3379 83.3295 83.3434 83.3321 83.33 
std_time 0.234505 0.0698104 0.0430529 0.0523384 0.13292 0.0355227 0.012881 0.0936464 0.0237269 0.0327427 0.0490831 0.00664874 0.0303771 0.0303483 0.029859 0.0259094 0.0104534 0.0291695 0.0315548 0.0205825 
AROW
que 1 1 1 1 1 1 1 1 1 1 1 1 1 1 1 1 1 1 1 1 
std_que 0 0 0 0 0 0 0 0 0 0 0 0 0 0 0 0 0 0 0 0 
acc 0.645753 0.645753 0.645753 0.645753 0.645753 0.645753 0.645753 0.645753 0.645753 0.645753 0.645753 0.645753 0.645753 0.645753 0.645753 0.645753 0.645753 0.645753 0.645753 0.645753 
std_acc 5.05435e-05 5.05435e-05 5.05435e-05 5.05435e-05 5.05435e-05 5.05435e-05 5.05435e-05 5.05435e-05 5.05435e-05 5.05435e-05 5.05435e-05 5.05435e-05 5.05435e-05 5.05435e-05 5.05435e-05 5.05435e-05 5.05435e-05 5.05435e-05 5.05435e-05 5.05435e-05 
f1 0.702827 0.702827 0.702827 0.702827 0.702827 0.702827 0.702827 0.702827 0.702827 0.702827 0.702827 0.702827 0.702827 0.702827 0.702827 0.702827 0.702827 0.702827 0.702827 0.702827 
std_f1 9.79638e-05 9.79638e-05 9.79638e-05 9.79638e-05 9.79638e-05 9.79638e-05 9.79638e-05 9.79638e-05 9.79638e-05 9.79638e-05 9.79638e-05 9.79638e-05 9.79638e-05 9.79638e-05 9.79638e-05 9.79638e-05 9.79638e-05 9.79638e-05 9.79638e-05 9.79638e-05 
time 60.8848 60.8848 60.8848 60.8848 60.8848 60.8848 60.8848 60.8848 60.8848 60.8848 60.8848 60.8848 60.8848 60.8848 60.8848 60.8848 60.8848 60.8848 60.8848 60.8848 
std_time 0.14255 0.14255 0.14255 0.14255 0.14255 0.14255 0.14255 0.14255 0.14255 0.14255 0.14255 0.14255 0.14255 0.14255 0.14255 0.14255 0.14255 0.14255 0.14255 0.14255 
AAROW
que 0.000119573 0.000272791 0.000634982 0.00123485 0.00235557 0.00427499 0.00770957 0.0139042 0.0244424 0.0429805 0.0733971 0.122684 0.198725 0.308088 0.448507 0.602812 0.743042 0.848725 0.916844 0.956204 
std_que 1.25247e-05 2.14435e-05 3.9196e-05 6.28627e-05 8.52972e-05 9.03164e-05 0.000176487 0.000198924 0.000177569 0.000210641 0.000333082 0.000312724 0.000328463 0.000209977 0.000283104 0.000169865 0.000187548 0.000154619 9.45408e-05 6.70337e-05 
acc 0.577659 0.60073 0.625392 0.638512 0.645163 0.650057 0.651834 0.652785 0.653611 0.653798 0.653821 0.653703 0.653304 0.652629 0.651477 0.650177 0.648797 0.647614 0.646821 0.646355 
std_acc 0.0066541 0.00838194 0.00553558 0.00285906 0.00149791 0.000821662 0.000399996 0.000329326 0.000156021 0.000154619 0.00010849 4.89977e-05 5.47554e-05 6.01586e-05 6.136e-05 5.63686e-05 3.32448e-05 4.13526e-05 4.54829e-05 4.16777e-05 
f1 0.619158 0.648739 0.678423 0.687326 0.692432 0.696257 0.698861 0.699102 0.700332 0.700458 0.700714 0.700803 0.701032 0.700904 0.701024 0.701326 0.701809 0.70217 0.702382 0.702609 
std_f1 0.0239539 0.0280743 0.00703156 0.00323843 0.00374626 0.0023015 0.00112571 0.00159739 0.000782223 0.000769121 0.000608256 0.000417368 0.000248473 0.000136704 0.000193476 0.00014585 6.43094e-05 7.25596e-05 7.69631e-05 8.22518e-05 
time 5.6482 5.64094 5.66911 5.68316 5.65754 5.73016 5.95621 6.35276 7.00955 8.1827 10.0955 13.1337 17.7127 24.137 32.121 40.5508 47.9509 53.3794 56.7902 58.7529 
std_time 0.0158953 0.0116904 0.0182097 0.00827957 0.063298 0.00964923 0.0143079 0.0213206 0.0292782 0.019514 0.0284784 0.0267878 0.0265873 0.0218384 0.018333 0.0229263 0.0685038 0.0205037 0.0252856 0.0231117 
AAROW2
que 0.0024234 0.00251662 0.00256798 0.00274164 0.00348397 0.00592895 0.0148665 0.0433456 0.122972 0.308313 0.602785 0.848703 0.956204 0.988597 0.997108 0.999276 0.999818 0.999954 0.999989 0.999998 
std_que 8.78206e-05 9.66237e-05 7.87074e-05 7.93164e-05 0.000125473 0.000106176 0.000191729 0.000239744 0.000284505 0.00022816 0.000200462 0.000114789 4.91585e-05 2.66673e-05 1.9366e-05 9.16689e-06 3.3742e-06 2.00545e-06 1.09151e-06 5.33505e-07 
acc 0.651354 0.651421 0.651122 0.65125 0.651904 0.653173 0.653673 0.653886 0.653663 0.652628 0.650177 0.647658 0.64637 0.645901 0.645807 0.645777 0.645775 0.645774 0.645779 0.645795 
std_acc 0.000550528 0.000667064 0.000589431 0.00109583 0.000571561 0.000435005 0.000262385 0.000150394 8.87714e-05 4.93903e-05 3.8458e-05 3.19839e-05 1.9337e-05 3.72345e-05 2.27188e-05 5.19919e-05 2.78147e-05 4.07296e-05 4.4189e-05 4.33374e-05 
f1 0.697702 0.696771 0.697222 0.697868 0.69803 0.700191 0.700065 0.700808 0.70081 0.700954 0.701378 0.702079 0.702547 0.702784 0.702761 0.702823 0.702836 0.702856 0.702798 0.702815 
std_f1 0.00220105 0.00274613 0.0018888 0.00245678 0.00209257 0.00219392 0.00122763 0.000670903 0.000279138 9.05961e-05 0.000122604 4.88629e-05 5.13163e-05 8.6913e-05 0.000104628 0.000121129 9.35778e-05 4.56911e-05 9.1643e-05 7.59739e-05 
time 28.4153 28.3786 28.3766 28.3695 28.3022 28.3545 28.7423 29.9176 33.1518 40.4875 51.4704 60.0591 63.6881 64.7844 65.0909 65.1516 65.1632 65.1831 65.1661 65.1844 
std_time 0.0396517 0.00714189 0.00702454 0.0187863 0.0649355 0.0123807 0.00884592 0.0444173 0.0213221 0.0236005 0.0271777 0.0164665 0.0170781 0.0280441 0.0192481 0.0204938 0.0132042 0.0166489 0.0160136 0.0289848 
RAROW
que 0.00242145 0.00251939 0.00257059 0.00274348 0.00347798 0.00593699 0.0148627 0.0433493 0.122986 0.308356 0.602791 0.848684 0.956209 0.988578 0.997114 0.999279 0.99982 0.999954 0.99999 0.999997 
std_que 8.27932e-05 0.000112365 8.71812e-05 7.41605e-05 0.000128123 0.000115324 0.000205863 0.000244136 0.000288533 0.000267832 0.000221374 0.000118392 5.11232e-05 3.50708e-05 3.42521e-05 8.44758e-06 4.45198e-06 2.37368e-06 1.03397e-06 6.3999e-07 
acc 0.64033 0.640165 0.64097 0.640269 0.641164 0.643037 0.644681 0.645283 0.645586 0.645724 0.645754 0.64578 0.645793 0.645748 0.645769 0.645766 0.645771 0.645774 0.645778 0.645795 
std_acc 0.00139024 0.00114666 0.00117692 0.000858626 0.000981993 0.000686264 0.000239087 0.000359442 0.000217865 6.74011e-05 6.95084e-05 3.74897e-05 1.96166e-05 3.44941e-05 2.82244e-05 5.35589e-05 2.83437e-05 4.00473e-05 4.46816e-05 4.38955e-05 
f1 0.694148 0.694621 0.694423 0.693779 0.695693 0.697041 0.700704 0.702026 0.702356 0.702686 0.702834 0.702791 0.702772 0.702848 0.702772 0.702826 0.702835 0.702857 0.702798 0.702815 
std_f1 0.00232792 0.00203075 0.00260585 0.00319782 0.00236033 0.00233095 0.000906707 0.000860233 0.000357058 0.000226621 0.000165185 5.29304e-05 5.36173e-05 7.63023e-05 0.000102358 0.000120561 9.2195e-05 4.49615e-05 9.11011e-05 7.60755e-05 
time 5.93796 5.9344 5.9361 5.92337 5.85629 5.94489 6.44229 8.015 12.4226 22.7389 39.0957 52.6736 58.6549 60.4462 60.9287 61.0493 61.0714 61.0938 61.0867 61.0791 
std_time 0.00816375 0.010041 0.00783397 0.00782138 0.0621124 0.00691159 0.0121203 0.0207085 0.0222069 0.0194224 0.0410054 0.0248176 0.0550086 0.0322016 0.016676 0.0134921 0.0195916 0.0231151 0.0138853 0.0178154 
