1 1 1 1 1 1 1 1 1 1 1 1 1 1 1 1 1 1 1 1 
0 0 0 0 0 0 0 0 0 0 0 0 0 0 0 0 0 0 0 0 
0.770164 0.770764 0.769121 0.770707 0.770971 0.769357 0.770479 0.769329 0.768957 0.770543 0.768857 0.769443 0.770164 0.768143 0.768429 0.767671 0.768943 0.771457 0.770814 0.770086 
0.00347888 0.00280571 0.003463 0.00264208 0.00314792 0.00311759 0.00391837 0.00276387 0.00380577 0.00248695 0.00263299 0.0031069 0.00322531 0.0027442 0.00360187 0.00247069 0.00325087 0.0038647 0.00366202 0.0033562 
0.769745 0.770313 0.76868 0.770245 0.770466 0.768937 0.770093 0.76877 0.768485 0.770063 0.768364 0.768964 0.769682 0.767702 0.768051 0.767219 0.768472 0.771002 0.770285 0.769614 
0.00347111 0.00281506 0.00348346 0.00270604 0.00320562 0.00317821 0.0038777 0.00278142 0.00375687 0.00249415 0.00267169 0.00311131 0.00325997 0.00273404 0.00358265 0.00248121 0.00330632 0.0039173 0.00372989 0.0034218 
0.00315 0.00155 0.0016 0.00235 0.0008 0.0023 0.00235 0.0016 0 0.00155 0.0015 0.0008 0.0015 0.0031 0.00235 0.0031 0.00075 0.0024 0.0008 0.00235 
0.00630298 0.00465269 0.0048 0.0055971 0.00348712 0.00547814 0.0055971 0.0048 0 0.00465269 0.0045 0.00348712 0.0045 0.00620403 0.0055971 0.00620403 0.00326917 0.00571314 0.00348712 0.0055971 
0.00913571 0.015 0.0233 0.0352071 0.0534714 0.0807786 0.125093 0.189321 0.284629 0.414021 0.572821 0.721243 0.834179 0.907993 0.952314 0.975121 0.9874 0.99375 0.996693 0.998586 
0.00117323 0.0013132 0.00200504 0.00166995 0.00183898 0.00231079 0.00456814 0.00489291 0.00517064 0.00696218 0.00894357 0.00705071 0.00458989 0.00298379 0.00330633 0.0025048 0.00090981 0.00122381 0.000757648 0.000435421 
0.627371 0.666329 0.698243 0.7214 0.737493 0.755729 0.769536 0.777721 0.780114 0.779957 0.779914 0.776564 0.774157 0.771129 0.769429 0.769057 0.769057 0.770514 0.770079 0.770029 
0.0282637 0.0225362 0.0197304 0.0201696 0.013787 0.00726143 0.00566404 0.00543092 0.00394312 0.00305497 0.0042851 0.00359066 0.0037642 0.00329468 0.0038714 0.00269103 0.00267887 0.00336137 0.00310874 0.00314824 
0.586954 0.655682 0.69716 0.714456 0.73633 0.754326 0.769786 0.777375 0.779659 0.779941 0.779616 0.776216 0.773832 0.770779 0.769029 0.768653 0.768604 0.770078 0.769523 0.76954 
0.0678704 0.0399244 0.0159615 0.0217644 0.013906 0.00797339 0.00682958 0.00667221 0.00512996 0.00321797 0.00379539 0.00381447 0.00384854 0.00347783 0.00390159 0.00276572 0.00267844 0.00334231 0.00314797 0.00325356 
0.00155 0.0023 0.00465 0.0031 0.0023 0.0016 0 0.00155 0.00155 0.0031 0.00235 0.00155 0.00305 0.00235 0.0008 0.0008 0.0008 0.00075 0.0032 0.00155 
0.00465269 0.00547814 0.00710827 0.00620403 0.00547814 0.0048 0 0.00465269 0.00465269 0.00620403 0.0055971 0.00465269 0.00610307 0.0055971 0.00348712 0.00348712 0.00348712 0.00326917 0.0064 0.00465269 
0.00898571 0.0150214 0.0244071 0.0358786 0.0538643 0.0803857 0.124543 0.189743 0.284443 0.413614 0.575229 0.722829 0.832021 0.906907 0.952357 0.974657 0.987343 0.993579 0.996579 0.998593 
0.00139013 0.0019369 0.0041802 0.00365147 0.00318334 0.00337461 0.00736256 0.00793167 0.00727799 0.0105568 0.0132191 0.0112917 0.00841394 0.00510388 0.00574927 0.00449453 0.00210461 0.00205311 0.0013691 0.000752242 
0.6275 0.646107 0.670064 0.686979 0.706357 0.716721 0.737029 0.748321 0.755193 0.760079 0.764021 0.767657 0.769857 0.769207 0.7683 0.768529 0.769393 0.770371 0.770493 0.76995 
0.0251866 0.0161393 0.0112363 0.0214482 0.0139742 0.00605493 0.0090783 0.00432668 0.00636705 0.00470702 0.00284543 0.00329855 0.00362587 0.00360484 0.00346289 0.00265349 0.00219502 0.00405483 0.00280796 0.00334184 
0.633274 0.639593 0.658932 0.684576 0.700495 0.714474 0.736892 0.747239 0.75478 0.760012 0.763313 0.767225 0.769546 0.768889 0.76795 0.768111 0.768879 0.769931 0.769949 0.76946 
0.0234476 0.0302423 0.0214233 0.02425 0.0147903 0.00777344 0.0100142 0.00516204 0.00715033 0.00545507 0.00266827 0.00363679 0.00347617 0.00358465 0.00359153 0.00267266 0.00225498 0.00408193 0.00281777 0.00341771 
0.0008 0.00315 0 0.00155 0.00235 0.0032 0.0008 0.0016 0 0.00155 0.0015 0 0 0.0015 0.00075 0.0015 0.0023 0.0008 0.00235 0.00315 
0.00348712 0.00630298 0 0.00465269 0.0055971 0.0064 0.00348712 0.0048 0 0.00465269 0.0045 0 0 0.0045 0.00326917 0.0045 0.00547814 0.00348712 0.0055971 0.00630298 
1 1 1 1 1 1 1 1 1 1 1 1 1 1 1 1 1 1 1 1 
0 0 0 0 0 0 0 0 0 0 0 0 0 0 0 0 0 0 0 0 
0.770664 0.770914 0.769579 0.770279 0.771564 0.77035 0.771786 0.770686 0.770721 0.770036 0.770757 0.769557 0.771564 0.770464 0.768979 0.769886 0.7697 0.771021 0.771879 0.770014 
0.00394329 0.00276509 0.00294489 0.00418146 0.00368961 0.00358497 0.00407769 0.00397867 0.00354892 0.004033 0.00317808 0.00398822 0.00310512 0.00363904 0.00358121 0.00262624 0.00345906 0.00446009 0.00415301 0.00392582 
0.770248 0.770173 0.768995 0.769676 0.770747 0.76977 0.771154 0.769995 0.769961 0.769305 0.769947 0.768854 0.770728 0.769828 0.768267 0.769327 0.769243 0.77006 0.771028 0.769354 
0.00414249 0.00263221 0.00320182 0.00427808 0.00383343 0.00354487 0.00391548 0.00399256 0.00371063 0.00405604 0.00346698 0.00371957 0.00324982 0.00355931 0.00380512 0.00275208 0.00357258 0.00447417 0.00401793 0.00401027 
0.0015 0.0008 0.00075 0.0008 0.00155 0.00155 0 0.00155 0.00395 0.00155 0 0.00235 0.00225 0 0.00315 0.0008 0.0024 0.0016 0.0008 0.00075 
0.0045 0.00348712 0.00326917 0.00348712 0.00465269 0.00465269 0 0.00465269 0.00684452 0.00465269 0 0.0055971 0.00535607 0 0.00630298 0.00348712 0.00571314 0.0048 0.00348712 0.00326917 
0.00647857 0.0107429 0.0174929 0.0261571 0.03955 0.0592571 0.0891214 0.13445 0.204 0.30005 0.430893 0.585036 0.727236 0.838893 0.9122 0.953536 0.976457 0.987979 0.993764 0.997207 
0.000870462 0.00165468 0.000995372 0.00156551 0.00144086 0.00204221 0.00324235 0.00388804 0.00377559 0.00553786 0.00766091 0.00835181 0.00646565 0.00431889 0.0036674 0.00268931 0.00150279 0.00140137 0.000908323 0.000481229 
0.639943 0.67785 0.716136 0.734364 0.759471 0.771314 0.78085 0.786586 0.789679 0.787957 0.786086 0.781414 0.777679 0.774521 0.772214 0.770479 0.770043 0.771443 0.772064 0.77025 
0.038543 0.0410485 0.0242217 0.0146254 0.0113741 0.00812688 0.00576415 0.00589931 0.00497932 0.00440248 0.00565639 0.00402135 0.00456291 0.00424535 0.00374479 0.00299907 0.00294961 0.0049627 0.0041878 0.00394293 
0.641965 0.660963 0.714662 0.731364 0.759383 0.771282 0.78083 0.786108 0.789691 0.788041 0.785616 0.780861 0.776862 0.77411 0.771714 0.769971 0.76955 0.770704 0.771201 0.769543 
0.0481426 0.108046 0.0235395 0.0171667 0.0122383 0.00968025 0.00647487 0.00701007 0.00535459 0.00491108 0.00543908 0.00438618 0.00463331 0.00438316 0.00381774 0.00293168 0.00303549 0.00489274 0.00407575 0.00394786 
0.0023 0.00075 0.0008 0 0.00305 0 0.0015 0.0015 0.00155 0 0.0015 0.0023 0.003 0.0024 0.00155 0.00465 0.00075 0.00235 0.0015 0.00075 
0.00547814 0.00326917 0.00348712 0 0.00610307 0 0.0045 0.0045 0.00465269 0 0.0045 0.00547814 0.006 0.00571314 0.00465269 0.00710827 0.00326917 0.0055971 0.0045 0.00326917 
0.00624286 0.0108714 0.0182714 0.0267214 0.03965 0.0592286 0.08835 0.134957 0.204857 0.300571 0.431729 0.58715 0.725329 0.836843 0.912429 0.953514 0.97635 0.987943 0.993579 0.99735 
0.000905877 0.00228254 0.00251157 0.00282499 0.00251951 0.00332658 0.00541247 0.00736873 0.00631584 0.00891765 0.0136556 0.0126489 0.0122675 0.00652685 0.00730935 0.00483596 0.00310709 0.0025142 0.00175632 0.000905172 
0.624457 0.661521 0.684871 0.704479 0.724107 0.732986 0.7474 0.757143 0.759021 0.764571 0.767907 0.767871 0.769421 0.7696 0.770279 0.769343 0.769736 0.771036 0.771843 0.770121 
0.0273496 0.0335853 0.0181412 0.0203549 0.0108272 0.0114496 0.00770907 0.00693233 0.00572112 0.0039703 0.00496319 0.00395095 0.00395884 0.00419417 0.00443927 0.00346746 0.00320722 0.00488226 0.00453892 0.00405102 
0.628661 0.653074 0.674739 0.703012 0.722492 0.730379 0.747243 0.756258 0.758275 0.763898 0.767175 0.767197 0.768629 0.769204 0.76979 0.768621 0.76924 0.770182 0.771026 0.769369 
0.0432917 0.0755808 0.0329363 0.0220523 0.0128622 0.0131498 0.00584727 0.00809791 0.00546931 0.00446622 0.00519253 0.00401739 0.00427705 0.0043371 0.00456673 0.0032849 0.00313845 0.00495371 0.0044591 0.00403007 
0 0.00155 0.00075 0 0.0016 0.0023 0.00155 0.00235 0.0047 0.0016 0.0039 0.0031 0.00155 0.0023 0.0023 0.00075 0.003 0.00155 0.0039 0.0016 
0 0.00465269 0.00326917 0 0.0048 0.00547814 0.00465269 0.0055971 0.00718401 0.0048 0.00675944 0.00620403 0.00465269 0.00547814 0.00547814 0.00326917 0.006 0.00465269 0.00675944 0.0048 
1 1 1 1 1 1 1 1 1 1 1 1 1 1 1 1 1 1 1 1 
0 0 0 0 0 0 0 0 0 0 0 0 0 0 0 0 0 0 0 0 
0.827071 0.826064 0.825914 0.826729 0.827071 0.82645 0.826514 0.826486 0.826593 0.82635 0.826521 0.826293 0.826671 0.826714 0.825271 0.825693 0.82595 0.827064 0.827336 0.826936 
0.0021206 0.00212587 0.00229258 0.00235168 0.00193386 0.00219009 0.0021478 0.00204311 0.00288956 0.00205857 0.00247612 0.00198231 0.0024109 0.00159591 0.00246108 0.00155857 0.00242406 0.00183029 0.00160183 0.00222806 
0.82725 0.825863 0.826045 0.826571 0.826719 0.826551 0.826663 0.826533 0.826895 0.826191 0.826369 0.826432 0.826547 0.826643 0.825315 0.825923 0.825898 0.827278 0.827122 0.826804 
0.00228809 0.00243733 0.00252285 0.0025058 0.00209847 0.00237817 0.00250729 0.0023474 0.00295865 0.00257733 0.00273843 0.00214076 0.00244387 0.00205017 0.00285911 0.00164665 0.00254322 0.00210366 0.00195204 0.00258801 
0.0031 0.00155 0.0016 0.0031 0.0023 0.0016 0.004 0.0016 0.0008 0.0031 0.00075 0.00155 0.00235 0.0008 0 0.0008 0.00305 0.0023 0 0.00305 
0.00620403 0.00465269 0.0048 0.00620403 0.00547814 0.0048 0.0069282 0.0048 0.00348712 0.00620403 0.00326917 0.00465269 0.0055971 0.00348712 0 0.00348712 0.00610307 0.00547814 0 0.00610307 
0.0139071 0.0223 0.0333857 0.0476429 0.06775 0.0967 0.13765 0.197457 0.276879 0.3817 0.51285 0.6498 0.77065 0.863486 0.925814 0.960671 0.979386 0.989843 0.994464 0.997757 
0.00286081 0.0014342 0.00229822 0.00367437 0.00272474 0.00357797 0.00372511 0.00467878 0.00431946 0.00547795 0.0049325 0.00403667 0.00546295 0.00314234 0.0033071 0.0032113 0.00170659 0.0012445 0.000882801 0.000493012 
0.68855 0.724421 0.75505 0.764529 0.787521 0.795114 0.80935 0.814507 0.818807 0.822243 0.824086 0.825236 0.826636 0.826464 0.824664 0.825579 0.826357 0.826871 0.827479 0.8268 
0.0496374 0.0180505 0.0132546 0.0316922 0.00768158 0.00965809 0.00543636 0.00354432 0.00393345 0.0025932 0.00221332 0.0019589 0.00262153 0.00165608 0.00231687 0.00157822 0.00252599 0.00189193 0.00166186 0.00225307 
0.669057 0.720423 0.750472 0.765777 0.78695 0.793296 0.809667 0.814712 0.819265 0.822449 0.823921 0.825186 0.826587 0.826495 0.82481 0.825968 0.826292 0.827078 0.827233 0.82668 
0.157186 0.0226202 0.0163608 0.0153377 0.010881 0.0132249 0.00615328 0.00363879 0.00434316 0.00286068 0.0031486 0.00222869 0.00279291 0.00192546 0.00271988 0.00160724 0.00259891 0.00204026 0.00199621 0.0026159 
0.00155 0.0016 0.0023 0.0023 0 0.00155 0.00155 0.0008 0.0015 0.0031 0.0016 0.0032 0.0016 0.0016 0.00235 0.00155 0.00235 0.00225 0.00155 0.0016 
0.00465269 0.0048 0.00547814 0.00547814 0 0.00465269 0.00465269 0.00348712 0.0045 0.00620403 0.0048 0.0064 0.0048 0.0048 0.0055971 0.00465269 0.0055971 0.00535607 0.00465269 0.0048 
0.0136286 0.0223429 0.0344786 0.0483929 0.0686643 0.0959857 0.137186 0.198264 0.276407 0.381579 0.514686 0.652143 0.768657 0.862329 0.925643 0.960629 0.978986 0.989736 0.994271 0.997821 
0.00290615 0.00259686 0.00398602 0.00407878 0.00418678 0.00427663 0.00649365 0.0076467 0.00729597 0.00916242 0.00965978 0.00759215 0.0106996 0.00549844 0.00664792 0.00569773 0.00333745 0.00227061 0.00167387 0.00083284 
0.642829 0.659557 0.703279 0.730279 0.752543 0.771529 0.785707 0.797086 0.8064 0.813536 0.818871 0.821464 0.823879 0.825086 0.824629 0.825429 0.825971 0.827 0.827593 0.826843 
0.0516117 0.0374085 0.0243646 0.0177622 0.0152566 0.00896844 0.00771369 0.00591977 0.00674077 0.00327977 0.00238143 0.00225329 0.00266047 0.00202555 0.00237263 0.00228169 0.00256173 0.00152597 0.00148067 0.0019974 
0.640803 0.637298 0.664984 0.719228 0.745327 0.76581 0.786298 0.796009 0.804467 0.811993 0.81755 0.820951 0.823487 0.825121 0.824662 0.825814 0.825912 0.827155 0.827319 0.82674 
0.0965093 0.0862419 0.0620347 0.0314383 0.0230409 0.0150788 0.00924313 0.00650739 0.00923996 0.00458668 0.00322712 0.0033058 0.00258561 0.00235944 0.00274319 0.00219678 0.00260359 0.00169877 0.00174495 0.00236256 
0 0.00155 0.00315 0.0023 0.0008 0.0016 0.00315 0.0031 0.00155 0.0008 0.00315 0.0015 0.0008 0.0039 0.0039 0.0039 0.0008 0.00225 0.0023 0.0031 
0 0.00465269 0.00630298 0.00547814 0.00348712 0.0048 0.00630298 0.00620403 0.00465269 0.00348712 0.00630298 0.0045 0.00348712 0.00675944 0.00675944 0.00675944 0.00348712 0.00535607 0.00547814 0.00620403 
1 1 1 1 1 1 1 1 1 1 1 1 1 1 1 1 1 1 1 1 
0 0 0 0 0 0 0 0 0 0 0 0 0 0 0 0 0 0 0 0 
0.828943 0.828286 0.828257 0.828121 0.828436 0.827857 0.828457 0.828071 0.8287 0.828743 0.8281 0.828521 0.828357 0.827736 0.8268 0.8277 0.827571 0.828571 0.828407 0.828386 
0.00171631 0.00204041 0.00178463 0.00202297 0.0017679 0.00172851 0.00234286 0.00200077 0.00187186 0.00232975 0.00227457 0.00186004 0.00159751 0.00196202 0.00163906 0.00215799 0.00175371 0.00193412 0.00242364 0.00204196 
0.828378 0.827552 0.827728 0.827447 0.827626 0.827331 0.827947 0.82742 0.828155 0.82784 0.827192 0.827838 0.827675 0.826892 0.825942 0.827334 0.826875 0.827981 0.827587 0.827692 
0.00213016 0.00226321 0.00199231 0.00229738 0.00197579 0.00200833 0.00245739 0.00206286 0.00199126 0.00274392 0.00267784 0.00195766 0.00181152 0.00251083 0.00195985 0.00213238 0.00172837 0.00212038 0.00244 0.00230635 
0.0046 0.00235 0.00155 0.0024 0.0016 0.00235 0.00305 0.00235 0.0008 0.00395 0.0032 0.00155 0.00395 0.0031 0.00155 0.00235 0.00155 0.00235 0.00455 0.0032 
0.00703136 0.0055971 0.00465269 0.00571314 0.0048 0.0055971 0.00610307 0.0055971 0.00348712 0.00684452 0.0064 0.00465269 0.00684452 0.00620403 0.00465269 0.0055971 0.00465269 0.0055971 0.00695324 0.0064 
0.0335714 0.0505571 0.0708929 0.0979286 0.134893 0.182993 0.24585 0.331907 0.438479 0.558814 0.684971 0.796364 0.877429 0.931793 0.964793 0.9814 0.990571 0.995364 0.997521 0.998864 
0.00172674 0.00236553 0.00225329 0.00297043 0.0039437 0.00331892 0.00443283 0.00438673 0.00440345 0.00424771 0.00456285 0.00479466 0.00316808 0.00241444 0.00253001 0.00170629 0.000958315 0.000882338 0.000688499 0.000336473 
0.755693 0.777736 0.790686 0.801014 0.808871 0.813864 0.818579 0.822386 0.825236 0.82615 0.826657 0.827671 0.827629 0.8277 0.826829 0.8277 0.827671 0.828479 0.828229 0.828407 
0.0116643 0.00627422 0.00679655 0.00638028 0.00480368 0.00408068 0.0026865 0.00191987 0.00335312 0.00309591 0.00220361 0.00181158 0.00180837 0.0017314 0.00141609 0.00203033 0.0018284 0.00191837 0.00244632 0.00219428 
0.758748 0.777913 0.790197 0.800593 0.808259 0.813595 0.818697 0.822412 0.82511 0.825648 0.825933 0.827025 0.826971 0.827041 0.826021 0.827329 0.826942 0.827913 0.827391 0.827692 
0.0118486 0.00911291 0.00594403 0.00781471 0.00606945 0.00492194 0.00323238 0.00249991 0.00367871 0.00348746 0.002687 0.00170969 0.0018615 0.00232515 0.00170924 0.00202854 0.00174695 0.00212614 0.00248313 0.00249124 
0.00155 0.00315 0.00475 0.00385 0.0031 0.0039 0.00075 0.0023 0.0016 0.00155 0.0016 0.0008 0.0016 0.0016 0.00315 0.0008 0.0039 0.0024 0.00155 0.0023 
0.00465269 0.00630298 0.00725862 0.00667289 0.00620403 0.00675944 0.00326917 0.00547814 0.0048 0.00465269 0.0048 0.00348712 0.0048 0.0048 0.00630298 0.00348712 0.00675944 0.00571314 0.00465269 0.00547814 
0.0331214 0.0508214 0.0723643 0.0981 0.135557 0.181357 0.244414 0.331871 0.439357 0.557943 0.687771 0.797107 0.876236 0.930979 0.964586 0.981236 0.990557 0.995314 0.99755 0.998807 
0.00292431 0.00364184 0.00522913 0.00590574 0.00641107 0.00698869 0.00765012 0.00799999 0.00847415 0.00956486 0.00916096 0.00949445 0.00662097 0.00517949 0.00411714 0.00322878 0.00176178 0.00150007 0.00122497 0.000619867 
0.69945 0.731193 0.75135 0.766179 0.781064 0.791321 0.801014 0.807607 0.815129 0.820236 0.823271 0.825029 0.826593 0.827107 0.826379 0.827629 0.827436 0.828457 0.828286 0.828479 
0.0283406 0.0243872 0.0144359 0.012669 0.00953495 0.00566062 0.00559772 0.00383269 0.00490479 0.00289626 0.00253743 0.00211003 0.00206688 0.00142419 0.00187968 0.00201494 0.00166198 0.00175813 0.0024998 0.00229341 
0.700052 0.716499 0.73783 0.758117 0.775841 0.78765 0.799858 0.806092 0.813487 0.818863 0.821809 0.82378 0.825662 0.826259 0.825545 0.827307 0.826669 0.827874 0.827452 0.827773 
0.0522074 0.0445283 0.0271114 0.0198774 0.0160998 0.00953919 0.00815832 0.00566422 0.00649826 0.00357392 0.0033911 0.00256425 0.00212622 0.0021337 0.00212434 0.0020038 0.00153189 0.00194069 0.00249909 0.0025879 
0.00235 0.0031 0.0008 0.00155 0.00235 0.0023 0 0.00155 0.003 0.0016 0.0008 0.0047 0.0048 0.0039 0.0031 0.0055 0.0032 0.00315 0.0031 0.00155 
0.0055971 0.00620403 0.00348712 0.00465269 0.0055971 0.00547814 0 0.00465269 0.006 0.0048 0.00348712 0.00718401 0.00733212 0.00675944 0.00620403 0.0075 0.0064 0.00630298 0.00620403 0.00465269 
1 1 1 1 1 1 1 1 1 1 1 1 1 1 1 1 1 1 1 1 
0 0 0 0 0 0 0 0 0 0 0 0 0 0 0 0 0 0 0 0 
0.77325 0.773436 0.772636 0.773329 0.773479 0.773279 0.773964 0.773379 0.772964 0.772779 0.77295 0.773257 0.773086 0.773014 0.771964 0.772121 0.771936 0.771586 0.773986 0.772993 
0.00284493 0.00343585 0.00299744 0.00323757 0.00414588 0.0027492 0.00265264 0.00390402 0.00296162 0.00230991 0.0025259 0.00365686 0.00255766 0.00343657 0.00323055 0.00282239 0.00332537 0.00359447 0.0038661 0.00302725 
0.772717 0.772947 0.772236 0.772859 0.772982 0.772757 0.773536 0.772814 0.772488 0.772262 0.772391 0.772646 0.772615 0.772544 0.771541 0.771705 0.771427 0.770961 0.773461 0.772535 
0.00297831 0.00347151 0.00305186 0.00319067 0.00423998 0.00280753 0.00260797 0.0039764 0.00296442 0.00243138 0.00260311 0.00366948 0.00255408 0.00337331 0.00324569 0.00286396 0.00335812 0.00358028 0.00386932 0.00314073 
0.15135 0.14975 0.15045 0.1506 0.15055 0.149 0.15525 0.15445 0.15295 0.1536 0.1552 0.1513 0.1496 0.1513 0.14975 0.1513 0.15205 0.15125 0.15215 0.1544 
0.00710827 0.00766078 0.00756621 0.00736478 0.00743287 0.00774597 0.00326917 0.00465269 0.00610307 0.00571314 0.00348712 0.00718401 0.00783837 0.00718401 0.00766078 0.00718401 0.00684452 0.00725862 0.00667289 0.0048 
0.0215929 0.0326786 0.05095 0.07585 0.116829 0.183271 0.295593 0.4701 0.673564 0.815293 0.9024 0.9505 0.973543 0.98655 0.993536 0.996736 0.998279 0.9992 0.999593 0.999743 
0.00134337 0.00184107 0.00248558 0.00284407 0.00478488 0.00506507 0.00870448 0.0116916 0.0103096 0.00626351 0.00478339 0.00204366 0.00231878 0.00105296 0.000728256 0.000664363 0.000311268 0.000441241 0.000279486 0.000209956 
0.708886 0.727721 0.751229 0.764614 0.776936 0.783943 0.787336 0.786379 0.781886 0.777471 0.775229 0.774186 0.774121 0.772879 0.772093 0.77205 0.772793 0.771571 0.774121 0.772971 
0.0190525 0.0166041 0.0100003 0.00977148 0.0060062 0.00435829 0.00545936 0.0038625 0.00269943 0.00355083 0.00295455 0.00301598 0.00290856 0.00281985 0.00279002 0.00410109 0.00305677 0.00346057 0.00368014 0.00329489 
0.704817 0.724352 0.748768 0.763547 0.776335 0.783683 0.787269 0.786108 0.781641 0.777046 0.774635 0.77348 0.773725 0.772373 0.771671 0.77159 0.772293 0.770955 0.773612 0.772495 
0.0211888 0.0208299 0.0140174 0.0108183 0.00707822 0.00553761 0.00576965 0.00419827 0.00272707 0.00365515 0.00300466 0.00302544 0.00296697 0.00283449 0.00276405 0.00418105 0.0031093 0.00353901 0.00365278 0.00343244 
0.14825 0.14745 0.1474 0.1467 0.1505 0.1497 0.1466 0.14895 0.1521 0.1521 0.14965 0.15365 0.15205 0.15205 0.1537 0.15205 0.1521 0.15365 0.15065 0.15135 
0.00775806 0.00774258 0.00778717 0.00760329 0.0075 0.00772075 0.00768375 0.00780048 0.00675944 0.00675944 0.00777994 0.0055971 0.00684452 0.00684452 0.00547814 0.00684452 0.00675944 0.0055971 0.00729572 0.00710827 
0.0214 0.0329143 0.05255 0.0758 0.116714 0.181479 0.295286 0.4706 0.673586 0.816179 0.903121 0.951721 0.973257 0.986064 0.993364 0.996821 0.998193 0.999086 0.999529 0.999657 
0.00198494 0.0034018 0.00489737 0.00606754 0.00742747 0.00746547 0.0079213 0.0140013 0.0130266 0.0095584 0.00681943 0.00302421 0.00282359 0.0019936 0.00153362 0.00112837 0.000571919 0.000655277 0.000476167 0.000336246 
0.680864 0.694214 0.708236 0.72925 0.7432 0.752793 0.761964 0.768593 0.7713 0.772 0.771764 0.772107 0.7735 0.772557 0.772029 0.771629 0.772857 0.772071 0.774014 0.772943 
0.0139014 0.021204 0.0117678 0.0106862 0.00825974 0.00758482 0.00501322 0.00496216 0.00415734 0.00260846 0.00277057 0.00311706 0.0036677 0.0040474 0.00262702 0.00265399 0.00306428 0.00337865 0.0036157 0.00319387 
0.682981 0.693119 0.70537 0.729514 0.741647 0.751457 0.760715 0.767736 0.77093 0.771579 0.771124 0.771424 0.773094 0.772023 0.771538 0.771216 0.772301 0.771477 0.773503 0.772479 
0.0170429 0.0205776 0.0156591 0.0141071 0.00929395 0.00733197 0.00542059 0.00517263 0.00455967 0.00256857 0.00287366 0.0030519 0.00369829 0.00406113 0.00273249 0.002706 0.00308563 0.00340884 0.00359706 0.00333876 
0.1483 0.14815 0.1498 0.15055 0.1459 0.14975 0.1506 0.1498 0.1506 0.15135 0.1528 0.15215 0.15205 0.15055 0.15285 0.15055 0.1498 0.15145 0.1545 0.1521 
0.00770779 0.00785669 0.0076 0.00743287 0.00742226 0.00766078 0.00736478 0.0076 0.00736478 0.00710827 0.0064 0.00667289 0.00684452 0.00743287 0.00630298 0.00743287 0.0076 0.00695324 0.0045 0.00675944 
0.0141 0.0212143 0.0326286 0.0476429 0.0697143 0.10745 0.169279 0.271843 0.4435 0.643814 0.799986 0.893707 0.943093 0.970964 0.985664 0.992886 0.996407 0.998279 0.999129 0.999543 
0.00133332 0.00124335 0.00202353 0.00205709 0.00234738 0.0050746 0.00453411 0.00981543 0.01362 0.0100258 0.00638939 0.00476584 0.00309749 0.00260058 0.00131108 0.000647759 0.000692931 0.00052968 0.000385714 0.000237332 
0.68785 0.720379 0.73145 0.749257 0.767086 0.776121 0.782693 0.7885 0.788107 0.782671 0.777871 0.775236 0.775021 0.773971 0.772186 0.772607 0.772493 0.772521 0.773636 0.773 
0.023207 0.0176666 0.0164106 0.0109211 0.00848605 0.0079288 0.00509106 0.00452239 0.00348755 0.00521871 0.00396796 0.00406611 0.00323731 0.00317824 0.00312825 0.00357881 0.0032146 0.00359599 0.00302994 0.00307491 
0.676027 0.715745 0.723721 0.745556 0.767222 0.775666 0.781913 0.787712 0.78773 0.782563 0.777404 0.774534 0.77454 0.773444 0.771737 0.772142 0.771966 0.77191 0.773126 0.772543 
0.0327245 0.0280643 0.0244241 0.01361 0.00957915 0.0104906 0.00655245 0.00545534 0.00382846 0.00518816 0.00409843 0.00410566 0.00320202 0.00318742 0.00324927 0.00363896 0.00325204 0.00363891 0.00300216 0.00322219 
0.14735 0.149 0.14745 0.14655 0.15135 0.14745 0.1505 0.1506 0.1497 0.1497 0.1537 0.14965 0.1552 0.15445 0.15135 0.15375 0.15295 0.1537 0.1521 0.1536 
0.00783119 0.00774597 0.00774258 0.00772318 0.00710827 0.00774258 0.0075 0.00736478 0.00772075 0.00772075 0.00547814 0.00777994 0.00348712 0.00465269 0.00710827 0.00550341 0.00610307 0.00547814 0.00675944 0.00571314 
0.0186929 0.0286 0.0410786 0.0600214 0.0887929 0.130543 0.196014 0.298064 0.455207 0.629814 0.781314 0.879921 0.935886 0.966893 0.983336 0.991443 0.995629 0.998143 0.999007 0.999457 
0.00156771 0.00182645 0.00243423 0.00246621 0.00325435 0.0044409 0.00593294 0.00749033 0.0119441 0.0087392 0.00610998 0.00440094 0.00368964 0.00192135 0.00180152 0.000788825 0.000867085 0.000505076 0.000365544 0.000241593 
0.701357 0.723207 0.75075 0.760443 0.772393 0.780114 0.785336 0.788321 0.787286 0.784336 0.778629 0.775629 0.774786 0.77365 0.773207 0.7717 0.772543 0.772443 0.774079 0.7728 
0.0224316 0.0175704 0.0107458 0.00767396 0.00712424 0.00628662 0.00395569 0.00412332 0.00308485 0.00420769 0.00276029 0.00315562 0.00331862 0.00331339 0.00285374 0.0031645 0.00299918 0.00334661 0.00382486 0.00330102 
0.704137 0.718986 0.746687 0.75613 0.771963 0.780448 0.784551 0.788072 0.787454 0.784051 0.778253 0.774991 0.774379 0.773118 0.772754 0.771225 0.772064 0.771826 0.77355 0.772342 
0.0316631 0.0163556 0.0127114 0.0121451 0.00950931 0.00697633 0.00513623 0.00493647 0.00329088 0.00428443 0.00290178 0.00325438 0.00332466 0.00322951 0.00285038 0.0032157 0.00299721 0.00337859 0.00382335 0.00344786 
0.1489 0.1482 0.14975 0.15055 0.14495 0.15135 0.14665 0.1473 0.1521 0.15285 0.14985 0.1522 0.15295 0.1537 0.1529 0.1528 0.1537 0.1537 0.15215 0.1537 
0.0078543 0.00780769 0.00766078 0.00743287 0.00724206 0.00710827 0.00764379 0.00787464 0.00675944 0.00630298 0.0075384 0.00658483 0.00610307 0.00547814 0.00620403 0.0064 0.00547814 0.00547814 0.00667289 0.00547814 
1 1 1 1 1 1 1 1 1 1 1 1 1 1 1 1 1 1 1 1 
0 0 0 0 0 0 0 0 0 0 0 0 0 0 0 0 0 0 0 0 
0.833793 0.833429 0.833371 0.833586 0.83315 0.832993 0.8334 0.833729 0.833464 0.833307 0.832971 0.833621 0.83345 0.83325 0.833586 0.833757 0.833564 0.833557 0.83365 0.833414 
0.00123509 0.00205138 0.00157493 0.00198561 0.00186015 0.00200432 0.00202616 0.00185874 0.00193827 0.00230716 0.00170569 0.00181168 0.00260034 0.0024619 0.00240616 0.0016819 0.00242204 0.00203685 0.00177251 0.00264957 
0.834047 0.832992 0.833362 0.832752 0.832328 0.832729 0.833167 0.83317 0.833239 0.832587 0.832393 0.833671 0.832764 0.832387 0.833059 0.834229 0.833301 0.833681 0.83276 0.833241 
0.00236458 0.00319471 0.00248894 0.00285878 0.00329284 0.00294619 0.00260571 0.00301382 0.00253492 0.00366924 0.00351303 0.00275123 0.00392217 0.00377195 0.00302627 0.00223438 0.0029233 0.00301456 0.00310511 0.00355042 
0.05785 0.0577 0.0577 0.0593 0.06175 0.0601 0.0616 0.0609 0.059 0.0594 0.06075 0.0616 0.05715 0.05775 0.0623 0.06165 0.06155 0.05755 0.05975 0.05925 
0.0071153 0.00734915 0.00723948 0.00629365 0.0034187 0.00552178 0.00361109 0.00465725 0.00626099 0.00621611 0.00477363 0.00338231 0.00756489 0.00704894 0.000458258 0.00339522 0.00336861 0.00702478 0.0056469 0.00613901 
0.0113786 0.0197643 0.0294929 0.04265 0.0609 0.0907857 0.132564 0.191636 0.2721 0.377921 0.508643 0.648343 0.769657 0.863479 0.924436 0.960336 0.979021 0.9898 0.994814 0.9975 
0.0029552 0.00147515 0.00238296 0.00202911 0.00269887 0.00339252 0.00369707 0.0061764 0.00498612 0.00446082 0.0053214 0.00483765 0.00515522 0.00326055 0.00335562 0.0030965 0.00190074 0.00107514 0.00100316 0.00059333 
0.684207 0.748957 0.762736 0.780521 0.797329 0.808921 0.816307 0.822657 0.825679 0.827786 0.830486 0.832807 0.832236 0.8331 0.832693 0.833621 0.833471 0.833493 0.833593 0.833371 
0.0624426 0.0126289 0.0236401 0.0138523 0.0108636 0.00877444 0.00454283 0.00274806 0.00243691 0.00217335 0.00319387 0.00205201 0.00211423 0.00286894 0.00187968 0.00128752 0.0020254 0.00181348 0.00157226 0.00238336 
0.673602 0.743198 0.757336 0.775951 0.794574 0.808412 0.816985 0.82143 0.825279 0.827547 0.830113 0.832732 0.831505 0.832309 0.832079 0.834032 0.833231 0.833692 0.832703 0.833197 
0.123781 0.026793 0.0347758 0.019503 0.0146999 0.00871247 0.00433968 0.00438231 0.00420236 0.00355267 0.00474331 0.00285539 0.00349013 0.00433107 0.00273683 0.00187586 0.00280759 0.00274618 0.00281743 0.00316195 
0.0046 0.00705 0.00775 0.0078 0.01085 0.01245 0.01795 0.0234 0.0299 0.0366 0.043 0.0476 0.05535 0.05685 0.05775 0.0593 0.06 0.05925 0.0619 0.06015 
0.00703136 0.00780048 0.00775806 0.00780769 0.0071153 0.00624079 0.00578338 0.00781281 0.00465725 0.00743236 0.0067082 0.00332265 0.00766339 0.00745168 0.00727238 0.00616523 0.00562139 0.00626797 0.00344819 0.00568573 
0.0947143 0.0936643 0.0946929 0.0955929 0.0952143 0.0947214 0.0956786 0.0965429 0.0971143 0.100143 0.105064 0.112214 0.130179 0.158479 0.212486 0.297886 0.422979 0.576236 0.7316 0.85385 
0.00163632 0.0030813 0.00275098 0.00242827 0.00164658 0.0028566 0.00205231 0.00280364 0.0032747 0.0025455 0.00311791 0.00255451 0.00266339 0.00468024 0.00417265 0.00382356 0.00438115 0.00562833 0.00604449 0.00362403 
0.8161 0.806907 0.814893 0.816821 0.814557 0.815107 0.812807 0.815936 0.815529 0.816264 0.816214 0.81885 0.8202 0.822521 0.82555 0.82925 0.829836 0.832193 0.833043 0.832993 
0.00312955 0.0214793 0.0054214 0.00334843 0.00603508 0.00308514 0.0116062 0.00422854 0.0035182 0.00376809 0.004459 0.00564394 0.0059289 0.00374691 0.00185289 0.00166836 0.00300926 0.00234141 0.00192783 0.00310677 
0.816781 0.811258 0.815673 0.817934 0.815578 0.816219 0.812395 0.816728 0.815693 0.817301 0.817458 0.820705 0.819977 0.822647 0.825529 0.82961 0.83005 0.832641 0.832203 0.832908 
0.00426464 0.0142992 0.00517802 0.00536111 0.00896676 0.00410706 0.0168727 0.00494901 0.00482252 0.00475609 0.00379048 0.00452034 0.00853956 0.00528619 0.0031259 0.0029354 0.00438316 0.00287113 0.00348817 0.0040444 
0.0329 0.03355 0.03195 0.03505 0.0351 0.03275 0.0328 0.03355 0.0334 0.03275 0.03425 0.03595 0.0329 0.0398 0.043 0.0484 0.05225 0.06265 0.0638 0.06855 
0.00472123 0.00552698 0.00347095 0.00668188 0.00665507 0.00476314 0.00474974 0.00566105 0.00558032 0.00460299 0.00625999 0.00724206 0.00439204 0.00776917 0.0069282 0.00471593 0.00748248 0.00047697 0.00474974 0.00772318 
0.0945357 0.0936 0.0960214 0.0956143 0.0951143 0.0938929 0.0947571 0.0970929 0.0982429 0.0993929 0.105171 0.112 0.130936 0.158871 0.214171 0.29855 0.422621 0.577271 0.728886 0.854786 
0.00388374 0.00449276 0.00432536 0.00414731 0.00366745 0.00348697 0.00403406 0.00503949 0.00346796 0.0042325 0.00473515 0.00411121 0.00589422 0.00648671 0.00650833 0.00791141 0.00967495 0.00907159 0.0113734 0.00609759 
0.781936 0.789021 0.783921 0.783543 0.783257 0.781686 0.774343 0.784264 0.784921 0.784614 0.784043 0.785471 0.79535 0.7995 0.809707 0.817779 0.820893 0.826557 0.831021 0.832357 
0.010549 0.0119657 0.012106 0.0125655 0.0103677 0.0159508 0.0217877 0.0138424 0.0110139 0.0107729 0.0165905 0.0135107 0.00959629 0.00972599 0.00441345 0.00452464 0.00361569 0.00291824 0.0025404 0.00264247 
0.771201 0.785214 0.778844 0.776611 0.778311 0.7784 0.771912 0.776583 0.779599 0.781584 0.782455 0.775592 0.787925 0.796479 0.807821 0.815217 0.820568 0.825543 0.829343 0.832028 
0.0229165 0.0244453 0.0237022 0.0249873 0.0211455 0.0215902 0.0330106 0.0278612 0.022859 0.0212652 0.0207487 0.0274335 0.017841 0.011543 0.0081971 0.00805555 0.00660347 0.00442823 0.00353973 0.00395955 
0.0123 0.0124 0.01255 0.0117 0.00935 0.0117 0.0117 0.0117 0.01085 0.0133 0.01265 0.0124 0.01605 0.0172 0.01875 0.02575 0.0344 0.04265 0.05555 0.0617 
0.00616523 0.00621611 0.00628868 0.00676831 0.00764379 0.00676831 0.00676831 0.00676831 0.0071153 0.00560446 0.00633463 0.00621611 0.00345652 0.00462169 0.00626797 0.00748248 0.00619193 0.00673999 0.00784522 0.00363456 
1 1 1 1 1 1 1 1 1 1 1 1 1 1 1 1 1 1 1 1 
0 0 0 0 0 0 0 0 0 0 0 0 0 0 0 0 0 0 0 0 
0.835179 0.835279 0.834993 0.835657 0.834757 0.835314 0.8359 0.835064 0.835757 0.835164 0.835614 0.834964 0.835921 0.834929 0.834029 0.835321 0.83495 0.835643 0.835357 0.835507 
0.00194405 0.00213927 0.00234062 0.00173875 0.00145553 0.00180848 0.00156629 0.00162975 0.00162009 0.00161199 0.00140487 0.00159839 0.0016583 0.00186455 0.0016985 0.00169986 0.00169228 0.00163913 0.00143321 0.00190246 
0.835039 0.835037 0.834654 0.834993 0.83442 0.835083 0.835621 0.834536 0.835346 0.834495 0.835049 0.834683 0.835447 0.834207 0.83339 0.835273 0.834583 0.835503 0.834819 0.835071 
0.00218493 0.00235549 0.00268498 0.00186108 0.00200678 0.00210364 0.00178472 0.00203922 0.00204079 0.00215747 0.00175213 0.00173736 0.00200869 0.00222574 0.00227241 0.00173097 0.00191979 0.00179099 0.00156344 0.0022838 
0.1031 0.1007 0.10295 0.10145 0.10225 0.1029 0.1045 0.1037 0.104 0.10215 0.10375 0.10685 0.10325 0.10135 0.10445 0.10295 0.10455 0.1062 0.10125 0.1014 
0.00764788 0.00792528 0.00772965 0.00796539 0.00767382 0.00758222 0.00721457 0.00744379 0.00745654 0.00778637 0.00737479 0.00555225 0.00756224 0.00776064 0.00717966 0.00762545 0.00724897 0.00636867 0.00796163 0.00781281 
