/******************************************/
PAI_C	 Acc	 F1	 Max_F1
0.03125	0.81185	0.807115	0.81185
0.0625	0.822714	0.821772	0.822714
0.125	0.828571	0.828816	0.828571
0.25	0.829	0.828829	0.829
0.5	0.819286	0.819157	0.829
1	0.801429	0.801088	0.829
2	0.784429	0.783407	0.829
4	0.768286	0.767355	0.829
8	0.767	0.766232	0.829
16	0.767	0.766232	0.829
32	0.767	0.766232	0.829
/******************************************/
/******************************************/
PAII_C	 Acc	 F1	 Max_F1 
0.03125	0.826143	0.82552	0.826143
0.0625	0.826	0.825401	0.826143
0.125	0.821714	0.821714	0.826143
0.25	0.812429	0.811702	0.826143
0.5	0.801714	0.800575	0.826143
1	0.790429	0.789557	0.826143
2	0.7834	0.782459	0.826143
4	0.777286	0.776423	0.826143
8	0.774429	0.77362	0.826143
16	0.772714	0.77203	0.826143
32	0.772143	0.771457	0.826143
/******************************************/
/******************************************/
r	 eta	 acc	 f1	 max_F1
0.03125	0.03125	0.798364	0.789151	0.798364
0.03125	0.0625	0.794064	0.782153	0.798364
0.03125	0.125	0.798371	0.795877	0.798371
0.03125	0.25	0.796029	0.798652	0.798371
0.03125	0.5	0.796179	0.798042	0.798371
0.03125	1	0.798964	0.79229	0.798964
0.03125	2	0.796479	0.789487	0.798964
0.03125	4	0.796586	0.807593	0.798964
0.03125	8	0.811457	0.815344	0.811457
0.03125	16	0.815171	0.814967	0.815171
0.03125	32	0.825357	0.823036	0.825357
0.0625	0.03125	0.806364	0.811116	0.825357
0.0625	0.0625	0.802707	0.797786	0.825357
0.0625	0.125	0.8064	0.796945	0.825357
0.0625	0.25	0.800321	0.798358	0.825357
0.0625	0.5	0.804307	0.805513	0.825357
0.0625	1	0.809786	0.79948	0.825357
0.0625	2	0.806814	0.806055	0.825357
0.0625	4	0.813971	0.812306	0.825357
0.0625	8	0.820143	0.821665	0.825357
0.0625	16	0.826357	0.825474	0.826357
0.0625	32	0.828586	0.829323	0.828586
0.125	0.03125	0.811071	0.809679	0.828586
0.125	0.0625	0.811121	0.813376	0.828586
0.125	0.125	0.809386	0.800153	0.828586
0.125	0.25	0.804229	0.792502	0.828586
0.125	0.5	0.816314	0.81314	0.828586
0.125	1	0.813564	0.810372	0.828586
0.125	2	0.815371	0.808396	0.828586
0.125	4	0.823636	0.819908	0.828586
0.125	8	0.827314	0.82706	0.828586
0.125	16	0.830557	0.829795	0.830557
0.125	32	0.822457	0.823205	0.830557
0.25	0.03125	0.822436	0.818574	0.830557
0.25	0.0625	0.811586	0.801064	0.830557
0.25	0.125	0.821686	0.828125	0.830557
0.25	0.25	0.81425	0.804298	0.830557
0.25	0.5	0.814029	0.811231	0.830557
0.25	1	0.823071	0.816899	0.830557
0.25	2	0.824886	0.828989	0.830557
0.25	4	0.831907	0.833448	0.831907
0.25	8	0.830657	0.830574	0.831907
0.25	16	0.82485	0.82507	0.831907
0.25	32	0.819286	0.819518	0.831907
0.5	0.03125	0.827436	0.826919	0.831907
0.5	0.0625	0.821493	0.819644	0.831907
0.5	0.125	0.817143	0.805932	0.831907
0.5	0.25	0.818907	0.815815	0.831907
0.5	0.5	0.817579	0.810444	0.831907
0.5	1	0.827857	0.832504	0.831907
0.5	2	0.833393	0.831709	0.833393
0.5	4	0.832286	0.830982	0.833393
0.5	8	0.823857	0.824434	0.833393
0.5	16	0.812486	0.812525	0.833393
0.5	32	0.806943	0.806018	0.833393
1	0.03125	0.827314	0.833399	0.833393
1	0.0625	0.817429	0.818556	0.833393
1	0.125	0.824921	0.82596	0.833393
1	0.25	0.826457	0.824555	0.833393
1	0.5	0.8288	0.827032	0.833393
1	1	0.831529	0.833241	0.833393
1	2	0.832343	0.831762	0.833393
1	4	0.827121	0.826955	0.833393
1	8	0.819221	0.819375	0.833393
1	16	0.806493	0.806259	0.833393
1	32	0.799286	0.799543	0.833393
2	0.03125	0.828457	0.824581	0.833393
2	0.0625	0.823771	0.817564	0.833393
2	0.125	0.829029	0.827221	0.833393
2	0.25	0.833664	0.833042	0.833664
2	0.5	0.831286	0.825476	0.833664
2	1	0.834257	0.8339	0.834257
2	2	0.831429	0.831665	0.834257
2	4	0.82285	0.822357	0.834257
2	8	0.810943	0.810758	0.834257
2	16	0.798	0.798231	0.834257
2	32	0.788143	0.788052	0.834257
4	0.03125	0.825793	0.819831	0.834257
4	0.0625	0.828093	0.830114	0.834257
4	0.125	0.823157	0.814838	0.834257
4	0.25	0.830543	0.828077	0.834257
4	0.5	0.835771	0.835161	0.835771
4	1	0.830536	0.83071	0.835771
4	2	0.8265	0.826724	0.835771
4	4	0.814271	0.814269	0.835771
4	8	0.799714	0.799886	0.835771
4	16	0.791493	0.791806	0.835771
4	32	0.783371	0.782131	0.835771
8	0.03125	0.821029	0.81533	0.835771
8	0.0625	0.824893	0.82057	0.835771
8	0.125	0.828657	0.832669	0.835771
8	0.25	0.833514	0.836211	0.835771
8	0.5	0.835257	0.835328	0.835771
8	1	0.829929	0.830043	0.835771
8	2	0.822543	0.82234	0.835771
8	4	0.810686	0.810447	0.835771
8	8	0.800143	0.7998	0.835771
8	16	0.786771	0.786528	0.835771
8	32	0.783714	0.782534	0.835771
16	0.03125	0.823779	0.822904	0.835771
16	0.0625	0.827121	0.826749	0.835771
16	0.125	0.826386	0.82553	0.835771
16	0.25	0.831079	0.831621	0.835771
16	0.5	0.829621	0.830443	0.835771
16	1	0.825143	0.825206	0.835771
16	2	0.816514	0.816241	0.835771
16	4	0.804064	0.803783	0.835771
16	8	0.788429	0.788096	0.835771
16	16	0.782286	0.782161	0.835771
16	32	0.779714	0.779369	0.835771
32	0.03125	0.816529	0.809298	0.835771
32	0.0625	0.8228	0.817552	0.835771
32	0.125	0.8301	0.829954	0.835771
32	0.25	0.831571	0.833278	0.835771
32	0.5	0.8302	0.830395	0.835771
32	1	0.823693	0.823388	0.835771
32	2	0.8099	0.809796	0.835771
32	4	0.797029	0.796619	0.835771
32	8	0.797571	0.798119	0.835771
32	16	0.779736	0.77959	0.835771
32	32	0.772257	0.771742	0.835771
/******************************************/
/******************************************/
r	 acc	 f1	 max_F1
0.03125	0.827343	0.826136	0.827343
0.0625	0.828929	0.828179	0.828929
0.125	0.83275	0.833222	0.83275
0.25	0.832357	0.832582	0.83275
0.5	0.833893	0.833971	0.833893
1	0.835143	0.83518	0.835143
2	0.837057	0.836543	0.837057
4	0.834371	0.834094	0.837057
8	0.832414	0.831253	0.837057
16	0.830736	0.830312	0.837057
32	0.825264	0.821398	0.837057
/******************************************/

Best PAI_C: 	0.25
Best PAII_C:	0.03125
Best AROW_r=4	 AROW_eta=0.5
Best AROWC_r=2
