APE
que 9.76273e-05 0.000184927 0.000357973 0.000652018 0.00123054 0.00219657 0.00407305 0.00765794 0.0144938 0.0271881 0.0516548 0.0984022 0.181322 0.310384 0.476927 0.647891 0.787116 0.881165 0.936879 0.967444 0.98347 0.991665 0.995811 0.997903 0.998952 0.999474 0.999739 0.999867 0.999934 0.999968 
std_que 7.10958e-06 1.10568e-05 1.14767e-05 1.93329e-05 2.44568e-05 2.91061e-05 5.46486e-05 6.34503e-05 6.93801e-05 0.000109971 0.000158472 0.000107324 0.000270557 0.000184959 0.000209004 0.000218372 6.7972e-05 7.14432e-05 5.09425e-05 5.61647e-05 3.51052e-05 2.78916e-05 2.58147e-05 9.67437e-06 9.29669e-06 9.53307e-06 5.88487e-06 2.69619e-06 1.8474e-06 1.73596e-06 
acc 0.519455 0.526549 0.544227 0.556218 0.571182 0.58124 0.58894 0.595639 0.600236 0.602044 0.599954 0.594396 0.586373 0.577822 0.569799 0.563572 0.559361 0.556682 0.555307 0.554603 0.554158 0.553911 0.553837 0.553851 0.553772 0.553738 0.55374 0.553661 0.553716 0.55377 
std_acc 0.00343172 0.00485375 0.00454786 0.0033781 0.00173939 0.00171835 0.00105556 0.00098908 0.000471072 0.000557664 0.000374148 0.000304606 0.000152541 0.000190789 0.00012094 0.000125637 0.000139199 5.87138e-05 9.32056e-05 0.000145163 0.000111716 0.000116917 9.56137e-05 0.000101803 8.98622e-05 0.000151329 0.000175654 0.000103492 0.000164185 0.000120448 
f1 0.588129 0.579827 0.604865 0.60666 0.619522 0.630833 0.633263 0.639283 0.641328 0.640327 0.636258 0.628766 0.618605 0.608114 0.598406 0.591047 0.586029 0.582879 0.581235 0.580397 0.579881 0.579605 0.579512 0.57951 0.579433 0.579394 0.579396 0.579323 0.579373 0.579423 
std_f1 0.0208995 0.0250876 0.0157555 0.0150213 0.00541002 0.00512912 0.00204635 0.00218942 0.00118278 0.000975309 0.000692002 0.000521042 0.000272837 0.000259635 0.000160413 0.000136257 0.000153254 5.54456e-05 8.99672e-05 0.000142328 0.000110421 0.000106861 9.1845e-05 9.52068e-05 8.52582e-05 0.000142881 0.000164482 9.66983e-05 0.0001561 0.000116734 
time 6.53962 6.57378 6.52445 6.99429 6.57561 6.08583 5.93942 5.55883 5.47175 5.46839 5.49048 5.49809 5.52982 5.5984 5.67944 5.70648 5.7234 5.74873 5.76888 5.77256 5.78858 5.81877 5.82103 5.82098 5.82277 5.90556 5.81067 5.8148 5.83516 5.84545 
std_time 0.126826 0.128522 0.131907 0.102066 0.363152 0.00530935 0.110182 0.134395 0.0311074 0.00809038 0.00549965 0.00498651 0.00665104 0.0174521 0.00754454 0.0178458 0.00790097 0.00857277 0.00714178 0.00681941 0.0185826 0.00440675 0.00798193 0.00617073 0.0084773 0.039024 0.0536369 0.0148018 0.0149024 0.00534337 
APAII
que 0.000658873 0.00120962 0.00205739 0.00352046 0.0060488 0.0105588 0.0182459 0.0313455 0.0527528 0.088065 0.145703 0.235095 0.358893 0.508789 0.660768 0.788412 0.878668 0.934351 0.965747 0.982473 0.991149 0.995538 0.99777 0.998885 0.999442 0.999722 0.99986 0.99993 0.999964 0.999983 
std_que 3.23264e-05 3.44829e-05 2.44082e-05 3.61578e-05 4.17835e-05 0.000114533 9.93349e-05 0.000119409 0.000164663 0.000170241 0.000270797 0.000159701 0.000185043 0.000281748 7.65825e-05 0.000173336 9.60122e-05 0.00011133 5.07964e-05 4.19929e-05 2.96566e-05 2.24086e-05 1.29069e-05 6.99946e-06 6.36889e-06 5.39483e-06 4.24085e-06 1.52185e-06 1.65217e-06 1.11047e-06 
acc 0.56397 0.582304 0.594369 0.603774 0.611758 0.618475 0.624995 0.630053 0.633398 0.635041 0.635231 0.634007 0.632112 0.629675 0.627297 0.625342 0.623882 0.622944 0.622447 0.622129 0.62198 0.621909 0.621904 0.621911 0.621835 0.621841 0.621867 0.621811 0.62185 0.62187 
std_acc 0.00500674 0.00197713 0.00156164 0.000921527 0.000426848 0.000691427 0.000434429 0.000183666 0.000193414 0.000157448 0.000131667 8.50721e-05 8.58312e-05 0.000106654 9.15159e-05 7.87444e-05 5.46893e-05 9.07798e-05 8.4792e-05 3.83045e-05 0.000126389 8.57506e-05 7.97464e-05 6.21694e-05 5.86314e-05 9.94445e-05 9.96532e-05 5.30467e-05 0.000105024 0.000100109 
f1 0.633889 0.649976 0.659838 0.664871 0.670663 0.674838 0.678628 0.681045 0.682063 0.681874 0.681087 0.678752 0.67595 0.672678 0.669473 0.666786 0.664882 0.663642 0.662979 0.66258 0.662397 0.662295 0.662261 0.662257 0.662206 0.662203 0.662235 0.662175 0.662217 0.662236 
std_f1 0.0118603 0.00819238 0.00286869 0.00295477 0.00144336 0.00124195 0.0009794 0.000417717 0.000490035 0.000274972 0.000224289 0.000219813 0.000159825 0.000112059 0.000114861 4.63279e-05 5.99855e-05 9.40425e-05 8.84978e-05 4.42953e-05 0.00011903 8.73578e-05 6.0666e-05 5.4047e-05 6.13522e-05 8.1096e-05 8.41648e-05 4.94037e-05 9.09526e-05 9.43232e-05 
time 7.105 7.06894 7.077 7.50525 7.11009 6.59887 6.46282 6.07676 6.00895 6.04974 6.11551 6.19696 6.30309 6.44569 6.57226 6.626 6.64871 6.69435 6.70505 6.71334 6.7337 6.79688 6.8009 6.801 6.80273 6.85827 6.79629 6.78505 6.75995 6.73349 
std_time 0.15165 0.102182 0.118847 0.129941 0.415833 0.0077759 0.111567 0.109811 0.00723545 0.00917446 0.00466011 0.0105423 0.0097476 0.00910585 0.0113274 0.0289617 0.0051664 0.0475323 0.0140327 0.00890024 0.0318259 0.00331942 0.00932379 0.00776408 0.014748 0.0263977 0.148358 0.0323063 0.0325471 0.00724161 
ASOP
que 2.98364e-05 4.93455e-05 0.000104491 0.0002036 0.000598591 0.00278613 0.063191 0.348506 0.605509 0.769098 0.86703 0.923567 0.955555 0.974506 0.985537 0.991671 0.995203 0.99724 0.998423 0.999098 0.999479 0.999699 0.999828 0.999901 0.999943 0.999967 0.999981 0.999989 0.999994 0.999996 
std_que 3.39026e-06 6.33106e-06 1.07652e-05 2.17438e-05 7.3834e-05 0.000470679 0.00516202 0.00718149 0.00611561 0.00227117 0.00229687 0.00122126 0.000397569 0.000277993 0.000151023 7.7796e-05 6.31415e-05 3.17115e-05 1.98417e-05 1.48492e-05 6.17122e-06 4.87246e-06 4.94189e-06 3.46941e-06 2.44989e-06 2.07814e-06 1.78145e-06 1.05959e-06 5.57518e-07 5.58111e-07 
acc 0.525023 0.529219 0.552346 0.574463 0.597624 0.60955 0.603044 0.584925 0.572269 0.565041 0.561003 0.558898 0.557785 0.557135 0.556745 0.556546 0.556483 0.556377 0.556429 0.556324 0.556369 0.556335 0.556285 0.556287 0.556287 0.556273 0.556294 0.556288 0.556356 0.556345 
std_acc 0.00815915 0.0158825 0.00902703 0.00944093 0.00424067 0.00381904 0.00179652 0.00137884 0.000869972 0.000323332 0.000238313 0.000220044 0.000106654 8.0374e-05 0.000125339 9.48825e-05 0.000110251 0.000176715 0.000154747 0.000136267 0.000124422 0.000105181 0.000130568 0.000141183 0.000116229 0.000132459 0.000117484 0.000133793 0.00013278 0.000139341 
f1 0.568989 0.537367 0.580225 0.623816 0.644291 0.654056 0.641478 0.618632 0.602025 0.593253 0.587711 0.585017 0.583671 0.582821 0.58231 0.58208 0.581983 0.581868 0.581904 0.581807 0.581844 0.581811 0.581763 0.581761 0.581764 0.581748 0.581772 0.581764 0.581829 0.581818 
std_f1 0.0474274 0.10079 0.0225766 0.0255407 0.010364 0.0066963 0.00372808 0.00346542 0.00112427 0.00100521 0.000525033 0.000316103 0.000139197 7.73901e-05 0.000130803 8.65139e-05 9.90918e-05 0.000167728 0.000147334 0.000129067 0.000118402 9.99436e-05 0.000123202 0.000132927 0.00010909 0.000122305 0.000110918 0.000127244 0.000123854 0.000129924 
time 80.8924 80.9316 80.592 83.7095 80.7935 78.2232 78.583 80.7148 82.9822 84.3967 84.9426 85.1737 85.4573 85.6436 85.7447 85.3665 85.0274 85.0483 85.0793 85.1152 85.2362 85.8107 85.7947 85.815 85.9901 87.0658 85.6885 85.6872 85.5518 85.2479 
std_time 0.98942 0.727014 1.29479 0.584964 2.77886 0.0627879 0.196142 0.175327 0.154002 0.0702583 0.246285 0.0650311 0.0846678 0.149761 0.114736 0.350977 0.058698 0.0651663 0.0728902 0.121976 0.314382 0.0391321 0.0604392 0.0534321 0.47009 0.632919 1.03831 0.252422 0.516668 0.115062 
AROW
que 1 1 1 1 1 1 1 1 1 1 1 1 1 1 1 1 1 1 1 1 1 1 1 1 1 1 1 1 1 1 
std_que 0 0 0 0 0 0 0 0 0 0 0 0 0 0 0 0 0 0 0 0 0 0 0 0 0 0 0 0 0 0 
acc 0.645728 0.645728 0.645728 0.645728 0.645728 0.645728 0.645728 0.645728 0.645728 0.645728 0.645728 0.645728 0.645728 0.645728 0.645728 0.645728 0.645728 0.645728 0.645728 0.645728 0.645728 0.645728 0.645728 0.645728 0.645728 0.645728 0.645728 0.645728 0.645728 0.645728 
std_acc 4.96939e-05 4.96939e-05 4.96939e-05 4.96939e-05 4.96939e-05 4.96939e-05 4.96939e-05 4.96939e-05 4.96939e-05 4.96939e-05 4.96939e-05 4.96939e-05 4.96939e-05 4.96939e-05 4.96939e-05 4.96939e-05 4.96939e-05 4.96939e-05 4.96939e-05 4.96939e-05 4.96939e-05 4.96939e-05 4.96939e-05 4.96939e-05 4.96939e-05 4.96939e-05 4.96939e-05 4.96939e-05 4.96939e-05 4.96939e-05 
f1 0.702839 0.702839 0.702839 0.702839 0.702839 0.702839 0.702839 0.702839 0.702839 0.702839 0.702839 0.702839 0.702839 0.702839 0.702839 0.702839 0.702839 0.702839 0.702839 0.702839 0.702839 0.702839 0.702839 0.702839 0.702839 0.702839 0.702839 0.702839 0.702839 0.702839 
std_f1 0.000116306 0.000116306 0.000116306 0.000116306 0.000116306 0.000116306 0.000116306 0.000116306 0.000116306 0.000116306 0.000116306 0.000116306 0.000116306 0.000116306 0.000116306 0.000116306 0.000116306 0.000116306 0.000116306 0.000116306 0.000116306 0.000116306 0.000116306 0.000116306 0.000116306 0.000116306 0.000116306 0.000116306 0.000116306 0.000116306 
time 64.1745 64.1745 64.1745 64.1745 64.1745 64.1745 64.1745 64.1745 64.1745 64.1745 64.1745 64.1745 64.1745 64.1745 64.1745 64.1745 64.1745 64.1745 64.1745 64.1745 64.1745 64.1745 64.1745 64.1745 64.1745 64.1745 64.1745 64.1745 64.1745 64.1745 
std_time 0.792583 0.792583 0.792583 0.792583 0.792583 0.792583 0.792583 0.792583 0.792583 0.792583 0.792583 0.792583 0.792583 0.792583 0.792583 0.792583 0.792583 0.792583 0.792583 0.792583 0.792583 0.792583 0.792583 0.792583 0.792583 0.792583 0.792583 0.792583 0.792583 0.792583 
AAROW
que 0.000113136 0.0002867 0.000630964 0.00125419 0.00237594 0.00432003 0.00783389 0.0138507 0.0244233 0.0425965 0.0732098 0.122737 0.199004 0.308185 0.448518 0.602767 0.743093 0.848814 0.91685 0.956185 0.977495 0.988587 0.994245 0.997109 0.998557 0.999272 0.99964 0.99982 0.999911 0.999955 
std_que 1.46337e-05 1.45311e-05 2.35071e-05 5.76432e-05 7.75055e-05 0.000125602 0.000133467 0.000171208 0.00025284 0.000251996 0.000121759 0.000172372 0.000355175 0.000222344 0.000313051 0.000145604 0.000145867 9.90809e-05 7.11922e-05 4.55404e-05 4.24886e-05 4.13557e-05 2.28505e-05 1.97927e-05 8.06697e-06 6.57845e-06 4.85649e-06 5.66623e-06 3.13394e-06 1.77168e-06 
acc 0.578835 0.603884 0.626421 0.64015 0.645122 0.649495 0.651569 0.652913 0.653573 0.653805 0.653804 0.653673 0.653307 0.652605 0.651494 0.650173 0.648787 0.647651 0.646819 0.646343 0.646064 0.645932 0.645844 0.645826 0.645774 0.645786 0.645797 0.645762 0.645788 0.645767 
std_acc 0.0111172 0.00906564 0.00247773 0.00228167 0.00121017 0.000915975 0.000509299 0.000275539 0.000240505 0.000108563 8.47415e-05 4.0362e-05 4.88746e-05 4.29651e-05 4.60023e-05 4.87955e-05 3.89963e-05 4.24452e-05 4.79655e-05 3.98977e-05 3.49681e-05 4.76632e-05 3.50694e-05 4.97948e-05 4.59707e-05 4.51096e-05 4.67077e-05 4.71867e-05 3.48123e-05 3.01456e-05 
f1 0.628045 0.644569 0.671363 0.686802 0.692216 0.695712 0.697526 0.699606 0.700281 0.700718 0.700635 0.700916 0.700834 0.700919 0.701012 0.701351 0.701754 0.702115 0.702428 0.702624 0.702706 0.702758 0.702809 0.702752 0.702815 0.702858 0.702803 0.702854 0.702789 0.702854 
std_f1 0.035343 0.0292984 0.00759218 0.00505766 0.00396595 0.00205957 0.00200774 0.000934399 0.000916368 0.000513826 0.000414974 0.000247165 0.000212391 0.000177326 0.000128862 0.000115761 8.27885e-05 9.91124e-05 0.000114534 0.000100886 0.000105704 0.000122341 7.5721e-05 6.40712e-05 0.00010974 7.0353e-05 0.000164819 0.000133555 6.64283e-05 8.70482e-05 
time 6.59442 6.61938 6.7377 7.07809 6.69228 6.41249 6.46564 6.48691 7.09914 8.2871 10.2546 13.3624 18.0333 24.5435 32.6236 40.9402 48.2619 53.7248 57.1987 59.1901 60.3746 61.3122 61.601 61.7464 61.9782 62.7739 61.6661 61.7708 61.672 61.4066 
std_time 0.105275 0.15 0.245188 0.114147 0.345945 0.0236448 0.0957189 0.103515 0.0215941 0.0118414 0.0139797 0.0150746 0.0365745 0.0232984 0.0277961 0.168041 0.0614607 0.0345607 0.0537832 0.119172 0.211671 0.0983695 0.0668351 0.0895111 0.408254 0.486664 0.728464 0.225826 0.355159 0.0124 
AAROW2
que 0.00247356 0.00247475 0.0024802 0.00248403 0.00250506 0.00255834 0.00255615 0.00268961 0.00276594 0.00307007 0.00342316 0.00399146 0.00527755 0.00693835 0.0100118 0.0148861 0.0226885 0.034939 0.0535668 0.0816464 0.123175 0.181267 0.260601 0.3611 0.479117 0.602843 0.717367 0.811262 0.88017 0.926624 
std_que 9.63022e-05 0.000108319 0.000121271 8.46767e-05 8.25428e-05 0.000100037 7.13922e-05 9.6581e-05 0.000115443 9.17217e-05 9.24587e-05 0.000111127 0.000145364 0.000128046 0.000157625 0.000187171 0.000248777 0.000278529 0.000383372 0.000373328 0.000379894 0.000220091 0.000303525 0.000338577 0.000164624 0.000174427 0.000247616 9.15133e-05 9.84952e-05 7.7231e-05 
acc 0.651181 0.651227 0.651159 0.65179 0.651131 0.651086 0.651204 0.65112 0.651879 0.651075 0.6519 0.652572 0.652576 0.653154 0.653384 0.653544 0.653821 0.653988 0.653949 0.653911 0.653662 0.653359 0.652917 0.652258 0.651238 0.650178 0.649079 0.648055 0.647278 0.646691 
std_acc 0.00083901 0.000916358 0.000653548 0.000865824 0.000916737 0.000420815 0.00104742 0.000912707 0.000859659 0.000975775 0.000514193 0.0004 0.000430397 0.000502182 0.000495462 0.000305562 0.000213418 0.000155023 0.000122158 0.000126449 6.92799e-05 3.58155e-05 5.37983e-05 6.33952e-05 6.20427e-05 6.54053e-05 4.54148e-05 3.17168e-05 3.49107e-05 4.54387e-05 
f1 0.698048 0.69808 0.697436 0.698777 0.696689 0.696382 0.699175 0.695786 0.69936 0.696603 0.697595 0.700083 0.698322 0.699792 0.700345 0.700131 0.70045 0.700975 0.700665 0.700905 0.700808 0.700763 0.700919 0.700984 0.701046 0.701355 0.70164 0.702003 0.702209 0.702499 
std_f1 0.00222536 0.00336282 0.00327589 0.00158177 0.00239892 0.00252016 0.00166541 0.00274621 0.00184135 0.00322696 0.0021369 0.00202867 0.00144607 0.00235193 0.0013794 0.00149987 0.00115845 0.000977436 0.000618275 0.000700062 0.000232494 0.000242907 0.00018893 7.73971e-05 0.000106048 8.22274e-05 0.000112409 0.000147283 6.39858e-05 9.87602e-05 
time 30.041 30.1491 30.4066 31.4857 30.1231 29.0763 28.8952 28.5911 28.4771 28.5101 28.5056 28.5247 28.6062 28.6554 28.7841 28.846 29.1394 29.6336 30.4643 31.63 33.4605 36.0717 39.2902 43.2566 47.9221 53.4037 56.3253 59.8344 62.0028 63.4526 
std_time 0.450427 0.382394 0.727083 0.306896 1.25485 0.0186393 0.0875428 0.145428 0.0143033 0.0136554 0.0187946 0.0189185 0.0590784 0.0407952 0.0111239 0.105415 0.0811843 0.0252302 0.0597968 0.0238082 0.137899 0.02446 0.0338869 0.0467968 0.28955 0.66976 0.458182 0.15418 0.215692 0.0761504 
RAROW
que 0.00247257 0.00248195 0.00248458 0.00248354 0.00251781 0.00256038 0.00255806 0.00269332 0.00276487 0.00307083 0.00341939 0.00399033 0.00527648 0.00693622 0.0100017 0.0148601 0.0226913 0.0349493 0.0535656 0.081647 0.123128 0.181296 0.260571 0.361154 0.47917 0.6029 0.71738 0.811232 0.880158 0.926648 
std_que 9.39477e-05 0.000113058 0.00011869 8.33369e-05 7.76109e-05 0.000105342 6.5274e-05 9.64512e-05 0.000116057 8.39303e-05 9.59742e-05 0.000111526 0.000141242 0.000123827 0.00015415 0.000177276 0.000248263 0.000281203 0.000406525 0.000433855 0.000393184 0.000230775 0.000357256 0.000355243 0.000192137 0.000263844 0.000297352 0.000130521 0.000130562 9.45351e-05 
acc 0.640034 0.64021 0.639969 0.640576 0.640411 0.640376 0.64008 0.640957 0.640701 0.640631 0.641636 0.642094 0.64282 0.643453 0.64419 0.644625 0.645144 0.645298 0.64557 0.645609 0.645588 0.645641 0.645709 0.645712 0.64579 0.645764 0.64577 0.645758 0.645791 0.645772 
std_acc 0.000937563 0.000529122 0.000840368 0.00101704 0.00128354 0.000829542 0.00109958 0.000763006 0.00083298 0.00101832 0.00088738 0.000960693 0.000760468 0.000466576 0.000564007 0.000414762 0.000473434 0.000239938 0.000257227 0.000214458 0.000188442 0.000152543 0.000108723 9.68646e-05 5.66258e-05 7.20938e-05 5.24385e-05 7.418e-05 4.81604e-05 3.86033e-05 
f1 0.693273 0.693774 0.692557 0.693785 0.691899 0.692898 0.694841 0.693805 0.694007 0.69434 0.696129 0.695687 0.697764 0.699354 0.698771 0.700851 0.701685 0.7017 0.701987 0.70248 0.702801 0.702512 0.702555 0.70269 0.702822 0.702841 0.702819 0.702803 0.702782 0.702836 
std_f1 0.0037937 0.00181453 0.00277889 0.00346985 0.00223109 0.00313315 0.0026997 0.00265546 0.00317415 0.00214521 0.0016444 0.00356989 0.00365175 0.00130431 0.00134258 0.000885438 0.0010074 0.000970004 0.000530594 0.000395412 0.000368242 0.000272864 0.000164538 0.000203819 0.000171606 0.000115046 0.000150062 0.000143143 5.53886e-05 9.4504e-05 
time 6.85564 6.8444 6.91708 7.27326 6.7991 6.37744 6.18036 5.82699 5.75299 5.77745 5.79547 5.81916 5.87375 5.97785 6.15253 6.38969 6.80219 7.49381 8.5456 10.1177 12.4933 15.8762 20.3444 26.0563 32.8271 40.5022 45.9181 51.3864 55.0199 57.4794 
std_time 0.13637 0.0772715 0.18997 0.14858 0.390038 0.0119524 0.0914751 0.103879 0.00734407 0.0112211 0.0115586 0.0102257 0.0119293 0.0482516 0.0147573 0.0298172 0.0159179 0.0204309 0.0274171 0.0256748 0.0663983 0.0271638 0.0287346 0.0305868 0.18506 0.596254 0.338225 0.153778 0.177385 0.0144029 
