APE
que 0.000101418 0.000187527 0.0003408 0.000665036 0.00121679 0.00221832 0.00404125 0.00765045 0.014499 0.0273304 0.0517075 0.0983199 0.181415 0.310347 0.477005 0.647889 0.787172 0.881156 0.936974 0.967483 
std_que 8.80404e-06 1.99779e-05 1.48818e-05 1.80075e-05 2.5427e-05 2.23221e-05 4.64999e-05 6.04111e-05 0.000103969 5.91286e-05 7.41011e-05 0.000139911 0.000185444 0.000179331 0.000198338 0.000163669 9.62388e-05 0.000103726 6.42481e-05 4.81888e-05 
acc 0.521245 0.529494 0.540745 0.555406 0.569783 0.580967 0.588518 0.59518 0.599919 0.602039 0.600194 0.594415 0.586372 0.577694 0.569874 0.56364 0.559386 0.556766 0.555322 0.554553 
std_acc 0.007891 0.00528375 0.00310513 0.00308987 0.00261535 0.00217181 0.00128652 0.000747312 0.000585695 0.000233076 0.000294958 0.000354209 0.000241303 0.000126186 0.000171226 0.000107824 0.000156656 0.000111947 0.000113817 0.000145426 
f1 0.584088 0.584263 0.60039 0.600302 0.618532 0.628839 0.633427 0.638261 0.641163 0.641279 0.636794 0.628585 0.618518 0.608 0.598499 0.591084 0.58606 0.582949 0.581251 0.580351 
std_f1 0.0336687 0.0238987 0.0137212 0.0103064 0.0072421 0.0058236 0.00409215 0.00127301 0.00198687 0.00107893 0.000503981 0.000400451 0.00023239 0.000208315 0.000138276 0.000133667 0.000136139 9.75679e-05 0.000111389 0.000135148 
time 5.37622 5.36973 5.36755 5.47111 5.43844 5.45119 5.44042 5.44073 5.44737 5.44587 5.46169 5.47167 5.51994 5.58518 5.65954 5.69946 5.73967 5.7654 5.78104 5.78683 
std_time 0.044175 0.0180226 0.00884371 0.0677821 0.0105825 0.0392208 0.00754312 0.00327402 0.00593921 0.00744691 0.00935277 0.00522225 0.00915196 0.00740972 0.0107541 0.00909493 0.00793449 0.0117549 0.00672122 0.00719089 
APAII
que 0.0006623 0.00120405 0.00206953 0.00349959 0.00603268 0.0105379 0.018343 0.0313346 0.052705 0.088122 0.145742 0.23488 0.358939 0.508781 0.660842 0.788447 0.878639 0.934356 0.965741 0.982495 
std_que 1.6549e-05 2.49211e-05 3.70764e-05 3.27164e-05 5.3857e-05 8.5055e-05 7.09879e-05 0.000141001 0.00015494 0.000147866 0.000275349 0.000241952 0.000224573 0.000306608 0.000184303 0.000124322 0.000139288 9.23569e-05 7.5437e-05 3.06484e-05 
acc 0.565994 0.583819 0.594176 0.603462 0.611502 0.618358 0.624783 0.630086 0.633477 0.635073 0.635172 0.634103 0.632095 0.629655 0.627278 0.625292 0.623883 0.623 0.622455 0.622146 
std_acc 0.00320296 0.00283717 0.00161951 0.000716387 0.000423327 0.000616944 0.000457594 0.000266725 0.000140946 0.000137922 0.00014651 0.000111354 7.7508e-05 8.10391e-05 8.69889e-05 6.92221e-05 8.3884e-05 6.11944e-05 6.71303e-05 7.26772e-05 
f1 0.641666 0.654543 0.659647 0.663902 0.669997 0.674369 0.678642 0.681189 0.682396 0.681849 0.680793 0.678867 0.675955 0.672646 0.669447 0.66677 0.664867 0.663703 0.662989 0.662609 
std_f1 0.0086048 0.00448301 0.00428786 0.0021616 0.0021624 0.00150042 0.000893052 0.000559928 0.000222334 0.000392599 0.000262133 0.000205601 8.89253e-05 0.000137541 0.000114852 8.35096e-05 9.3285e-05 6.82445e-05 8.76608e-05 6.92934e-05 
time 5.88454 5.88117 5.88948 6.04132 5.97101 5.97914 5.97811 5.99616 6.01729 6.05221 6.11866 6.20238 6.32909 6.47672 6.5856 6.6678 6.732 6.77085 6.78985 6.8011 
std_time 0.00893477 0.00244319 0.00565507 0.161891 0.00963254 0.0270947 0.00747402 0.0061078 0.00790323 0.012799 0.0193814 0.0152817 0.00675398 0.0104158 0.00673003 0.00854733 0.00853573 0.00869246 0.011254 0.0117127 
ASOP
que 1.63636e-07 1.81818e-07 3.90909e-07 2.99091e-06 8.38182e-06 3.12e-05 0.000144136 0.00301476 0.486931 0.866698 0.966621 0.991611 0.9979 0.999477 0.999868 0.999967 0.999992 0.999998 0.999999 1 
std_que 6.80301e-08 1.21967e-07 2.7887e-07 1.31139e-06 6.70266e-07 4.08784e-06 1.05001e-05 0.000412251 0.00929067 0.00166001 0.000434668 7.89157e-05 2.03351e-05 7.44525e-06 2.05802e-06 1.78756e-06 1.00231e-06 3.12812e-07 1.61604e-07 5.82102e-08 
acc 0.470067 0.470467 0.481394 0.49598 0.497805 0.522708 0.557162 0.610199 0.578087 0.561126 0.557431 0.556563 0.556373 0.556328 0.556389 0.556254 0.556341 0.556328 0.556397 0.556283 
std_acc 7.04053e-05 0.0010333 0.0138351 0.0131239 0.00921585 0.0103298 0.00696494 0.00324725 0.000700345 0.000218991 0.000188026 0.000128861 0.000187774 0.000124578 0.000199879 0.000123703 0.000117036 6.90323e-05 0.000168321 0.000114832 
f1 0.000764828 0.00885397 0.195705 0.417149 0.439708 0.548327 0.586716 0.653222 0.610051 0.587911 0.583154 0.582087 0.581861 0.581801 0.581859 0.581733 0.581814 0.581801 0.581867 0.581761 
std_f1 0.00138001 0.0216271 0.233692 0.156176 0.0907133 0.0586973 0.0201761 0.00780062 0.00167864 0.000584493 0.000207233 0.000117964 0.000179082 0.000120314 0.000187636 0.00011703 0.000109334 6.6413e-05 0.000157644 0.000109234 
time 74.9793 74.8986 74.9009 77.0918 75.9123 75.8784 75.8238 75.8417 80.0324 83.2711 84.1762 84.3761 84.3716 84.4082 84.4181 84.4346 84.4149 84.3803 84.3634 84.472 
std_time 0.138289 0.026979 0.0577187 1.04089 0.0890337 0.11361 0.0396227 0.0548363 0.0499631 0.0445041 0.125969 0.0931463 0.0305678 0.069496 0.0571404 0.0508028 0.0655226 0.0347792 0.0266766 0.101655 
AROW
que 1 1 1 1 1 1 1 1 1 1 1 1 1 1 1 1 1 1 1 1 
std_que 0 0 0 0 0 0 0 0 0 0 0 0 0 0 0 0 0 0 0 0 
acc 0.645773 0.645773 0.645773 0.645773 0.645773 0.645773 0.645773 0.645773 0.645773 0.645773 0.645773 0.645773 0.645773 0.645773 0.645773 0.645773 0.645773 0.645773 0.645773 0.645773 
std_acc 4.17639e-05 4.17639e-05 4.17639e-05 4.17639e-05 4.17639e-05 4.17639e-05 4.17639e-05 4.17639e-05 4.17639e-05 4.17639e-05 4.17639e-05 4.17639e-05 4.17639e-05 4.17639e-05 4.17639e-05 4.17639e-05 4.17639e-05 4.17639e-05 4.17639e-05 4.17639e-05 
f1 0.702854 0.702854 0.702854 0.702854 0.702854 0.702854 0.702854 0.702854 0.702854 0.702854 0.702854 0.702854 0.702854 0.702854 0.702854 0.702854 0.702854 0.702854 0.702854 0.702854 
std_f1 0.000117566 0.000117566 0.000117566 0.000117566 0.000117566 0.000117566 0.000117566 0.000117566 0.000117566 0.000117566 0.000117566 0.000117566 0.000117566 0.000117566 0.000117566 0.000117566 0.000117566 0.000117566 0.000117566 0.000117566 
time 61.5319 61.5319 61.5319 61.5319 61.5319 61.5319 61.5319 61.5319 61.5319 61.5319 61.5319 61.5319 61.5319 61.5319 61.5319 61.5319 61.5319 61.5319 61.5319 61.5319 
std_time 0.0384932 0.0384932 0.0384932 0.0384932 0.0384932 0.0384932 0.0384932 0.0384932 0.0384932 0.0384932 0.0384932 0.0384932 0.0384932 0.0384932 0.0384932 0.0384932 0.0384932 0.0384932 0.0384932 0.0384932 
AAROW
que 0.000114564 0.0002753 0.0006456 0.00123282 0.00234677 0.00422477 0.00781501 0.0139024 0.0244694 0.0427836 0.0732038 0.122841 0.198868 0.308072 0.448462 0.602788 0.743118 0.848748 0.916811 0.956197 
std_que 1.3576e-05 1.86874e-05 3.46813e-05 6.38489e-05 5.93684e-05 9.54357e-05 0.000146516 0.00021802 0.000193184 0.000306213 0.000239921 0.000372736 0.000296497 0.000341141 0.000247514 0.000304978 0.000113785 9.53497e-05 9.94746e-05 6.69312e-05 
acc 0.577826 0.607686 0.624067 0.638674 0.64593 0.649583 0.651522 0.652834 0.653585 0.653829 0.653873 0.653653 0.653324 0.652627 0.651509 0.650186 0.648783 0.647632 0.646817 0.646307 
std_acc 0.00854307 0.00641456 0.00397704 0.00190888 0.00102755 0.000419551 0.000300629 0.000334676 0.000187026 0.000163653 8.88742e-05 8.10907e-05 5.92444e-05 6.15271e-05 4.17631e-05 5.47932e-05 4.04407e-05 4.08268e-05 3.9456e-05 4.27716e-05 
f1 0.633189 0.649831 0.670714 0.687435 0.694159 0.697127 0.69797 0.699483 0.700304 0.700402 0.700673 0.700743 0.700919 0.700987 0.700969 0.701355 0.701744 0.702119 0.702441 0.702652 
std_f1 0.0263416 0.0259719 0.00862998 0.00505992 0.00282528 0.0023255 0.00101667 0.0018055 0.000629507 0.00106043 0.000411349 0.000292603 9.16636e-05 0.000176468 0.000129252 0.000148385 8.92472e-05 8.63448e-05 5.07467e-05 0.000125913 
time 5.44973 5.46035 5.48531 5.68711 5.6623 5.78509 6.03102 6.42738 7.11456 8.28736 10.2265 13.328 17.9489 24.4403 32.496 41.0271 48.5321 54.02 57.4601 59.475 
std_time 0.0131103 0.0107457 0.00358583 0.106862 0.00838869 0.0102063 0.0104279 0.0182931 0.015136 0.0251186 0.0288513 0.0320261 0.0297857 0.0644983 0.0309131 0.0331584 0.0341138 0.0276764 0.0389145 0.0451373 
AAROW2
que 0.00242844 0.00241642 0.00243608 0.00247999 0.00246965 0.00248065 0.00252075 0.00262381 0.00270675 0.00343287 0.00593755 0.0149443 0.0435237 0.122989 0.308236 0.602723 0.848684 0.956207 0.988598 0.997118 
std_que 4.42124e-05 9.99829e-05 8.14153e-05 8.15208e-05 0.000104925 8.70706e-05 0.000111796 9.91265e-05 9.12238e-05 0.000126069 7.74698e-05 0.000182693 0.000354004 0.000282585 0.000396204 0.000187261 0.00011298 5.6957e-05 4.15474e-05 1.33148e-05 
acc 0.651234 0.651368 0.651081 0.651441 0.651293 0.651553 0.650668 0.650886 0.651139 0.651911 0.653077 0.653722 0.653901 0.653647 0.652626 0.650204 0.647606 0.646341 0.64592 0.645777 
std_acc 0.000963792 0.000850908 0.000855559 0.000779398 0.0007384 0.000774758 0.00052356 0.000765785 0.000883365 0.000387262 0.000396745 0.000238069 0.000196278 8.351e-05 5.79745e-05 3.99768e-05 5.51207e-05 4.81994e-05 4.60143e-05 4.11342e-05 
f1 0.697727 0.698765 0.696286 0.697993 0.696716 0.698059 0.698359 0.697608 0.696271 0.697393 0.699403 0.700369 0.700785 0.700671 0.7009 0.701379 0.702126 0.702606 0.702783 0.702855 
std_f1 0.00185502 0.00226009 0.00231189 0.00210233 0.00288055 0.00162607 0.00225701 0.00316034 0.00168112 0.00252966 0.00194937 0.00139847 0.000773309 0.000350374 0.000180395 8.57984e-05 9.36639e-05 8.48578e-05 6.07074e-05 0.000129263 
time 28.085 28.0544 28.0636 28.9115 28.4529 28.4604 28.4328 28.4328 28.4475 28.4433 28.5738 28.9501 30.1781 33.5728 40.9951 52.2126 60.911 64.5981 65.6599 65.9342 
std_time 0.0470408 0.0103339 0.0191994 0.456094 0.0515578 0.111698 0.0183566 0.0227355 0.0249362 0.0199503 0.0429158 0.028094 0.024587 0.0779838 0.0505018 0.0504499 0.0363546 0.0422594 0.0251577 0.0240117 
RAROW
que 0.00244009 0.00241451 0.00242691 0.00246856 0.00247835 0.00248136 0.00252005 0.00262419 0.00270805 0.00342204 0.0059277 0.0149371 0.0435461 0.122929 0.308309 0.602691 0.84868 0.956221 0.988582 0.997115 
std_que 4.26285e-05 9.6014e-05 8.82548e-05 8.2907e-05 0.000113842 9.56511e-05 0.00011375 9.16447e-05 9.31292e-05 0.000126732 8.55357e-05 0.000180941 0.000355705 0.000327402 0.000452645 0.000262879 0.000118127 0.000124728 4.94027e-05 1.65312e-05 
acc 0.640792 0.639961 0.640396 0.641073 0.639611 0.6402 0.640438 0.639414 0.640785 0.641308 0.643202 0.64455 0.645325 0.645624 0.645744 0.645742 0.645754 0.645772 0.645766 0.645744 
std_acc 0.00101689 0.00139128 0.00116942 0.000874301 0.00127711 0.000929182 0.000779064 0.00125957 0.000826752 0.000544968 0.000676495 0.0006315 0.000253483 0.000175983 0.000102738 6.77057e-05 4.46736e-05 4.42196e-05 4.26261e-05 4.40508e-05 
f1 0.693905 0.693086 0.692664 0.694548 0.694605 0.69223 0.693141 0.693645 0.694141 0.695989 0.697353 0.700289 0.702159 0.702506 0.702612 0.702861 0.70282 0.702825 0.702845 0.702878 
std_f1 0.00297719 0.00339305 0.00288804 0.00389141 0.00374545 0.0033509 0.00226439 0.00349885 0.00338946 0.00271082 0.0019228 0.00105539 0.000702653 0.000585794 0.000322868 0.000159243 0.000101621 0.000110176 6.27863e-05 0.000130297 
time 5.70748 5.7077 5.7056 5.83519 5.77892 5.78543 5.78097 5.78438 5.79012 5.81306 5.96379 6.45843 8.06471 12.5393 22.9696 39.5114 53.2636 59.2865 61.0774 61.5818 
std_time 0.00562734 0.00782809 0.00798121 0.0854823 0.00901796 0.0332527 0.0112739 0.00548252 0.0113138 0.00999746 0.0152733 0.0204635 0.0188622 0.0236461 0.0351634 0.0812662 0.028763 0.047892 0.0594868 0.0369965 
