/******************************************/
r	 acc	 f1	 max_f1
0.03125	0.589202	0.57616	0.57616
0.0625	0.588909	0.574985	0.57616
0.125	0.588237	0.574995	0.57616
0.25	0.588018	0.574172	0.57616
0.5	0.587299	0.57201	0.57616
1	0.586249	0.568919	0.57616
2	0.584482	0.565397	0.57616
4	0.582307	0.560556	0.57616
8	0.579116	0.555503	0.57616
16	0.574948	0.544873	0.57616
/******************************************/

Best PAI_C: 	0.25
Best PAII_C:	0.03125
Best AROW_r=1	 AROW_eta=16
Best AROWC_r=0.03125
