/******************************************/
PAI_C	 Acc	 F1	 Max_F1
0.03125	0.895835	0.839014	0.895835
0.0625	0.89966	0.845181	0.89966
0.125	0.899956	0.84609	0.899956
0.25	0.897916	0.843342	0.899956
0.5	0.89203	0.834732	0.899956
1	0.878919	0.815057	0.899956
2	0.860475	0.787202	0.899956
4	0.845389	0.764558	0.899956
8	0.841402	0.758447	0.899956
16	0.84198	0.759468	0.899956
/******************************************/
/******************************************/
PAII_C	 Acc	 F1	 Max_F1 
0.03125	0.888523	0.830931	0.888523
0.0625	0.885638	0.826877	0.888523
0.125	0.880352	0.818849	0.888523
0.25	0.871176	0.80489	0.888523
0.5	0.862017	0.790665	0.888523
1	0.853657	0.777625	0.888523
2	0.848054	0.768811	0.888523
4	0.844921	0.764061	0.888523
8	0.84373	0.762185	0.888523
16	0.842549	0.760322	0.888523
/******************************************/
/******************************************/
r	 eta	 acc	 f1	 max_f1
0.03125	0.03125	0.667343	0.00412257	0.00412257
0.03125	0.0625	0.667552	0.00539273	0.00539273
0.03125	0.125	0.667202	0.00338628	0.00539273
0.03125	0.25	0.667217	0.0033653	0.00539273
0.03125	0.5	0.667093	0.00260973	0.00539273
0.03125	1	0.667446	0.00527403	0.00539273
0.03125	2	0.672837	0.03811	0.03811
0.03125	4	0.66728	0.00369781	0.03811
0.03125	8	0.703767	0.202729	0.202729
0.03125	16	0.843912	0.712772	0.712772
0.0625	0.03125	0.668029	0.00829175	0.712772
0.0625	0.0625	0.667372	0.00424636	0.712772
0.0625	0.125	0.667253	0.00352873	0.712772
0.0625	0.25	0.667253	0.00352742	0.712772
0.0625	0.5	0.667139	0.00289668	0.712772
0.0625	1	0.667026	0.00218182	0.712772
0.0625	2	0.667239	0.00345138	0.712772
0.0625	4	0.707187	0.218923	0.712772
0.0625	8	0.842537	0.708857	0.712772
0.0625	16	0.847471	0.724724	0.724724
0.125	0.03125	0.667364	0.00420637	0.724724
0.125	0.0625	0.66734	0.00405675	0.724724
0.125	0.125	0.667356	0.00414551	0.724724
0.125	0.25	0.667667	0.00605771	0.724724
0.125	0.5	0.667113	0.00269593	0.724724
0.125	1	0.667351	0.00412739	0.724724
0.125	2	0.703226	0.199733	0.724724
0.125	4	0.842522	0.70889	0.724724
0.125	8	0.847181	0.723977	0.724724
0.125	16	0.812855	0.638086	0.724724
0.25	0.03125	0.667355	0.00414397	0.724724
0.25	0.0625	0.667641	0.0058787	0.724724
0.25	0.125	0.66708	0.00248876	0.724724
0.25	0.25	0.666847	0.00109587	0.724724
0.25	0.5	0.667188	0.00313871	0.724724
0.25	1	0.697585	0.171456	0.724724
0.25	2	0.840487	0.703016	0.724724
0.25	4	0.846508	0.722574	0.724724
0.25	8	0.812438	0.636966	0.724724
0.25	16	0.842723	0.74894	0.74894
0.5	0.03125	0.666839	0.00104805	0.74894
0.5	0.0625	0.666751	0.000518085	0.74894
0.5	0.125	0.666887	0.00133154	0.74894
0.5	0.25	0.667076	0.00246536	0.74894
0.5	0.5	0.686684	0.115107	0.74894
0.5	1	0.837983	0.695993	0.74894
0.5	2	0.845087	0.719297	0.74894
0.5	4	0.812872	0.637994	0.74894
0.5	8	0.842575	0.748689	0.74894
0.5	16	0.858297	0.783255	0.783255
1	0.03125	0.666885	0.00132409	0.783255
1	0.0625	0.666799	0.000804007	0.783255
1	0.125	0.666983	0.00190906	0.783255
1	0.25	0.679335	0.0744634	0.783255
1	0.5	0.833665	0.683623	0.783255
1	1	0.843097	0.714778	0.783255
1	2	0.812764	0.638008	0.783255
1	4	0.842047	0.74721	0.783255
1	8	0.858373	0.783105	0.783255
1	16	0.872677	0.807933	0.807933
2	0.03125	0.666741	0.000455493	0.807933
2	0.0625	0.666915	0.0014995	0.807933
2	0.125	0.671488	0.0291527	0.807933
2	0.25	0.827154	0.664936	0.807933
2	0.5	0.841284	0.710297	0.807933
2	1	0.813467	0.640477	0.807933
2	2	0.840971	0.745295	0.807933
2	4	0.858404	0.783434	0.807933
2	8	0.872477	0.807645	0.807933
2	16	0.880226	0.819818	0.819818
4	0.03125	0.666778	0.00067889	0.819818
4	0.0625	0.667968	0.0081138	0.819818
4	0.125	0.814747	0.628629	0.819818
4	0.25	0.837327	0.701051	0.819818
4	0.5	0.812686	0.638377	0.819818
4	1	0.839087	0.741092	0.819818
4	2	0.858464	0.783335	0.819818
4	4	0.872433	0.807374	0.819818
4	8	0.880219	0.819782	0.819818
4	16	0.885036	0.82748	0.82748
8	0.03125	0.667054	0.00240405	0.82748
8	0.0625	0.795984	0.570458	0.82748
8	0.125	0.831606	0.687379	0.82748
8	0.25	0.81021	0.632205	0.82748
8	0.5	0.835969	0.734044	0.82748
8	1	0.857768	0.782071	0.82748
8	2	0.872408	0.807431	0.82748
8	4	0.880012	0.819608	0.82748
8	8	0.884146	0.826207	0.82748
8	16	0.890509	0.834484	0.834484
16	0.03125	0.762437	0.454813	0.834484
16	0.0625	0.822401	0.664778	0.834484
16	0.125	0.802346	0.612641	0.834484
16	0.25	0.831619	0.723765	0.834484
16	0.5	0.856731	0.779872	0.834484
16	1	0.872062	0.806698	0.834484
16	2	0.880179	0.819736	0.834484
16	4	0.884527	0.826589	0.834484
16	8	0.890936	0.835227	0.835227
16	16	0.898208	0.844219	0.844219
/******************************************/
/******************************************/
r	 acc	 f1	 max_f1
0.03125	0.796571	0.653651	0.653651
0.0625	0.795985	0.652752	0.653651
0.125	0.796274	0.653109	0.653651
0.25	0.795519	0.652111	0.653651
0.5	0.795349	0.651649	0.653651
1	0.795303	0.651521	0.653651
2	0.794865	0.650668	0.653651
4	0.794257	0.649111	0.653651
8	0.79404	0.647313	0.653651
16	0.793012	0.642948	0.653651
/******************************************/

Best PAI_C: 	0.125
Best PAII_C:	0.03125
Best AROW_r=16	 AROW_eta=16
Best AROWC_r=0.03125
