1 1 1 1 1 1 1 1 1 1 
0 0 0 0 0 0 0 0 0 0 
0.715541 0.71556 0.715753 0.715797 0.71565 0.715506 0.715433 0.71553 0.71584 0.715895 
0.000521077 0.000283825 0.000342945 0.00053779 0.000603037 0.000315573 0.000374237 0.000604383 0.000696016 0.000264187 
0.748483 0.7485 0.748671 0.74871 0.748579 0.748452 0.748387 0.748473 0.748747 0.748796 
0.000460551 0.000250891 0.000303098 0.000475324 0.00053313 0.00027914 0.000330861 0.000534276 0.000615298 0.000233556 
0.1653 0.1647 0.165 0.1644 0.1639 0.1658 0.1656 0.1656 0.1638 0.1669 
0.00161555 0.00205183 0.002 0.00135647 0.00266271 0.00337046 0.00149666 0.00245764 0.0014 0.00175784 
0.00262353 0.0046672 0.00822961 0.0147202 0.0263807 0.0476104 0.0847038 0.148003 0.253183 0.40537 
0.000178513 0.000244524 0.000202813 0.000352736 0.000439137 0.00038433 0.000449061 0.000599013 0.000876612 0.000870443 
0.653754 0.675867 0.699623 0.71482 0.727012 0.7361 0.742697 0.745826 0.743682 0.737622 
0.0117336 0.00803684 0.00406588 0.00234086 0.00137564 0.00147465 0.000867302 0.000969371 0.000751661 0.000394966 
0.698938 0.719267 0.744112 0.757649 0.76671 0.772833 0.777547 0.77962 0.776628 0.770148 
0.0127788 0.00897432 0.00491369 0.00252039 0.00172833 0.00161362 0.000779574 0.000968914 0.000713987 0.000428003 
0.17 0.1694 0.1697 0.1727 0.1709 0.1694 0.1728 0.1727 0.1751 0.1777 
0.0031305 0.00185472 0.00343657 0.00236854 0.00254755 0.00253772 0.00172047 0.00279464 0.0023 0.00245153 
0.00264297 0.00465481 0.008263 0.0146383 0.0263671 0.0475575 0.0847587 0.148144 0.253164 0.405399 
0.000229711 0.000310175 0.000328075 0.000412138 0.000547731 0.000467898 0.000535883 0.00083329 0.00149935 0.00140439 
0.6365 0.651348 0.6668 0.673866 0.68383 0.693707 0.70024 0.705984 0.70988 0.712968 
0.00620694 0.00624804 0.0028816 0.00185884 0.00217078 0.0015991 0.000760216 0.000613624 0.000894808 0.000804201 
0.679312 0.692368 0.7064 0.711376 0.720941 0.728972 0.734991 0.740275 0.743468 0.746237 
0.00752709 0.00586273 0.00319818 0.00263268 0.00209676 0.00174434 0.00103098 0.000743539 0.000930152 0.000762201 
0.1718 0.1707 0.1723 0.1718 0.1741 0.1745 0.1745 0.175 0.1776 0.1797 
0.00213542 0.00268514 0.00257099 0.00172047 0.00202237 0.00265518 0.00460977 0.00232379 0.00174356 0.00319531 
1 1 1 1 1 1 1 1 1 1 
0 0 0 0 0 0 0 0 0 0 
0.712148 0.711897 0.712357 0.712406 0.712269 0.712083 0.712106 0.712216 0.71233 0.712591 
0.000682934 0.000239653 0.000296072 0.000521695 0.000703663 0.000462498 0.000338068 0.000642322 0.000657286 0.00038893 
0.745646 0.745402 0.745787 0.745829 0.745748 0.745551 0.745626 0.745673 0.745747 0.746002 
0.000634099 0.000220263 0.000261466 0.000447402 0.000610296 0.000434956 0.000316366 0.000603747 0.000587473 0.000340701 
0.1848 0.1847 0.1839 0.1823 0.1842 0.1847 0.1849 0.186 0.1847 0.1862 
0.0036 0.00134536 0.00221133 0.00232594 0.00309192 0.00352278 0.00304795 0.00319374 0.00236854 0.00222711 
0.00176003 0.00323023 0.0059207 0.0105022 0.0187915 0.0328601 0.0574749 0.0991926 0.16871 0.277174 
0.000129959 0.000123363 0.000135597 0.000185996 0.000227503 0.000347501 0.000548059 0.000545631 0.000773528 0.000563042 
0.650757 0.680712 0.699617 0.714361 0.724004 0.731947 0.737389 0.740794 0.741113 0.738063 
0.0177085 0.00545841 0.00429843 0.00181145 0.00151198 0.0017448 0.000797826 0.00103205 0.000735366 0.00050091 
0.697312 0.727346 0.744917 0.755865 0.763954 0.769378 0.772418 0.774844 0.774268 0.770793 
0.0214278 0.00756197 0.00516845 0.00274372 0.00187401 0.00172107 0.00103919 0.000869453 0.000875605 0.000385277 
0.1704 0.1723 0.1707 0.1748 0.1723 0.1711 0.1729 0.1752 0.1781 0.1837 
0.00210713 0.00245153 0.00272213 0.00213542 0.00268514 0.0025865 0.00338969 0.00177764 0.00197231 0.0021 
0.00175143 0.00326362 0.00595082 0.0104781 0.0189454 0.03289 0.0575284 0.099352 0.168971 0.27721 
0.000156782 0.000177965 0.000212072 0.000310386 0.000254553 0.000420686 0.000828582 0.00067531 0.00102925 0.00109459 
0.614457 0.636469 0.652603 0.663811 0.675593 0.684481 0.692681 0.699354 0.704506 0.708221 
0.0076717 0.00804191 0.00438608 0.00418039 0.00238669 0.00247002 0.00168381 0.000847898 0.00101292 0.000392067 
0.658751 0.677152 0.693375 0.702503 0.713916 0.721127 0.728184 0.734785 0.739028 0.742348 
0.00727256 0.0105754 0.00471083 0.0046071 0.0027275 0.00318408 0.00186094 0.000910167 0.00113822 0.000463047 
0.1739 0.1741 0.1752 0.1727 0.177 0.1783 0.1781 0.1787 0.1828 0.1856 
0.00144568 0.00294788 0.00267582 0.00167631 0.00244949 0.00279464 0.00398623 0.0020025 0.0024 0.00205913 
1 1 1 1 1 1 1 1 1 1 
0 0 0 0 0 0 0 0 0 0 
0.784279 0.784251 0.784328 0.784387 0.784344 0.784325 0.784262 0.784437 0.784482 0.784528 
0.000338393 0.000319254 0.00030727 0.00041236 0.000280811 0.000436365 0.00028311 0.000237486 0.000309014 0.000262607 
0.816101 0.816073 0.816079 0.816186 0.816138 0.816111 0.816045 0.816198 0.816257 0.81633 
0.000328236 0.00025675 0.000257003 0.000350737 0.000246136 0.000369212 0.000255506 0.000229812 0.000272367 0.000261265 
0.197 0.1973 0.1981 0.1982 0.1976 0.1977 0.1988 0.1988 0.1967 0.1978 
0.00141421 0.00245153 0.00323883 0.00172047 0.00387814 0.00313209 0.00351568 0.0031241 0.0026096 0.00203961 
0.00292817 0.00530333 0.00922477 0.0166807 0.0291333 0.0495566 0.0844144 0.13775 0.218123 0.332072 
0.000215256 0.000280522 0.000354267 0.000401933 0.000516739 0.000404879 0.000674229 0.000793365 0.000909772 0.000678 
0.693912 0.711449 0.726907 0.741319 0.752096 0.760129 0.768363 0.775528 0.780716 0.783854 
0.0129493 0.00445495 0.00302779 0.00173102 0.00101681 0.00116966 0.000743358 0.000467439 0.000409599 0.000388096 
0.752219 0.763101 0.775925 0.786255 0.793943 0.799408 0.805442 0.811163 0.814833 0.816823 
0.00951531 0.00482496 0.00274407 0.00179093 0.00129919 0.000853468 0.000719567 0.000470596 0.000403504 0.000326631 
0.1863 0.1874 0.1863 0.19 0.189 0.1901 0.1921 0.1921 0.1991 0.2027 
0.00161555 0.00313688 0.0030348 0.00260768 0.00209762 0.00393573 0.00372693 0.00157797 0.00175784 0.00241039 
0.00295054 0.00528784 0.00923527 0.016701 0.0292419 0.0496028 0.0845184 0.137701 0.218055 0.332032 
0.000247409 0.000326517 0.000469037 0.000475391 0.000668502 0.000505438 0.00101544 0.000944622 0.00132281 0.000869986 
0.67776 0.698669 0.712814 0.726074 0.738086 0.746383 0.754516 0.761319 0.768023 0.773514 
0.00645681 0.00409847 0.00329521 0.00218933 0.00144037 0.00124026 0.000610771 0.000668207 0.00056205 0.000392746 
0.739107 0.754826 0.765418 0.774652 0.783334 0.788899 0.794871 0.799942 0.804857 0.808531 
0.00805277 0.00590127 0.00365995 0.00243662 0.00171083 0.00128547 0.000647916 0.000765437 0.000541328 0.000418834 
0.1911 0.1911 0.193 0.19 0.1942 0.1946 0.1948 0.1976 0.202 0.2071 
0.00216564 0.00238537 0.00343511 0.00184391 0.00479166 0.00253772 0.00351568 0.0022891 0.00363318 0.00350571 
1 1 1 1 1 1 1 1 1 1 
0 0 0 0 0 0 0 0 0 0 
0.779837 0.779692 0.779987 0.779901 0.779808 0.779838 0.779906 0.779911 0.780017 0.779988 
0.00030707 0.000342237 0.000314575 0.000432648 0.000272751 0.000390665 0.000300817 0.000280552 0.00030064 0.000366386 
0.811219 0.811078 0.811302 0.811273 0.811183 0.811195 0.811237 0.811247 0.811363 0.811357 
0.00027139 0.000284271 0.000239877 0.000360459 0.000254538 0.000342429 0.000279373 0.000254411 0.000240541 0.000315938 
0.2346 0.235 0.2341 0.2357 0.2339 0.2326 0.2328 0.233 0.2344 0.2333 
0.00332265 0.00264575 0.00254755 0.00249199 0.00344819 0.00162481 0.00342929 0.00363318 0.00300666 0.00306757 
0.00617061 0.0107246 0.0188428 0.0324265 0.0555949 0.0929062 0.150326 0.234202 0.351449 0.494987 
0.000207917 0.000262638 0.000488843 0.000684367 0.000337238 0.000532635 0.000517332 0.000980072 0.000980961 0.000750306 
0.719716 0.732967 0.744683 0.753617 0.762155 0.769063 0.775217 0.779095 0.781027 0.781701 
0.00289634 0.00181721 0.00193596 0.000467019 0.000750718 0.000669324 0.000378198 0.000396694 0.000370661 0.000292157 
0.770293 0.779644 0.787856 0.793956 0.800183 0.805542 0.809818 0.81234 0.813416 0.813463 
0.00264724 0.00204238 0.00207811 0.000602643 0.00058821 0.000466669 0.000437532 0.000353888 0.000319639 0.000287801 
0.2028 0.2044 0.2065 0.2049 0.2083 0.2116 0.2137 0.2177 0.2256 0.2326 
0.0018868 0.0032 0.00269258 0.00385876 0.0021 0.00210713 0.00306757 0.00257099 0.00366606 0.00293939 
0.00607543 0.0106736 0.0188537 0.032484 0.0555145 0.0928972 0.150294 0.234089 0.351174 0.495032 
0.000268539 0.000286066 0.000559793 0.000783354 0.000487129 0.000783291 0.000704769 0.001394 0.00145742 0.00110791 
0.704221 0.719813 0.731071 0.739868 0.748325 0.755601 0.761647 0.766924 0.771179 0.7744 
0.0030759 0.00244015 0.00127473 0.000809533 0.00104636 0.00075723 0.00047879 0.000496086 0.000482493 0.000302135 
0.757797 0.769308 0.776415 0.781744 0.788103 0.793433 0.797916 0.801787 0.804915 0.807122 
0.00283808 0.00188433 0.00159515 0.000785922 0.00151966 0.00106038 0.000768509 0.000508307 0.000443364 0.000184444 
0.2084 0.2084 0.2092 0.2106 0.2117 0.2145 0.2192 0.2247 0.2301 0.24 
0.00269072 0.00224499 0.00305941 0.0026533 0.0019 0.0021095 0.00442267 0.00379605 0.00375366 0.00232379 
1 1 1 1 1 1 1 1 1 1 
0 0 0 0 0 0 0 0 0 0 
0.721534 0.721459 0.721511 0.721569 0.721522 0.721351 0.721395 0.721404 0.721361 0.721588 
0.000476895 0.00036582 0.000453922 0.000586419 0.000304326 0.000567415 0.000409432 0.000423274 0.000427897 0.00045655 
0.753781 0.753714 0.753759 0.753812 0.75377 0.753618 0.753656 0.753665 0.753627 0.753828 
0.000422202 0.000323352 0.000400902 0.000518679 0.000269118 0.00050126 0.00036138 0.000373568 0.000378556 0.000403121 
4.1423 4.1327 4.1341 4.1377 4.1338 4.1413 4.1325 4.1302 4.1199 4.1174 
0.0160315 0.00900056 0.0104159 0.0111808 0.00797245 0.0148731 0.0126036 0.00905318 0.0103388 0.00417612 
0.354945 0.578315 0.749416 0.85664 0.917575 0.952946 0.974206 0.985863 0.9926 0.996166 
0.00500112 0.00473343 0.00405851 0.00168262 0.000980897 0.000915134 0.00046498 0.000290541 0.000137635 8.91782e-005 
0.741054 0.732628 0.727576 0.724916 0.723153 0.722358 0.7219 0.721693 0.72143 0.72154 
0.00125596 0.00105742 0.000555003 0.000732794 0.000467557 0.000412801 0.000566748 0.000424241 0.000442061 0.000259239 
0.773228 0.765049 0.760059 0.757256 0.755455 0.754609 0.754152 0.753948 0.753698 0.753791 
0.00117994 0.0010901 0.000659801 0.000697606 0.000471003 0.000369061 0.000500259 0.000376854 0.0003893 0.000226972 
4.0852 4.1211 4.141 4.146 4.1617 4.155 4.1545 4.1593 4.1441 4.1455 
0.00745386 0.0102708 0.0139786 0.0138924 0.00821036 0.0187136 0.00616847 0.0187459 0.00915915 0.0126115 
0.354898 0.578457 0.749419 0.856558 0.917611 0.95296 0.97423 0.985835 0.99259 0.996123 
0.00530759 0.00482705 0.00400299 0.00142152 0.00112316 0.000841662 0.00057769 0.000303821 0.000139026 0.000106802 
0.721576 0.72134 0.721361 0.721434 0.72145 0.721371 0.721541 0.721397 0.721452 0.721563 
0.000420326 0.000530024 0.000366599 0.000475452 0.000457742 0.000598697 0.000358544 0.000519415 0.00050876 0.000539613 
0.753849 0.753569 0.75372 0.753665 0.753706 0.753629 0.753794 0.753667 0.753705 0.753807 
0.000386923 0.000544994 0.000373583 0.000421725 0.000412143 0.000543369 0.000314442 0.00046292 0.000450028 0.000475045 
4.0852 4.1131 4.1408 4.1519 4.1584 4.1612 4.1621 4.1568 4.1445 4.1442 
0.0104384 0.0113353 0.0126554 0.00819085 0.0101509 0.00850647 0.00959635 0.00889719 0.00934077 0.00977548 
0.108628 0.34508 0.575054 0.744944 0.856189 0.91687 0.952744 0.973728 0.985751 0.992359 
0.00455518 0.0050371 0.00631512 0.00492266 0.00144252 0.00157312 0.00140255 0.000754794 0.000289146 0.000178276 
0.756589 0.742109 0.733064 0.728165 0.724903 0.723175 0.722564 0.721889 0.721702 0.721814 
0.00188704 0.0017611 0.00122768 0.00123327 0.000309723 0.0005411 0.0004216 0.00043188 0.000403355 0.000484459 
0.787931 0.773901 0.765284 0.760404 0.757281 0.755422 0.754809 0.754142 0.753951 0.754036 
0.00267989 0.00187988 0.0012655 0.00129279 0.000293373 0.000506954 0.000390179 0.000392246 0.000355635 0.000427 
4.0556 4.0944 4.1294 4.15 4.1604 4.1699 4.1692 4.1619 4.1534 4.1566 
0.0110833 0.0187254 0.0201405 0.00904434 0.00972831 0.0105873 0.0154195 0.0167478 0.0103653 0.00611882 
0.00815973 0.0169401 0.0462922 0.133272 0.310663 0.529203 0.712883 0.837623 0.912097 0.953362 
0.000400294 0.000853486 0.00111459 0.0024404 0.00306619 0.00344878 0.00165854 0.00177811 0.000532135 0.000379356 
0.765057 0.776432 0.774812 0.764441 0.75011 0.73864 0.731244 0.726441 0.724027 0.723015 
0.00309569 0.00163661 0.000989976 0.00171977 0.000776113 0.000987574 0.000381122 0.000635204 0.000637179 0.000390513 
0.797248 0.807005 0.804651 0.795134 0.781508 0.770742 0.76334 0.75864 0.756247 0.755221 
0.00343653 0.00174714 0.00122748 0.00157169 0.000730721 0.00103278 0.000358282 0.000568582 0.000576944 0.000346732 
4.0472 4.0566 4.0646 4.0789 4.1071 4.1408 4.154 4.1606 4.1637 4.1685 
0.00950579 0.0132529 0.0142141 0.00932148 0.00738173 0.0100479 0.0126728 0.0161938 0.00618142 0.0133285 
1 1 1 1 1 1 1 1 1 1 
0 0 0 0 0 0 0 0 0 0 
0.779441 0.779363 0.779356 0.77938 0.779419 0.779439 0.779331 0.77941 0.779379 0.779417 
0.000211393 0.000255665 0.000123565 0.000254751 0.000245733 0.000229295 0.000325061 0.000199699 0.000162331 0.00012832 
0.812565 0.812484 0.812404 0.812445 0.81254 0.812511 0.81238 0.8125 0.81251 0.812511 
0.000193576 0.000257979 0.000170235 0.000268093 0.000174884 0.00019035 0.000231803 0.000176759 0.000167911 0.000149975 
1.9222 1.9224 1.926 1.9216 1.9285 1.9226 1.9223 1.9236 1.9139 1.9153 
0.00835225 0.00728286 0.00876356 0.00593633 0.00865159 0.0100319 0.00803803 0.00885664 0.00664003 0.00426732 
0.0127966 0.0323974 0.2618 0.517472 0.701455 0.830389 0.908854 0.949535 0.970923 0.983608 
0.000529065 0.00460654 0.0178866 0.0123609 0.00835479 0.00761008 0.00335014 0.00185408 0.0013475 0.000943561 
0.776536 0.782974 0.777257 0.768219 0.762683 0.758723 0.756548 0.755215 0.754615 0.754357 
0.0108161 0.00393218 0.00367068 0.00216049 0.000602221 0.000610769 0.000413759 0.000348706 0.000402844 0.000340561 
0.804403 0.809441 0.805637 0.798498 0.793501 0.789692 0.787624 0.786454 0.785893 0.785557 
0.0117309 0.00513197 0.00391207 0.00234459 0.00061796 0.000614197 0.000437047 0.000325849 0.000360838 0.000310079 
0.8404 0.8733 1.1685 1.449 1.6083 1.7035 1.7505 1.7813 1.7886 1.7888 
0.0042 0.00835524 0.0277209 0.0153623 0.00545985 0.00580086 0.00654599 0.0111897 0.0065909 0.00793473 
0.0128023 0.0323771 0.261876 0.517094 0.701396 0.830255 0.908889 0.949585 0.970844 0.983546 
0.000503513 0.00452176 0.0178601 0.012573 0.00852615 0.00769356 0.0034467 0.0019417 0.001395 0.00102538 
0.764272 0.772485 0.778561 0.779104 0.77915 0.779377 0.779283 0.779386 0.779425 0.779392 
0.00416993 0.00218706 0.000753228 0.000588353 0.000288049 0.000344896 0.00037438 0.000166608 0.000192273 0.000187556 
0.801019 0.806058 0.811567 0.812115 0.81231 0.812448 0.81234 0.812474 0.812556 0.81248 
0.00269706 0.00213227 0.000669659 0.000526741 0.000267363 0.000326567 0.000271495 0.000181365 0.000197411 0.000230465 
0.2123 0.2547 0.7294 1.2612 1.6397 1.8994 2.0611 2.1438 2.1791 2.207 
0.0019 0.0097678 0.0393553 0.0237099 0.020105 0.0152853 0.00883685 0.00908625 0.0053376 0.00604979 
1 1 1 1 1 1 1 1 1 1 
0 0 0 0 0 0 0 0 0 0 
0.761977 0.76191 0.76203 0.761967 0.761985 0.761887 0.761847 0.762027 0.761845 0.762009 
0.000179 0.000192482 0.000155015 0.000153659 0.000211103 0.000126549 0.000202208 9.53726e-005 0.000131307 0.000150564 
0.795933 0.795929 0.795979 0.795931 0.795951 0.795876 0.795797 0.796025 0.795862 0.795977 
0.000199385 0.000192948 0.000127263 0.000144841 0.000194494 0.000105815 0.000143555 9.932e-005 0.000117283 0.000124304 
3.1849 3.1908 3.1829 3.1911 3.192 3.1853 3.188 3.1821 3.1724 3.1712 
0.0124052 0.010245 0.0103966 0.0104159 0.00679706 0.0120917 0.013409 0.00728629 0.0074458 0.00990757 
