/******************************************/
PAI_C	 Acc	 F1	 Max_F1
0.03125	0.951982	0.948459	0.951982
0.0625	0.965657	0.96361	0.965657
0.125	0.975012	0.973667	0.975012
0.25	0.98449	0.983738	0.98449
0.5	0.98966	0.989203	0.98966
1	0.992368	0.992055	0.992368
2	0.993353	0.993091	0.993353
4	0.993107	0.992837	0.993353
8	0.993107	0.992837	0.993353
16	0.993107	0.992837	0.993353
/******************************************/
/******************************************/
PAII_C	 Acc	 F1	 Max_F1 
0.03125	0.973289	0.971844	0.973289
0.0625	0.981413	0.980493	0.981413
0.125	0.986829	0.986227	0.986829
0.25	0.990645	0.990249	0.990645
0.5	0.992614	0.992308	0.992614
1	0.992984	0.992699	0.992984
2	0.993353	0.993088	0.993353
4	0.993353	0.993089	0.993353
8	0.992984	0.992708	0.993353
16	0.993107	0.992837	0.993353
/******************************************/
/******************************************/
r	 eta	 acc	 f1	 max_f1
0.03125	0.03125	0.98646	0.985818	0.985818
0.03125	0.0625	0.989636	0.98929	0.98929
0.03125	0.125	0.990387	0.989953	0.989953
0.03125	0.25	0.984613	0.983811	0.989953
0.03125	0.5	0.986164	0.985453	0.989953
0.03125	1	0.990559	0.990109	0.990109
0.03125	2	0.987802	0.987196	0.990109
0.03125	4	0.990756	0.990342	0.990342
0.03125	8	0.990645	0.990226	0.990342
0.03125	16	0.995692	0.995517	0.995517
0.0625	0.03125	0.987518	0.986911	0.995517
0.0625	0.0625	0.989106	0.988591	0.995517
0.0625	0.125	0.993193	0.992935	0.995517
0.0625	0.25	0.991827	0.991475	0.995517
0.0625	0.5	0.993378	0.993106	0.995517
0.0625	1	0.993058	0.992781	0.995517
0.0625	2	0.993291	0.993031	0.995517
0.0625	4	0.991999	0.991725	0.995517
0.0625	8	0.994953	0.994767	0.995517
0.0625	16	0.996553	0.996426	0.996426
0.125	0.03125	0.990226	0.989841	0.996426
0.125	0.0625	0.989993	0.989606	0.996426
0.125	0.125	0.988774	0.98831	0.996426
0.125	0.25	0.984355	0.983559	0.996426
0.125	0.5	0.986337	0.985689	0.996426
0.125	1	0.991027	0.990605	0.996426
0.125	2	0.986829	0.986156	0.996426
0.125	4	0.992861	0.992543	0.996426
0.125	8	0.99643	0.99629	0.996426
0.125	16	0.997292	0.997187	0.997187
0.25	0.03125	0.984934	0.984191	0.997187
0.25	0.0625	0.987469	0.986951	0.997187
0.25	0.125	0.984761	0.984178	0.997187
0.25	0.25	0.985844	0.985137	0.997187
0.25	0.5	0.983887	0.983015	0.997187
0.25	1	0.978705	0.977442	0.997187
0.25	2	0.987445	0.986811	0.997187
0.25	4	0.994436	0.994198	0.997187
0.25	8	0.997046	0.996929	0.997187
0.25	16	0.997046	0.996932	0.997187
0.5	0.03125	0.980441	0.979372	0.997187
0.5	0.0625	0.979247	0.978107	0.997187
0.5	0.125	0.980798	0.979746	0.997187
0.5	0.25	0.983456	0.9827	0.997187
0.5	0.5	0.9855	0.98486	0.997187
0.5	1	0.990891	0.990508	0.997187
0.5	2	0.994092	0.993859	0.997187
0.5	4	0.995815	0.995651	0.997187
0.5	8	0.996923	0.996804	0.997187
0.5	16	0.996923	0.996807	0.997187
1	0.03125	0.979764	0.978772	0.997187
1	0.0625	0.973412	0.971748	0.997187
1	0.125	0.977056	0.975835	0.997187
1	0.25	0.980428	0.979597	0.997187
1	0.5	0.981216	0.980171	0.997187
1	1	0.990399	0.989946	0.997187
1	2	0.994338	0.994098	0.997187
1	4	0.996184	0.99603	0.997187
1	8	0.996677	0.99655	0.997187
1	16	0.99643	0.996291	0.997187
2	0.03125	0.974175	0.972716	0.997187
2	0.0625	0.968968	0.966834	0.997187
2	0.125	0.979628	0.978751	0.997187
2	0.25	0.982644	0.981842	0.997187
2	0.5	0.986829	0.986227	0.997187
2	1	0.993107	0.992824	0.997187
2	2	0.995396	0.995215	0.997187
2	4	0.996307	0.996165	0.997187
2	8	0.996553	0.996422	0.997187
2	16	0.996061	0.995914	0.997187
4	0.03125	0.970249	0.968574	0.997187
4	0.0625	0.95938	0.956397	0.997187
4	0.125	0.967134	0.96478	0.997187
4	0.25	0.979124	0.977923	0.997187
4	0.5	0.988183	0.987616	0.997187
4	1	0.99323	0.99295	0.997187
4	2	0.994953	0.994748	0.997187
4	4	0.995076	0.994885	0.997187
4	8	0.994953	0.99476	0.997187
4	16	0.994215	0.993995	0.997187
8	0.03125	0.942147	0.936598	0.997187
8	0.0625	0.966716	0.964691	0.997187
8	0.125	0.974397	0.973182	0.997187
8	0.25	0.979936	0.97903	0.997187
8	0.5	0.989205	0.988756	0.997187
8	1	0.993845	0.9936	0.997187
8	2	0.995076	0.994888	0.997187
8	4	0.996184	0.996038	0.997187
8	8	0.994953	0.994766	0.997187
8	16	0.993353	0.993102	0.997187
16	0.03125	0.951933	0.948425	0.997187
16	0.0625	0.967258	0.965562	0.997187
16	0.125	0.975258	0.974168	0.997187
16	0.25	0.983506	0.982793	0.997187
16	0.5	0.989783	0.989358	0.997187
16	1	0.99323	0.992955	0.997187
16	2	0.99483	0.994626	0.997187
16	4	0.994707	0.994499	0.997187
16	8	0.993722	0.993484	0.997187
16	16	0.992491	0.992206	0.997187
/******************************************/
/******************************************/
r	 acc	 f1	 max_f1
0.03125	0.998277	0.998213	0.998213
0.0625	0.998055	0.997983	0.998213
0.125	0.997538	0.997446	0.998213
0.25	0.997169	0.99706	0.998213
0.5	0.996307	0.996162	0.998213
1	0.99499	0.994789	0.998213
2	0.992898	0.992602	0.998213
4	0.988491	0.987988	0.998213
8	0.981044	0.980111	0.998213
16	0.975271	0.973966	0.998213
/******************************************/

Best PAI_C: 	2
Best PAII_C:	2
Best AROW_r=0.125	 AROW_eta=16
Best AROWC_r=0.03125
