/******************************************/
PAI_C	 Acc	 F1	 Max_F1
0.03125	0.761616	0	0.761616
0.0625	0.761772	0.00130293	0.761772
0.125	0.828283	0.438801	0.828283
0.25	0.903497	0.752688	0.903497
0.5	0.933178	0.845212	0.933178
1	0.940326	0.869299	0.940326
2	0.93411	0.859136	0.940326
4	0.93411	0.859043	0.940326
8	0.93411	0.859043	0.940326
16	0.93411	0.859043	0.940326
/******************************************/
/******************************************/
PAII_C	 Acc	 F1	 Max_F1 
0.03125	0.82735	0.432874	0.82735
0.0625	0.889044	0.701005	0.889044
0.125	0.922145	0.811015	0.922145
0.25	0.936752	0.854383	0.936752
0.5	0.942191	0.870833	0.942191
1	0.941259	0.871341	0.942191
2	0.939394	0.869215	0.942191
4	0.937995	0.866867	0.942191
8	0.936597	0.864181	0.942191
16	0.936752	0.864469	0.942191
/******************************************/
/******************************************/
r	 eta	 acc	 f1	 max_f1
0.03125	0.03125	0.893706	0.713568	0.713568
0.03125	0.0625	0.893706	0.713568	0.713568
0.03125	0.125	0.893706	0.713568	0.713568
0.03125	0.25	0.893706	0.713568	0.713568
0.03125	0.5	0.893706	0.713568	0.713568
0.03125	1	0.907382	0.759289	0.759289
0.03125	2	0.907382	0.759289	0.759289
0.03125	4	0.906138	0.755267	0.759289
0.03125	8	0.91857	0.794349	0.794349
0.03125	16	0.962859	0.916111	0.916111
0.0625	0.03125	0.871484	0.630968	0.916111
0.0625	0.0625	0.892836	0.700874	0.916111
0.0625	0.125	0.942657	0.863988	0.916111
0.0625	0.25	0.942657	0.863988	0.916111
0.0625	0.5	0.942657	0.863988	0.916111
0.0625	1	0.942657	0.863988	0.916111
0.0625	2	0.940342	0.857371	0.916111
0.0625	4	0.926496	0.818565	0.916111
0.0625	8	0.957731	0.903614	0.916111
0.0625	16	0.976845	0.950482	0.950482
0.125	0.03125	0.889977	0.7	0.950482
0.125	0.0625	0.889977	0.7	0.950482
0.125	0.125	0.889977	0.7	0.950482
0.125	0.25	0.889977	0.7	0.950482
0.125	0.5	0.901943	0.741073	0.950482
0.125	1	0.906915	0.758175	0.950482
0.125	2	0.911577	0.773036	0.950482
0.125	4	0.946542	0.874361	0.950482
0.125	8	0.970785	0.936185	0.950482
0.125	16	0.979798	0.957152	0.957152
0.25	0.03125	0.86993	0.624832	0.957152
0.25	0.0625	0.86993	0.624832	0.957152
0.25	0.125	0.861166	0.588538	0.957152
0.25	0.25	0.855322	0.564343	0.957152
0.25	0.5	0.854545	0.560976	0.957152
0.25	1	0.853924	0.558685	0.957152
0.25	2	0.917483	0.791192	0.957152
0.25	4	0.965346	0.922811	0.957152
0.25	8	0.977778	0.952507	0.957152
0.25	16	0.979798	0.957461	0.957461
0.5	0.03125	0.80575	0.312431	0.957461
0.5	0.0625	0.773551	0.0881437	0.957461
0.5	0.125	0.765501	0.0320718	0.957461
0.5	0.25	0.765346	0.0308087	0.957461
0.5	0.5	0.764258	0.0219213	0.957461
0.5	1	0.867599	0.615523	0.957461
0.5	2	0.948096	0.878986	0.957461
0.5	4	0.972494	0.940182	0.957461
0.5	8	0.976379	0.949434	0.957461
0.5	16	0.979487	0.956522	0.957461
1	0.03125	0.762238	0.00517138	0.957461
1	0.0625	0.764103	0.0206452	0.957461
1	0.125	0.764103	0.0206452	0.957461
1	0.25	0.762704	0.00908501	0.957461
1	0.5	0.812277	0.350538	0.957461
1	1	0.922922	0.808642	0.957461
1	2	0.961461	0.913589	0.957461
1	4	0.973427	0.942637	0.957461
1	8	0.977001	0.951123	0.957461
1	16	0.978089	0.953937	0.957461
2	0.03125	0.761616	0	0.957461
2	0.0625	0.761616	0	0.957461
2	0.125	0.761616	0	0.957461
2	0.25	0.766278	0.0383632	0.957461
2	0.5	0.87397	0.641309	0.957461
2	1	0.945144	0.871309	0.957461
2	2	0.9669	0.927279	0.957461
2	4	0.974514	0.945479	0.957461
2	8	0.975913	0.948963	0.957461
2	16	0.976379	0.950197	0.957461
4	0.03125	0.761616	0	0.957461
4	0.0625	0.761616	0	0.957461
4	0.125	0.761616	0	0.957461
4	0.25	0.810567	0.341437	0.957461
4	0.5	0.908936	0.764848	0.957461
4	1	0.952292	0.890786	0.957461
4	2	0.9669	0.927329	0.957461
4	4	0.973737	0.943872	0.957461
4	8	0.976845	0.951132	0.957461
4	16	0.977467	0.952475	0.957461
8	0.03125	0.761616	0	0.957461
8	0.0625	0.761616	0	0.957461
8	0.125	0.762238	0.00520156	0.957461
8	0.25	0.849262	0.538973	0.957461
8	0.5	0.923543	0.810624	0.957461
8	1	0.956674	0.901988	0.957461
8	2	0.968609	0.931757	0.957461
8	4	0.974204	0.945142	0.957461
8	8	0.973737	0.944316	0.957461
8	16	0.973893	0.944591	0.957461
16	0.03125	0.761461	0	0.957461
16	0.0625	0.761461	0	0.957461
16	0.125	0.773116	0.0931677	0.957461
16	0.25	0.87195	0.634428	0.957461
16	0.5	0.930847	0.832895	0.957461
16	1	0.958042	0.905792	0.957461
16	2	0.968765	0.932392	0.957461
16	4	0.971873	0.940284	0.957461
16	8	0.970785	0.937872	0.957461
16	16	0.969542	0.935185	0.957461
/******************************************/
/******************************************/
r	 acc	 f1	 max_f1
0.03125	0.981352	0.96063	0.96063
0.0625	0.979953	0.957468	0.96063
0.125	0.978306	0.953554	0.96063
0.25	0.976379	0.949027	0.96063
0.5	0.971251	0.936968	0.96063
1	0.960528	0.911127	0.96063
2	0.943434	0.866959	0.96063
4	0.917327	0.791209	0.96063
8	0.870862	0.628852	0.96063
16	0.804289	0.304724	0.96063
/******************************************/

Best PAI_C: 	1
Best PAII_C:	0.5
Best AROW_r=0.25	 AROW_eta=16
Best AROWC_r=0.03125
