/******************************************/
PAI_C	 Acc	 F1	 Max_F1
0.03125	0.856234	0	0.856234
0.0625	0.856277	0	0.856277
0.125	0.856277	0	0.856277
0.25	0.857143	0.011976	0.857143
0.5	0.875758	0.262211	0.875758
1	0.885714	0.496183	0.885714
2	0.883983	0.554817	0.885714
4	0.881385	0.553746	0.885714
8	0.881385	0.553746	0.885714
16	0.881385	0.553746	0.885714
/******************************************/
/******************************************/
PAII_C	 Acc	 F1	 Max_F1 
0.03125	0.856277	0	0.856277
0.0625	0.857576	0.0237389	0.857576
0.125	0.870996	0.203209	0.870996
0.25	0.885281	0.404494	0.885281
0.5	0.887879	0.489152	0.887879
1	0.883983	0.512727	0.887879
2	0.88355	0.535406	0.887879
4	0.882251	0.543624	0.887879
8	0.880087	0.542149	0.887879
16	0.882251	0.554098	0.887879
/******************************************/
/******************************************/
r	 eta	 acc	 f1	 max_f1
0.03125	0.03125	0.892641	0.406699	0.406699
0.03125	0.0625	0.892641	0.406699	0.406699
0.03125	0.125	0.892641	0.406699	0.406699
0.03125	0.25	0.892641	0.406699	0.406699
0.03125	0.5	0.892641	0.406699	0.406699
0.03125	1	0.892641	0.406699	0.406699
0.03125	2	0.892641	0.406699	0.406699
0.03125	4	0.891342	0.395181	0.406699
0.03125	8	0.890476	0.384428	0.406699
0.03125	16	0.938095	0.726577	0.726577
0.0625	0.03125	0.87316	0.210243	0.726577
0.0625	0.0625	0.87316	0.210243	0.726577
0.0625	0.125	0.87316	0.210243	0.726577
0.0625	0.25	0.87316	0.210243	0.726577
0.0625	0.5	0.87316	0.210243	0.726577
0.0625	1	0.87316	0.210243	0.726577
0.0625	2	0.872727	0.205405	0.726577
0.0625	4	0.869264	0.165746	0.726577
0.0625	8	0.909524	0.54267	0.726577
0.0625	16	0.966667	0.868825	0.868825
0.125	0.03125	0.861905	0.0699708	0.868825
0.125	0.0625	0.861905	0.0699708	0.868825
0.125	0.125	0.861905	0.0699708	0.868825
0.125	0.25	0.861905	0.0699708	0.868825
0.125	0.5	0.861905	0.0699708	0.868825
0.125	1	0.861905	0.0699708	0.868825
0.125	2	0.85974	0.0414201	0.868825
0.125	4	0.891342	0.389294	0.868825
0.125	8	0.951515	0.797101	0.868825
0.125	16	0.97987	0.924797	0.924797
0.25	0.03125	0.867532	0.145251	0.924797
0.25	0.0625	0.867532	0.145251	0.924797
0.25	0.125	0.867532	0.145251	0.924797
0.25	0.25	0.867532	0.145251	0.924797
0.25	0.5	0.867532	0.145251	0.924797
0.25	1	0.864502	0.108262	0.924797
0.25	2	0.875325	0.234043	0.924797
0.25	4	0.922078	0.62963	0.924797
0.25	8	0.970996	0.889256	0.924797
0.25	16	0.987013	0.953125	0.953125
0.5	0.03125	0.85671	0.00600601	0.953125
0.5	0.0625	0.85671	0.00600601	0.953125
0.5	0.125	0.85671	0.00600601	0.953125
0.5	0.25	0.85671	0.00600601	0.953125
0.5	0.5	0.856277	0	0.953125
0.5	1	0.858874	0.035503	0.953125
0.5	2	0.890476	0.384428	0.953125
0.5	4	0.94632	0.772894	0.953125
0.5	8	0.975758	0.908795	0.953125
0.5	16	0.984848	0.944882	0.953125
1	0.03125	0.856277	0	0.953125
1	0.0625	0.856277	0	0.953125
1	0.125	0.856277	0	0.953125
1	0.25	0.856277	0	0.953125
1	0.5	0.856277	0	0.953125
1	1	0.863636	0.0974212	0.953125
1	2	0.911688	0.556522	0.953125
1	4	0.957576	0.82807	0.953125
1	8	0.979654	0.924559	0.953125
1	16	0.982251	0.936037	0.953125
2	0.03125	0.85671	0	0.953125
2	0.0625	0.85671	0	0.953125
2	0.125	0.85671	0	0.953125
2	0.25	0.85671	0	0.953125
2	0.5	0.85671	0	0.953125
2	1	0.875325	0.238095	0.953125
2	2	0.92684	0.661323	0.953125
2	4	0.961472	0.846816	0.953125
2	8	0.976623	0.913183	0.953125
2	16	0.979221	0.925926	0.953125
4	0.03125	0.85671	0	0.953125
4	0.0625	0.85671	0	0.953125
4	0.125	0.85671	0	0.953125
4	0.25	0.85671	0	0.953125
4	0.5	0.858009	0.0179641	0.953125
4	1	0.885281	0.339152	0.953125
4	2	0.932468	0.696498	0.953125
4	4	0.964069	0.860034	0.953125
4	8	0.971861	0.896661	0.953125
4	16	0.972294	0.901538	0.953125
8	0.03125	0.85671	0	0.953125
8	0.0625	0.85671	0	0.953125
8	0.125	0.85671	0	0.953125
8	0.25	0.85671	0	0.953125
8	0.5	0.861212	0.0608616	0.953125
8	1	0.890476	0.384428	0.953125
8	2	0.933333	0.700389	0.953125
8	4	0.957576	0.832765	0.953125
8	8	0.958874	0.847512	0.953125
8	16	0.957143	0.846034	0.953125
16	0.03125	0.85671	0	0.953125
16	0.0625	0.85671	0	0.953125
16	0.125	0.85671	0	0.953125
16	0.25	0.85671	0	0.953125
16	0.5	0.862338	0.0755814	0.953125
16	1	0.896104	0.433962	0.953125
16	2	0.932468	0.698842	0.953125
16	4	0.954978	0.823729	0.953125
16	8	0.949784	0.816456	0.953125
16	16	0.945455	0.803738	0.953125
/******************************************/
/******************************************/
r	 acc	 f1	 max_f1
0.03125	0.982684	0.936709	0.936709
0.0625	0.975325	0.907317	0.936709
0.125	0.962338	0.850772	0.936709
0.25	0.949784	0.789855	0.936709
0.5	0.928571	0.669339	0.936709
1	0.906926	0.521158	0.936709
2	0.881818	0.298201	0.936709
4	0.862771	0.0811594	0.936709
8	0.85671	0	0.936709
16	0.85671	0	0.936709
/******************************************/

Best PAI_C: 	1
Best PAII_C:	0.5
Best AROW_r=0.25	 AROW_eta=16
Best AROWC_r=0.03125
