APE
que 1.43519e-05 2.12963e-05 3.24074e-05 5.41667e-05 7.73148e-05 0.000181019 0.000330556 0.000737963 0.0012963 0.00280417 0.00455093 0.00917176 0.017362 0.0271903 0.0496648 0.0892398 0.145751 0.236224 0.359866 0.508322 
std_que 6.85123e-06 6.61243e-06 1.79305e-05 2.6397e-05 3.44309e-05 8.21143e-05 0.000112228 0.000194425 0.000313177 0.000838156 0.000818607 0.00298556 0.00369586 0.00442609 0.00679913 0.00994081 0.0137463 0.0105485 0.011627 0.015321 
acc 0.998991 0.998991 0.998991 0.998991 0.997844 0.998991 0.998991 0.998991 0.998865 0.998916 0.998843 0.998859 0.998892 0.99876 0.99879 0.998743 0.99861 0.998443 0.998357 0.998301 
std_acc 0 0 0 0 0.00500063 0 0 0 0.000440778 0.000185289 0.000222386 0.000191061 0.000108499 0.000197157 9.56117e-05 9.00995e-05 0.000131073 9.25127e-05 5.96055e-05 7.90298e-05 
f1 0 0 0 0 3.8625e-05 0 0 0 0.000606061 0 0.000561798 0.00193615 0.000757576 0.00136821 0.00444324 0.00293651 0.0197266 0.0451321 0.0891142 0.137484 
std_f1 0 0 0 0 0.000168362 0 0 0 0.00264176 0 0.00244882 0.00629397 0.0033022 0.00411737 0.00817285 0.00589507 0.01728 0.0282929 0.0242952 0.0395645 
time 0.0538798 0.0508292 0.0507867 0.0498898 0.0492798 0.0492609 0.0492904 0.0492396 0.0498549 0.0494735 0.0510428 0.0509177 0.050778 0.050864 0.0510571 0.0511681 0.0509917 0.0513369 0.0515795 0.0516818 
std_time 0.00502587 0.000755858 0.000823327 0.000885578 0.000382874 0.000217518 0.000265708 0.000233049 0.00214309 0.000683336 0.000520808 0.000377463 0.000808525 0.00068145 0.000481744 0.000398708 0.000597685 0.00063805 0.000771216 0.000536791 
APAII
que 0.000195833 0.000411574 0.000734259 0.00139444 0.00264028 0.00439769 0.00661667 0.0110694 0.0160259 0.013838 0.0131199 0.0150361 0.0206963 0.0214995 0.026594 0.0307833 0.0225356 0.027462 0.0311167 0.0286843 
std_que 6.18554e-05 0.000139027 0.000158062 0.0004878 0.000812809 0.00187373 0.00331595 0.00792053 0.0151922 0.00857668 0.00982026 0.0105582 0.0133357 0.0102286 0.0143898 0.0200166 0.0133444 0.0105487 0.0129219 0.0143997 
acc 0.988704 0.988059 0.998991 0.985423 0.995787 0.989737 0.996161 0.997734 0.993406 0.997376 0.99663 0.995281 0.995832 0.99591 0.98735 0.993793 0.996113 0.996859 0.992643 0.995077 
std_acc 0.0448381 0.0476512 0 0.0440074 0.00765942 0.019612 0.0046413 0.00141842 0.00777447 0.00186458 0.0039194 0.00467499 0.00435529 0.00304869 0.0288947 0.00688739 0.00324933 0.00261066 0.0201613 0.00590153 
f1 8.49504e-05 0.00011356 0 0.000553357 0.000292891 0.000773499 0.00144423 0.000946729 0.00128884 0.00170982 0.000917298 0.000945456 0.00154294 0.000724825 0.00170978 0.00119942 0.00219725 0.000606422 0.0011127 0.0022049 
std_f1 0.00037029 0.000494996 0 0.00126012 0.00085153 0.00180607 0.00324101 0.00251008 0.00263135 0.00351414 0.00221844 0.00174576 0.00279661 0.00191988 0.00266996 0.00176033 0.00390851 0.00171027 0.00228137 0.00321703 
time 0.0577264 0.0557307 0.0557952 0.0547608 0.0543214 0.0539321 0.0538401 0.0539428 0.0541389 0.0540745 0.0561709 0.0557291 0.0556826 0.0560395 0.0560101 0.0561753 0.055599 0.0556584 0.0554668 0.0559149 
std_time 0.00410313 0.000963002 0.00102567 0.00108299 0.00161823 0.000246497 0.00020241 0.000272424 0.000481376 0.000342054 0.000640973 0.000837369 0.00102606 0.00190039 0.000813473 0.00068944 0.000911531 0.000717322 0.000794113 0.00180532 
ASOP
que 0.0277181 0.0338333 0.0479046 0.0698972 0.0986736 0.138608 0.198014 0.29048 0.415854 0.555326 0.694219 0.816489 0.892234 0.94305 0.969433 0.984755 0.992399 0.996108 0.998079 0.999016 
std_que 0.0110576 0.0141873 0.0173528 0.0146854 0.0171482 0.0134135 0.0191392 0.0214708 0.0148902 0.0147732 0.0120769 0.0108107 0.00626843 0.00292401 0.00195355 0.000759172 0.000496097 0.000262158 0.000130766 0.000138614 
acc 0.996075 0.997014 0.997246 0.99773 0.997884 0.998107 0.998149 0.998206 0.998189 0.998182 0.998164 0.998171 0.998137 0.998189 0.998145 0.998197 0.998127 0.998182 0.998185 0.998113 
std_acc 0.00109195 0.000779784 0.000515263 0.000343812 0.000210361 0.000214175 0.000135782 0.000110961 0.000108709 9.32511e-05 0.000102685 0.000117577 0.000135058 0.000138223 0.000111814 9.48283e-05 0.000105413 0.000117052 0.000112319 7.04723e-05 
f1 0.129371 0.167447 0.202982 0.246742 0.316802 0.37769 0.391052 0.406841 0.406373 0.412352 0.409514 0.413326 0.408693 0.416827 0.412003 0.42044 0.406794 0.415975 0.416213 0.403461 
std_f1 0.0783867 0.103487 0.0895545 0.0770554 0.0628959 0.0406772 0.0294537 0.0230958 0.0212405 0.0175069 0.0213109 0.0232462 0.0291498 0.0254661 0.0186951 0.0202648 0.018038 0.0207665 0.022218 0.0137288 
time 8.435 8.26594 8.2699 8.24491 8.23428 8.23762 8.23685 8.23542 8.23664 8.2405 8.25856 8.25531 8.25811 8.25849 8.25673 8.25938 8.2561 8.25613 8.2582 8.25652 
std_time 0.214345 0.0288153 0.0237274 0.0321594 0.0247705 0.0217164 0.0228453 0.0225287 0.0241079 0.0230781 0.0222003 0.019028 0.0229132 0.0195559 0.022083 0.0260335 0.0201913 0.0196897 0.0198006 0.0213146 
AROW
que 1 1 1 1 1 1 1 1 1 1 1 1 1 1 1 1 1 1 1 1 
std_que 0 0 0 0 0 0 0 0 0 0 0 0 0 0 0 0 0 0 0 0 
acc 0.998521 0.998521 0.998521 0.998521 0.998521 0.998521 0.998521 0.998521 0.998521 0.998521 0.998521 0.998521 0.998521 0.998521 0.998521 0.998521 0.998521 0.998521 0.998521 0.998521 
std_acc 0.00014517 0.00014517 0.00014517 0.00014517 0.00014517 0.00014517 0.00014517 0.00014517 0.00014517 0.00014517 0.00014517 0.00014517 0.00014517 0.00014517 0.00014517 0.00014517 0.00014517 0.00014517 0.00014517 0.00014517 
f1 0.469315 0.469315 0.469315 0.469315 0.469315 0.469315 0.469315 0.469315 0.469315 0.469315 0.469315 0.469315 0.469315 0.469315 0.469315 0.469315 0.469315 0.469315 0.469315 0.469315 
std_f1 0.0278782 0.0278782 0.0278782 0.0278782 0.0278782 0.0278782 0.0278782 0.0278782 0.0278782 0.0278782 0.0278782 0.0278782 0.0278782 0.0278782 0.0278782 0.0278782 0.0278782 0.0278782 0.0278782 0.0278782 
time 0.0695084 0.0695084 0.0695084 0.0695084 0.0695084 0.0695084 0.0695084 0.0695084 0.0695084 0.0695084 0.0695084 0.0695084 0.0695084 0.0695084 0.0695084 0.0695084 0.0695084 0.0695084 0.0695084 0.0695084 
std_time 0.00425382 0.00425382 0.00425382 0.00425382 0.00425382 0.00425382 0.00425382 0.00425382 0.00425382 0.00425382 0.00425382 0.00425382 0.00425382 0.00425382 0.00425382 0.00425382 0.00425382 0.00425382 0.00425382 0.00425382 
AAROW
que 0.000135648 0.000282407 0.000511111 0.00101528 0.00172685 0.003475 0.0064662 0.0105875 0.0195097 0.0288565 0.0495588 0.0855662 0.152461 0.259364 0.41101 0.575008 0.732567 0.839132 0.912689 0.955712 
std_que 3.517e-05 9.62918e-05 0.000132009 0.000303349 0.000291196 0.000870514 0.00145282 0.00364339 0.00622905 0.00679767 0.00707523 0.00903242 0.0137463 0.0213334 0.0237087 0.0219034 0.0262909 0.0102047 0.010564 0.00422269 
acc 0.998991 0.996694 0.997477 0.997524 0.998485 0.998537 0.997371 0.997263 0.997105 0.99743 0.997823 0.99809 0.998169 0.998452 0.998481 0.998569 0.998558 0.998605 0.998545 0.998515 
std_acc 0 0.0100113 0.00381063 0.00639507 0.00152524 0.00120616 0.00250553 0.00129698 0.00105462 0.000503072 0.000347054 0.000313452 0.000379247 0.000150633 0.000202712 0.000147611 0.000137177 0.000110153 0.000148463 0.000141072 
f1 0 0.0011184 0.00382585 0.000273058 0.00412559 0.00856615 0.025553 0.0482269 0.0978063 0.200238 0.293705 0.374458 0.405424 0.448064 0.461656 0.479557 0.47437 0.484329 0.474894 0.4665 
std_f1 0 0.00487497 0.0108395 0.00119023 0.0129796 0.0208592 0.0436995 0.0501981 0.0845279 0.0963384 0.0951265 0.0544305 0.0467761 0.0315399 0.0368065 0.0328208 0.0349901 0.0232917 0.0342097 0.0325437 
time 0.0537575 0.0520718 0.0521263 0.0528718 0.053024 0.0532347 0.0541864 0.0554561 0.0577045 0.0593585 0.0609083 0.0625518 0.0644895 0.0654572 0.0666617 0.0669022 0.0680117 0.0674868 0.0680887 0.0686553 
std_time 0.00371874 0.000696046 0.000515663 0.000820621 0.000594121 0.00089712 0.00192108 0.00180391 0.00273999 0.00161398 0.00188432 0.00162577 0.00165432 0.00163356 0.00199839 0.00157256 0.00156439 0.00133311 0.00188921 0.00143814 
AAROW2
que 0.0951287 0.114668 0.128976 0.0704713 0.103698 0.0683431 0.107716 0.0746792 0.217216 0.109146 0.0556588 0.0931069 0.0491736 0.0569745 0.0545667 0.0844343 0.122716 0.206956 0.329687 0.48313 
std_que 0.139201 0.153283 0.17051 0.0851452 0.10767 0.0822851 0.137175 0.118651 0.218092 0.173206 0.0944113 0.137705 0.0714608 0.0415287 0.0197523 0.0291573 0.0141204 0.0134259 0.0243673 0.0274244 
acc 0.998755 0.998761 0.998706 0.998714 0.99875 0.998736 0.998723 0.998617 0.998785 0.998697 0.99864 0.998582 0.998531 0.998623 0.998582 0.998639 0.998628 0.998597 0.998569 0.99857 
std_acc 0.000213355 0.000209116 0.000254737 0.000238089 0.000267743 0.000234343 0.000253871 0.000245805 0.000248087 0.000238915 0.000183704 0.000208732 0.000197578 0.000148671 0.000167869 0.000137133 0.000178384 0.000106842 0.000115221 0.000114847 
f1 0.212133 0.299998 0.170356 0.284044 0.177852 0.226481 0.224057 0.295987 0.183675 0.221306 0.371141 0.306604 0.40889 0.430354 0.448468 0.475538 0.477456 0.476885 0.475808 0.477301 
std_f1 0.231587 0.226175 0.21516 0.225881 0.219941 0.230799 0.2257 0.202505 0.22577 0.221089 0.17538 0.184029 0.0980613 0.0885039 0.101433 0.0446425 0.0355014 0.0231805 0.0275046 0.0239242 
time 1.33729 1.30992 1.30926 1.31039 1.30776 1.30921 1.30897 1.31115 1.30841 1.30947 1.31171 1.3109 1.31272 1.31306 1.31419 1.31448 1.3146 1.31592 1.31664 1.31616 
std_time 0.0389749 0.00620278 0.00458138 0.00511313 0.00516974 0.00472082 0.00570463 0.00557135 0.00523601 0.00638773 0.00450616 0.00387567 0.00307156 0.00237724 0.00272066 0.00308227 0.00351744 0.00321505 0.00369554 0.00190418 
RAROW
que 0.0950704 0.114733 0.128679 0.0704699 0.103789 0.068513 0.107663 0.074756 0.217382 0.108886 0.0556315 0.0929481 0.0491481 0.0569676 0.0546889 0.0843407 0.12252 0.207108 0.330052 0.483331 
std_que 0.139088 0.153397 0.170064 0.0849351 0.10784 0.0827353 0.13719 0.118856 0.21834 0.172861 0.0940805 0.137281 0.0715188 0.0411136 0.0201063 0.0289985 0.0142316 0.013197 0.0239005 0.0274848 
acc 0.992943 0.994125 0.992767 0.991901 0.992654 0.992988 0.992581 0.993808 0.99499 0.992574 0.992388 0.993172 0.992711 0.992306 0.992119 0.994186 0.995294 0.99626 0.997098 0.997812 
std_acc 0.00432272 0.00368394 0.00599148 0.00665285 0.0042235 0.00486524 0.00875582 0.00449365 0.0037314 0.00478124 0.00523396 0.00291141 0.00429009 0.00314873 0.00296386 0.00129511 0.000798168 0.000369994 0.000308688 0.000246253 
f1 0.10597 0.114634 0.136466 0.0832047 0.127315 0.0852537 0.11212 0.074293 0.184707 0.0966534 0.0734675 0.106076 0.0800826 0.0844747 0.0757772 0.113745 0.157052 0.215536 0.272541 0.360203 
std_f1 0.112139 0.119354 0.12002 0.0863984 0.0952589 0.0810319 0.104136 0.0806151 0.139886 0.105081 0.0872563 0.0861965 0.0756402 0.0475125 0.0373267 0.0513928 0.0518017 0.0232168 0.035907 0.0318959 
time 0.059204 0.0565609 0.0571453 0.0554199 0.0560529 0.0547593 0.05546 0.0547018 0.0576697 0.0557951 0.0552603 0.056903 0.0550623 0.0565767 0.0566337 0.0577012 0.0583029 0.0609255 0.0629615 0.0646587 
std_time 0.0052344 0.00415745 0.0038576 0.00329311 0.00347905 0.00316064 0.00379707 0.00402219 0.00499912 0.00413398 0.00311121 0.00322002 0.0021708 0.00209078 0.00073801 0.00116111 0.00121953 0.00109254 0.00141721 0.00162235 
AROWC
que 1 1 1 1 1 1 1 1 1 1 1 1 1 1 1 1 1 1 1 1 
std_que 0 0 0 0 0 0 0 0 0 0 0 0 0 0 0 0 0 0 0 0 
acc 0.998965 0.998965 0.998965 0.998965 0.998965 0.998965 0.998965 0.998965 0.998965 0.998965 0.998965 0.998965 0.998965 0.998965 0.998965 0.998965 0.998965 0.998965 0.998965 0.998965 
std_acc 1.77804e-05 1.77804e-05 1.77804e-05 1.77804e-05 1.77804e-05 1.77804e-05 1.77804e-05 1.77804e-05 1.77804e-05 1.77804e-05 1.77804e-05 1.77804e-05 1.77804e-05 1.77804e-05 1.77804e-05 1.77804e-05 1.77804e-05 1.77804e-05 1.77804e-05 1.77804e-05 
f1 0.000862069 0.000862069 0.000862069 0.000862069 0.000862069 0.000862069 0.000862069 0.000862069 0.000862069 0.000862069 0.000862069 0.000862069 0.000862069 0.000862069 0.000862069 0.000862069 0.000862069 0.000862069 0.000862069 0.000862069 
std_f1 0.00375767 0.00375767 0.00375767 0.00375767 0.00375767 0.00375767 0.00375767 0.00375767 0.00375767 0.00375767 0.00375767 0.00375767 0.00375767 0.00375767 0.00375767 0.00375767 0.00375767 0.00375767 0.00375767 0.00375767 
time 0.517455 0.517455 0.517455 0.517455 0.517455 0.517455 0.517455 0.517455 0.517455 0.517455 0.517455 0.517455 0.517455 0.517455 0.517455 0.517455 0.517455 0.517455 0.517455 0.517455 
std_time 0.0554597 0.0554597 0.0554597 0.0554597 0.0554597 0.0554597 0.0554597 0.0554597 0.0554597 0.0554597 0.0554597 0.0554597 0.0554597 0.0554597 0.0554597 0.0554597 0.0554597 0.0554597 0.0554597 0.0554597 
