APE
que 2.23748e-05 3.61438e-05 9.89653e-05 0.000174695 0.000309804 0.000717713 0.00128569 0.00243455 0.00424948 0.00737248 0.0134352 0.0239418 0.0425792 0.0740914 0.132387 0.231779 0.379398 0.551691 0.713819 0.833532 
std_que 1.72113e-06 1.89325e-05 4.38889e-05 2.5817e-06 1.03268e-05 7.22877e-05 0.000111874 7.74511e-06 7.91722e-05 0.000441471 8.77779e-05 0.00057572 0.000156623 0.000184161 0.0010542 0.00124352 0.000476754 0.000943182 0.000568835 9.98258e-05 
acc 0.511746 0.505016 0.530418 0.518435 0.540858 0.569713 0.616994 0.624398 0.648458 0.657775 0.674697 0.688432 0.703538 0.707263 0.70464 0.698705 0.686537 0.677147 0.668203 0.663467 
std_acc 0.00477873 0.012054 0.00858072 0.00338547 0.00632173 0.0142114 0.00152665 0.00120652 0.0065558 0.000450937 0.00242508 0.000289151 0.00188981 0.00213593 0.000444913 0.000893269 0.000611003 0.000336482 0.000130806 7.05665e-05 
f1 0.35974 0.413277 0.358725 0.433464 0.466434 0.535133 0.611893 0.613027 0.640621 0.654009 0.669133 0.683429 0.69748 0.701775 0.69889 0.692095 0.679528 0.669558 0.660154 0.655091 
std_f1 0.0455775 0.190129 0.170432 0.0271224 0.00454659 0.00245261 0.0153972 0.0106088 0.015082 0.00780785 0.00244976 0.000871759 0.00245333 0.00221885 0.00193207 0.000719526 0.000139703 0.000113005 4.59103e-05 2.96411e-06 
time 0.22649 0.22438 0.230795 0.225813 0.225858 0.225921 0.227171 0.232005 0.231146 0.229631 0.237194 0.23107 0.229529 0.230364 0.238218 0.232273 0.233525 0.236979 0.241261 0.239277 
std_time 0.0022015 0.000594 0.0052285 0.000302 0.000397 0.000279 0.000601 0.0004085 0.002014 0.001407 0.001171 0.001442 0.001164 0.0005895 0.001327 0.000662 0.0002425 0.000992 0.005358 0.0030485 
APAII
que 0.000261612 0.000597234 0.000984489 0.00157656 0.00273746 0.00526925 0.00929413 0.0163886 0.0280235 0.0463768 0.0776869 0.129974 0.213885 0.334938 0.487805 0.646222 0.778928 0.873415 0.931235 0.964216 
std_que 7.57299e-05 4.64706e-05 7.57299e-05 0.00010671 6.79848e-05 6.79848e-05 0.000278824 0.000309804 0.000208257 0.000293453 0.000444053 0.000183301 0.000103268 0.000185883 0.000532691 0.000393279 0.000302059 0.000154042 0.00015232 0.000256449 
acc 0.530667 0.596673 0.630668 0.635279 0.653706 0.672772 0.695664 0.707077 0.720616 0.728025 0.731913 0.733213 0.731113 0.727111 0.722323 0.71765 0.713693 0.711743 0.710588 0.709413 
std_acc 0.0171924 0.0033304 0.0148112 0.00959016 0.00879156 0.000157484 0.000962114 0.000906177 0.000109292 0.00104043 0.000588628 0.000140272 0.00110411 0.000304641 0.00025731 0.00024268 0.000368323 7.65905e-05 0.000185883 7.83116e-05 
f1 0.372712 0.564058 0.630571 0.62912 0.66153 0.672305 0.699226 0.70919 0.720443 0.726569 0.730366 0.730618 0.727878 0.723638 0.718551 0.713738 0.709948 0.708026 0.70672 0.705291 
std_f1 0.141137 0.0239467 0.0338052 0.0117274 0.0148113 0.00274183 0.00156213 0.00124872 0.000326113 0.000464757 0.00112645 0.000449874 0.00140581 7.248e-05 0.000414732 0.000265024 0.000285646 7.42697e-05 0.000292717 0.000249956 
time 0.262189 0.257102 0.257078 0.255492 0.256055 0.255266 0.260004 0.258823 0.258315 0.257601 0.26534 0.262551 0.262475 0.271628 0.27776 0.273709 0.275718 0.276821 0.283695 0.276158 
std_time 0.0098245 0.002878 0.000181 0.001184 0.0007065 0.0011385 0.0032305 0.000746 0.0006965 0.00038 0.0040245 0.0004905 0.000931 0.0036015 0.000356 0.0001645 0.000151 0.0029145 0.0057855 0.0023745 
ASOP
que 0.000543018 0.00114455 0.00239238 0.00908329 0.0718823 0.32934 0.56738 0.739554 0.846495 0.909251 0.94667 0.968687 0.980455 0.988645 0.993435 0.996081 0.997889 0.998845 0.999433 0.999706 
std_que 4.56101e-05 9.63836e-05 8.08933e-05 0.00194746 0.00476668 0.00312472 0.000279684 0.00257998 0.00199049 0.00303006 0.000176416 0.00118586 7.22877e-05 8.00328e-05 1.80719e-05 5.1634e-05 8.69173e-05 2.5817e-05 8.60567e-07 5.1634e-06 
acc 0.623251 0.683907 0.701689 0.718221 0.719378 0.698353 0.68266 0.674613 0.668719 0.666052 0.663929 0.663758 0.663442 0.663263 0.662633 0.662827 0.663327 0.662376 0.662508 0.662879 
std_acc 0.012307 0.0103767 0.00212904 0.00645081 0.00234763 0.000634238 0.00247241 0.000159205 0.000160926 0.000163508 0.000127364 0.000226329 0.000265055 0.000183301 0.000188464 0.000119619 0.000507735 0.000534412 3.44227e-05 0.000198791 
f1 0.637894 0.678607 0.699529 0.713915 0.713804 0.689053 0.6752 0.667208 0.660765 0.657832 0.655529 0.655261 0.654884 0.654717 0.654074 0.65426 0.654774 0.653789 0.653923 0.654304 
std_f1 0.0175362 0.0107771 0.00864663 0.000590432 0.00222446 0.00104962 0.00260348 8.93084e-05 0.000307984 0.000159084 8.67931e-05 0.000264595 0.000299205 0.000208366 0.000198435 0.000125404 0.000518806 0.000549533 3.95738e-05 0.000204763 
time 8.02502 8.08363 8.13335 8.05315 8.13195 8.50421 8.89452 9.08355 9.27573 9.31523 9.44258 9.38268 9.38754 9.43679 9.55975 9.42598 9.62528 9.50688 9.45513 9.40077 
std_time 0.0184755 0.0563595 0.0690425 0.0024765 0.005923 0.002858 0.0266115 0.013981 0.031744 0.038856 0.0345795 0.0166275 0.017421 0.067974 0.006956 0.018173 0.189449 0.0666545 0.0072505 0.040601 
AROW
que 1 1 1 1 1 1 1 1 1 1 1 1 1 1 1 1 1 1 1 1 
std_que 0 0 0 0 0 0 0 0 0 0 0 0 0 0 0 0 0 0 0 0 
acc 0.762594 0.762594 0.762594 0.762594 0.762594 0.762594 0.762594 0.762594 0.762594 0.762594 0.762594 0.762594 0.762594 0.762594 0.762594 0.762594 0.762594 0.762594 0.762594 0.762594 
std_acc 1.29085e-05 1.29085e-05 1.29085e-05 1.29085e-05 1.29085e-05 1.29085e-05 1.29085e-05 1.29085e-05 1.29085e-05 1.29085e-05 1.29085e-05 1.29085e-05 1.29085e-05 1.29085e-05 1.29085e-05 1.29085e-05 1.29085e-05 1.29085e-05 1.29085e-05 1.29085e-05 
f1 0.762075 0.762075 0.762075 0.762075 0.762075 0.762075 0.762075 0.762075 0.762075 0.762075 0.762075 0.762075 0.762075 0.762075 0.762075 0.762075 0.762075 0.762075 0.762075 0.762075 
std_f1 0.000169093 0.000169093 0.000169093 0.000169093 0.000169093 0.000169093 0.000169093 0.000169093 0.000169093 0.000169093 0.000169093 0.000169093 0.000169093 0.000169093 0.000169093 0.000169093 0.000169093 0.000169093 0.000169093 0.000169093 
time 4.67163 4.67163 4.67163 4.67163 4.67163 4.67163 4.67163 4.67163 4.67163 4.67163 4.67163 4.67163 4.67163 4.67163 4.67163 4.67163 4.67163 4.67163 4.67163 4.67163 
std_time 0.000824 0.000824 0.000824 0.000824 0.000824 0.000824 0.000824 0.000824 0.000824 0.000824 0.000824 0.000824 0.000824 0.000824 0.000824 0.000824 0.000824 0.000824 0.000824 0.000824 
AAROW
que 5.24946e-05 0.000189325 0.000336482 0.000774511 0.00161442 0.00262387 0.00532691 0.00938879 0.0167268 0.0272516 0.0508027 0.0850025 0.143506 0.227263 0.355747 0.508617 0.662501 0.792766 0.882158 0.937245 
std_que 2.66776e-05 3.27016e-05 4.21678e-05 8.08933e-05 1.72113e-05 0.000360578 0.000344227 0.000299477 0.00110927 0.000252146 0.00103784 0.00200598 0.0031798 0.00105592 0.00251458 0.00114025 0.00102235 0.000367462 0.00049999 0.000362299 
acc 0.557589 0.611303 0.620471 0.698545 0.694406 0.72958 0.744571 0.754941 0.757538 0.766462 0.766373 0.767735 0.767456 0.768273 0.765816 0.765204 0.764766 0.76355 0.763323 0.762816 
std_acc 0.054319 0.0279056 0.0163491 0.000981047 0.00400594 0.00870894 0.00871669 0.00347067 0.00342764 0.000415654 0.000320131 0.00138637 0.00130634 0.000499129 0.00151116 0.000484499 0.000665219 0.000885524 0.000230632 0.000150599 
f1 0.662442 0.641698 0.577701 0.714249 0.682134 0.727632 0.737691 0.75031 0.761111 0.765689 0.765153 0.766794 0.765901 0.767371 0.763055 0.763733 0.762883 0.761773 0.762344 0.762265 
std_f1 0.00350924 0.00820612 0.0769719 0.0129725 0.0174159 0.0124723 0.00895168 0.00389894 0.00223586 0.000383096 0.000495697 0.000120308 0.000893653 0.000713592 0.00215734 7.75291e-06 0.00109076 0.00165122 7.56401e-05 0.000108091 
time 0.22583 0.230872 0.231121 0.233493 0.239487 0.247028 0.264077 0.296075 0.342823 0.419895 0.558543 0.765821 1.08952 1.54214 2.16671 2.85608 3.49551 3.99462 4.36832 4.51406 
std_time 0.0008605 0.0031695 0.0004375 0.000821 0.002196 0.0028895 0.003553 0.0002955 0.006918 0.0073305 0.010331 0.01459 0.020907 0.012432 0.019299 0.0306325 0.004355 0.011571 0.0473055 0.0151365 
AAROW2
que 0.00522364 0.00343883 0.005888 0.00675631 0.00856265 0.0155221 0.0308178 0.0666441 0.143002 0.285898 0.505505 0.73298 0.883166 0.954717 0.983275 0.993942 0.997875 0.999269 0.999726 0.999914 
std_que 9.63836e-05 0.00160582 1.20479e-05 7.31482e-05 0.000580022 0.000179859 0.000615306 0.000714271 0.00204815 0.00112562 0.00063768 0.000452658 0.000223748 0.000134249 0.000154042 1.37691e-05 7.74511e-06 8.60567e-07 8.60567e-06 0 
acc 0.757175 0.703967 0.753385 0.756535 0.755895 0.766935 0.764728 0.764155 0.769423 0.767547 0.766545 0.764218 0.763091 0.763018 0.762074 0.762446 0.762275 0.762159 0.762624 0.762582 
std_acc 0.00220736 0.0602001 0.00532003 0.00904456 0.00399475 0.0010301 0.00452314 0.004487 0.000108431 0.000144575 0.000168671 0.000246122 0.000366602 0.000248704 0.000351112 7.31482e-05 0.000354554 0.000859707 0.000216002 0.000114455 
f1 0.757744 0.675992 0.74053 0.756194 0.746097 0.767658 0.764263 0.76482 0.769083 0.766748 0.764521 0.762804 0.762627 0.76267 0.761179 0.762186 0.761546 0.761306 0.762181 0.762399 
std_f1 0.0066687 0.0853223 0.0129932 0.0100321 0.00245516 0.00121844 0.00181373 0.00245033 0.000232775 0.000283548 1.80583e-05 0.000399145 0.000296503 0.000258682 0.000359033 0.000307406 0.000721203 0.00141216 0.000184859 1.5805e-05 
time 1.35947 1.36485 1.36783 1.37296 1.38051 1.42122 1.53449 1.69309 2.06057 2.72503 3.5879 4.39535 4.88288 5.13604 5.20281 5.21803 5.21727 5.35389 5.27954 5.18803 
std_time 0.000997 0.0017645 0.0052835 0.0014095 0.0005505 0.0037885 0.0347205 0.0046085 0.013775 0.037089 0.0108715 0.0064345 0.0090495 0.0080565 0.017562 0.019053 0.018445 0.113081 0.031069 0.001103 
RAROW
que 0.00523397 0.00341129 0.00595341 0.00672878 0.0084981 0.0155814 0.0308746 0.0667611 0.143128 0.28591 0.50539 0.732428 0.883749 0.954698 0.983197 0.993875 0.997913 0.999293 0.99972 0.999906 
std_que 7.22877e-05 0.00157484 0.000108431 6.79848e-05 0.000584325 0.000177277 0.000627354 0.00101375 0.00169015 0.000314968 0.000541297 0.000448356 4.90523e-05 4.13072e-05 0.000309804 2.83987e-05 1.63508e-05 4.30284e-06 2.32353e-05 6.02397e-06 
acc 0.733799 0.723379 0.736978 0.74101 0.739353 0.752356 0.758267 0.759168 0.760701 0.762211 0.761972 0.762215 0.762534 0.762592 0.761944 0.762464 0.762254 0.762168 0.762609 0.762576 
std_acc 0.00308772 0.0101478 0.00510144 0.00315742 0.00053011 0.00343366 0.000323573 0.000222026 0.000968138 0.000386395 0.000137691 3.27016e-05 0.000453519 8.60567e-06 0.000446634 3.87255e-05 0.000213421 0.000826145 0.000187604 0.000130806 
f1 0.744224 0.720409 0.737893 0.740602 0.736793 0.752498 0.756769 0.75954 0.759918 0.761686 0.761053 0.761462 0.762259 0.762392 0.761092 0.762288 0.761551 0.76132 0.762163 0.76238 
std_f1 0.00264393 0.00904939 0.00658244 0.00371429 0.00237234 0.000701445 0.0010189 0.00141545 0.00079118 0.000720421 6.76255e-05 0.000147713 0.000382559 6.54704e-05 0.000507862 0.000300178 0.000582861 0.00137945 0.000209038 3.74972e-06 
time 0.25979 0.260558 0.266462 0.267209 0.276475 0.309036 0.376802 0.544366 0.895715 1.54293 2.55303 3.55861 4.25744 4.61546 4.75857 4.75467 4.82456 4.81645 4.85891 4.74419 
std_time 0.0008725 0.00078 0.000455 0.0009395 0.0017355 0.000484 0.0026815 0.0075085 0.0039685 0.013456 0.019283 0.006271 0.029659 0.055746 0.064082 0.018033 0.040314 0.003767 0.0148835 0.0097465 
