/******************************************/
PAI_C	 Acc	 F1	 Max_Acc
0.03125	0.512401	0.677599	0.512401
0.0625	0.512401	0.677599	0.512401
0.125	0.512401	0.677599	0.512401
0.25	0.512401	0.677599	0.512401
0.5	0.512401	0.677599	0.512401
1	0.512401	0.677599	0.512401
2	0.512401	0.677599	0.512401
4	0.512401	0.677599	0.512401
8	0.512401	0.677599	0.512401
16	0.512401	0.677599	0.512401
32	0.512401	0.677599	0.512401
/******************************************/
/******************************************/
PAI_C	 Acc	 F1	 Max_Acc
0.03125	0.512401	0.677599	0.512401
0.0625	0.512401	0.677599	0.512401
0.125	0.512401	0.677599	0.512401
0.25	0.512401	0.677599	0.512401
0.5	0.512401	0.677599	0.512401
1	0.512401	0.677599	0.512401
2	0.512401	0.677599	0.512401
4	0.512401	0.677599	0.512401
8	0.512401	0.677599	0.512401
16	0.512401	0.677599	0.512401
32	0.512401	0.677599	0.512401
/******************************************/
/******************************************/
PAI_C	 Acc	 F1	 Max_Acc
0.03125	0.03125	0.5124	0.677598	0.5124
0.03125	0.0625	0.5124	0.677598	0.5124
0.03125	0.125	0.512401	0.677599	0.512401
0.03125	0.25	0.512401	0.677599	0.512401
0.03125	0.5	0.512401	0.677599	0.512401
0.03125	1	0.5124	0.677599	0.512401
0.03125	2	0.512401	0.677599	0.512401
0.03125	4	0.512401	0.677599	0.512401
0.03125	8	0.512401	0.677599	0.512401
0.03125	16	0.512401	0.677599	0.512401
0.03125	32	0.512401	0.677599	0.512401
0.0625	0.03125	0.512401	0.677599	0.512401
0.0625	0.0625	0.512401	0.677599	0.512401
0.0625	0.125	0.512401	0.677599	0.512401
0.0625	0.25	0.512401	0.677599	0.512401
0.0625	0.5	0.512401	0.677599	0.512401
0.0625	1	0.512401	0.677599	0.512401
0.0625	2	0.512401	0.677599	0.512401
0.0625	4	0.512401	0.677599	0.512401
0.0625	8	0.512401	0.677599	0.512401
0.0625	16	0.512401	0.677599	0.512401
0.0625	32	0.512401	0.677599	0.512401
0.125	0.03125	0.512401	0.677599	0.512401
0.125	0.0625	0.512401	0.677599	0.512401
0.125	0.125	0.512401	0.677599	0.512401
0.125	0.25	0.512401	0.677599	0.512401
0.125	0.5	0.512401	0.677599	0.512401
0.125	1	0.512401	0.677599	0.512401
0.125	2	0.512401	0.677599	0.512401
0.125	4	0.512401	0.677599	0.512401
0.125	8	0.512401	0.677599	0.512401
0.125	16	0.512401	0.677599	0.512401
0.125	32	0.512401	0.677599	0.512401
0.25	0.03125	0.512401	0.677599	0.512401
0.25	0.0625	0.512401	0.677599	0.512401
0.25	0.125	0.512401	0.677599	0.512401
0.25	0.25	0.512401	0.677599	0.512401
0.25	0.5	0.512401	0.677599	0.512401
0.25	1	0.512401	0.677599	0.512401
0.25	2	0.512401	0.677599	0.512401
0.25	4	0.512401	0.677599	0.512401
0.25	8	0.512401	0.677599	0.512401
0.25	16	0.512401	0.677599	0.512401
0.25	32	0.512401	0.677599	0.512401
0.5	0.03125	0.512401	0.677599	0.512401
0.5	0.0625	0.512401	0.677599	0.512401
0.5	0.125	0.512401	0.677599	0.512401
0.5	0.25	0.512401	0.677599	0.512401
0.5	0.5	0.512401	0.677599	0.512401
0.5	1	0.512401	0.677599	0.512401
0.5	2	0.512401	0.677599	0.512401
0.5	4	0.512401	0.677599	0.512401
0.5	8	0.512401	0.677599	0.512401
0.5	16	0.512401	0.677599	0.512401
0.5	32	0.512401	0.677599	0.512401
1	0.03125	0.512401	0.677599	0.512401
1	0.0625	0.512401	0.677599	0.512401
1	0.125	0.512401	0.677599	0.512401
1	0.25	0.512401	0.677599	0.512401
1	0.5	0.512401	0.677599	0.512401
1	1	0.512401	0.677599	0.512401
1	2	0.512401	0.677599	0.512401
1	4	0.512401	0.677599	0.512401
1	8	0.512401	0.677599	0.512401
1	16	0.512401	0.677599	0.512401
1	32	0.512401	0.677599	0.512401
2	0.03125	0.512401	0.677599	0.512401
2	0.0625	0.512401	0.677599	0.512401
2	0.125	0.512401	0.677599	0.512401
2	0.25	0.512401	0.677599	0.512401
2	0.5	0.512401	0.677599	0.512401
2	1	0.512401	0.677599	0.512401
2	2	0.512401	0.677599	0.512401
2	4	0.512401	0.677599	0.512401
2	8	0.512401	0.677599	0.512401
2	16	0.512401	0.677599	0.512401
2	32	0.512401	0.677599	0.512401
4	0.03125	0.512401	0.677599	0.512401
4	0.0625	0.512401	0.677599	0.512401
4	0.125	0.512401	0.677599	0.512401
4	0.25	0.512401	0.677599	0.512401
4	0.5	0.512401	0.677599	0.512401
4	1	0.512401	0.677599	0.512401
4	2	0.512401	0.677599	0.512401
4	4	0.512401	0.677599	0.512401
4	8	0.512401	0.677599	0.512401
4	16	0.512401	0.677599	0.512401
4	32	0.512401	0.677599	0.512401
8	0.03125	0.512401	0.677599	0.512401
8	0.0625	0.512401	0.677599	0.512401
8	0.125	0.512401	0.677599	0.512401
8	0.25	0.512401	0.677599	0.512401
8	0.5	0.512401	0.677599	0.512401
8	1	0.512401	0.677599	0.512401
8	2	0.512401	0.677599	0.512401
8	4	0.512401	0.677599	0.512401
8	8	0.512401	0.677599	0.512401
8	16	0.512401	0.677599	0.512401
8	32	0.512401	0.677599	0.512401
16	0.03125	0.512401	0.677599	0.512401
16	0.0625	0.512401	0.677599	0.512401
16	0.125	0.512401	0.677599	0.512401
16	0.25	0.512401	0.677599	0.512401
16	0.5	0.512401	0.677599	0.512401
16	1	0.512401	0.677599	0.512401
16	2	0.512401	0.677599	0.512401
16	4	0.512401	0.677599	0.512401
16	8	0.512401	0.677599	0.512401
16	16	0.512401	0.677599	0.512401
16	32	0.512401	0.677599	0.512401
32	0.03125	0.512401	0.677599	0.512401
32	0.0625	0.512401	0.677599	0.512401
32	0.125	0.512401	0.677599	0.512401
32	0.25	0.512401	0.677599	0.512401
32	0.5	0.512401	0.677599	0.512401
32	1	0.512401	0.677599	0.512401
32	2	0.512401	0.677599	0.512401
32	4	0.512401	0.677599	0.512401
32	8	0.512401	0.677599	0.512401
32	16	0.512401	0.677599	0.512401
32	32	0.512401	0.677599	0.512401
/******************************************/
/******************************************/
PAI_C	 Acc	 F1	 Max_Acc
0.03125	0.512401	0.677599	0.512401
0.0625	0.512401	0.677599	0.512401
0.125	0.512401	0.677599	0.512401
0.25	0.512401	0.677599	0.512401
0.5	0.512401	0.677599	0.512401
1	0.512401	0.677599	0.512401
2	0.512401	0.677599	0.512401
4	0.512401	0.677599	0.512401
8	0.512401	0.677599	0.512401
16	0.512401	0.677599	0.512401
32	0.512401	0.677599	0.512401
/******************************************/

Best PAI_C: 	0.03125
Best PAII_C:	0.03125
Best AROW_r=0.03125	 AROW_eta=0.125
Best AROWC_r=0.03125
