APE
que 7.67626e-05 0.000108604 0.000144231 0.000211527 0.000298875 0.000417978 0.000601709 0.00084938 0.00119111 0.00167759 0.00238188 0.00332979 0.00473846 0.00675786 0.00944542 0.0133746 0.0188716 0.0265756 0.0372724 0.0524642 
std_que 7.98799e-06 1.04537e-05 1.30919e-05 1.47948e-05 2.15608e-05 2.24888e-05 1.98372e-05 3.41701e-05 3.95055e-05 4.30253e-05 3.80324e-05 3.589e-05 6.74608e-05 9.78619e-05 0.000115054 0.000114933 0.000162185 0.000154531 0.00018829 0.000292458 
acc 0.512401 0.512401 0.512401 0.512401 0.512401 0.512401 0.512401 0.512401 0.512401 0.512401 0.512401 0.512401 0.512401 0.512401 0.512401 0.512401 0.512401 0.512401 0.512401 0.512401 
std_acc 0 0 0 0 0 0 0 0 0 0 0 0 0 0 0 0 0 0 0 0 
f1 0.677599 0.677599 0.677599 0.677599 0.677599 0.677599 0.677599 0.677599 0.677599 0.677599 0.677599 0.677599 0.677599 0.677599 0.677599 0.677599 0.677599 0.677599 0.677599 0.677599 
std_f1 2.22045e-16 2.22045e-16 2.22045e-16 2.22045e-16 2.22045e-16 2.22045e-16 2.22045e-16 2.22045e-16 2.22045e-16 2.22045e-16 2.22045e-16 2.22045e-16 2.22045e-16 2.22045e-16 2.22045e-16 2.22045e-16 2.22045e-16 2.22045e-16 2.22045e-16 2.22045e-16 
time 0.231422 0.229676 0.232447 0.230732 0.234856 0.231106 0.230571 0.230279 0.232319 0.229482 0.230499 0.23176 0.22426 0.22254 0.221644 0.221198 0.222096 0.22095 0.221827 0.221805 
std_time 0.00422845 0.00288845 0.00378804 0.00266977 0.00536832 0.00437371 0.00351854 0.00410792 0.00512868 0.00610712 0.00331382 0.00489289 0.00265934 0.00223806 0.0017078 0.0014634 0.00207795 0.00138476 0.0016238 0.00216083 
APAII
que 0.00101788 0.00189136 0.00364184 0.00700089 0.0136773 0.026473 0.0510045 0.0959758 0.172938 0.294815 0.452139 0.622538 0.766478 0.867544 0.929318 0.963114 0.981285 0.990544 0.995237 0.997622 
std_que 3.03301e-05 7.33129e-05 7.25443e-05 7.19558e-05 0.000183354 0.000208954 0.000310465 0.000909207 0.00113644 0.00212098 0.00178717 0.00241714 0.00123897 0.00139858 0.000729601 0.000312109 0.000227883 0.000130012 0.000102409 6.35572e-05 
acc 0.512401 0.512401 0.512401 0.512401 0.512401 0.512401 0.512401 0.512401 0.512401 0.512401 0.512401 0.512401 0.512401 0.512401 0.512401 0.512401 0.512401 0.512401 0.512401 0.512401 
std_acc 0 0 0 0 0 0 0 0 0 0 0 0 0 0 0 0 0 0 0 0 
f1 0.677599 0.677599 0.677599 0.677599 0.677599 0.677599 0.677599 0.677599 0.677599 0.677599 0.677599 0.677599 0.677599 0.677599 0.677599 0.677599 0.677599 0.677599 0.677599 0.677599 
std_f1 2.22045e-16 2.22045e-16 2.22045e-16 2.22045e-16 2.22045e-16 2.22045e-16 2.22045e-16 2.22045e-16 2.22045e-16 2.22045e-16 2.22045e-16 2.22045e-16 2.22045e-16 2.22045e-16 2.22045e-16 2.22045e-16 2.22045e-16 2.22045e-16 2.22045e-16 2.22045e-16 
time 0.258792 0.256401 0.257931 0.257713 0.264108 0.258257 0.25743 0.258933 0.261088 0.255258 0.259907 0.261578 0.253279 0.249329 0.246705 0.246749 0.247423 0.246321 0.246834 0.246397 
std_time 0.00818715 0.00234967 0.00269636 0.0024227 0.00486906 0.00447259 0.00329742 0.00493544 0.00728018 0.0033433 0.00378489 0.00516888 0.00630436 0.00328144 0.000948053 0.00155196 0.00219723 0.00290409 0.00187649 0.00140494 
ASOP
que 0.000627182 0.00117932 0.0022361 0.00428072 0.00832031 0.016165 0.0313476 0.0602648 0.112771 0.202057 0.335393 0.501959 0.668373 0.801158 0.889637 0.941461 0.969966 0.984655 0.9923 0.996132 
std_que 1.64942e-05 4.60145e-05 4.96767e-05 8.3643e-05 0.000123117 0.000183336 0.000214121 0.000262081 0.000361102 0.000542279 0.000667765 0.000543846 0.00060225 0.000704543 0.000343952 0.000285039 0.000153811 0.000187941 0.000123327 7.41795e-05 
acc 0.512401 0.512401 0.512401 0.512401 0.512401 0.512401 0.512401 0.512401 0.512401 0.512401 0.512401 0.512401 0.512401 0.512401 0.512401 0.512401 0.512401 0.512401 0.512401 0.512401 
std_acc 0 0 0 0 0 0 0 0 0 0 0 0 0 0 0 0 0 0 0 0 
f1 0.677599 0.677599 0.677599 0.677599 0.677599 0.677599 0.677599 0.677599 0.677599 0.677599 0.677599 0.677599 0.677599 0.677599 0.677599 0.677599 0.677599 0.677599 0.677599 0.677599 
std_f1 2.22045e-16 2.22045e-16 2.22045e-16 2.22045e-16 2.22045e-16 2.22045e-16 2.22045e-16 2.22045e-16 2.22045e-16 2.22045e-16 2.22045e-16 2.22045e-16 2.22045e-16 2.22045e-16 2.22045e-16 2.22045e-16 2.22045e-16 2.22045e-16 2.22045e-16 2.22045e-16 
time 8.45199 8.39571 8.5065 8.41158 8.56004 8.49518 8.49913 8.54593 8.74025 8.72208 9.10618 9.5332 9.54472 9.69071 9.79572 9.93124 9.95661 9.98806 10.0013 10.0069 
std_time 0.109321 0.0923329 0.117923 0.0722158 0.111398 0.114522 0.0908827 0.116543 0.125449 0.108387 0.128108 0.14837 0.0776393 0.067259 0.0523835 0.0575413 0.0333483 0.0368564 0.0418751 0.0612367 
AROW
que 1 1 1 1 1 1 1 1 1 1 1 1 1 1 1 1 1 1 1 1 
std_que 0 0 0 0 0 0 0 0 0 0 0 0 0 0 0 0 0 0 0 0 
acc 0.512398 0.512398 0.512398 0.512398 0.512398 0.512398 0.512398 0.512398 0.512398 0.512398 0.512398 0.512398 0.512398 0.512398 0.512398 0.512398 0.512398 0.512398 0.512398 0.512398 
std_acc 9.30209e-06 9.30209e-06 9.30209e-06 9.30209e-06 9.30209e-06 9.30209e-06 9.30209e-06 9.30209e-06 9.30209e-06 9.30209e-06 9.30209e-06 9.30209e-06 9.30209e-06 9.30209e-06 9.30209e-06 9.30209e-06 9.30209e-06 9.30209e-06 9.30209e-06 9.30209e-06 
f1 0.677597 0.677597 0.677597 0.677597 0.677597 0.677597 0.677597 0.677597 0.677597 0.677597 0.677597 0.677597 0.677597 0.677597 0.677597 0.677597 0.677597 0.677597 0.677597 0.677597 
std_f1 8.13372e-06 8.13372e-06 8.13372e-06 8.13372e-06 8.13372e-06 8.13372e-06 8.13372e-06 8.13372e-06 8.13372e-06 8.13372e-06 8.13372e-06 8.13372e-06 8.13372e-06 8.13372e-06 8.13372e-06 8.13372e-06 8.13372e-06 8.13372e-06 8.13372e-06 8.13372e-06 
time 8.4057 8.4057 8.4057 8.4057 8.4057 8.4057 8.4057 8.4057 8.4057 8.4057 8.4057 8.4057 8.4057 8.4057 8.4057 8.4057 8.4057 8.4057 8.4057 8.4057 
std_time 0.140654 0.140654 0.140654 0.140654 0.140654 0.140654 0.140654 0.140654 0.140654 0.140654 0.140654 0.140654 0.140654 0.140654 0.140654 0.140654 0.140654 0.140654 0.140654 0.140654 
AAROW
que 0.0207387 0.0376138 0.0682692 0.122095 0.207133 0.329983 0.487755 0.651797 0.786525 0.878356 0.9342 0.965729 0.982702 0.99113 0.995647 0.997766 0.998888 0.999445 0.999713 0.999864 
std_que 0.000711996 0.00117575 0.00222988 0.00368411 0.0059747 0.00613488 0.00704746 0.00751765 0.00512806 0.00311154 0.0021335 0.00119987 0.000551411 0.000343854 0.000172411 9.95508e-05 5.36279e-05 3.79337e-05 1.71101e-05 1.53365e-05 
acc 0.5124 0.5124 0.5124 0.5124 0.512401 0.5124 0.512396 0.5124 0.5124 0.5124 0.5124 0.512397 0.5124 0.5124 0.512378 0.5124 0.5124 0.5124 0.512401 0.5124 
std_acc 3.74223e-06 8.7761e-07 8.7761e-07 3.37601e-06 8.20929e-07 1.37691e-06 1.95059e-05 1.76364e-06 1.22914e-06 1.26477e-06 1.10206e-06 1.53488e-05 1.20172e-06 2.27522e-06 7.8997e-05 1.6687e-06 1.25005e-06 2.05638e-06 8.20929e-07 1.89325e-06 
f1 0.677598 0.677599 0.677599 0.677598 0.677599 0.677599 0.677595 0.677598 0.677599 0.677599 0.677599 0.677596 0.677599 0.677599 0.677579 0.677599 0.677599 0.677598 0.677599 0.677599 
std_f1 3.27214e-06 7.67359e-07 7.67359e-07 2.95192e-06 7.17799e-07 1.20393e-06 1.70564e-05 1.54208e-06 1.07473e-06 1.10588e-06 9.63616e-07 1.34212e-05 1.05075e-06 1.9894e-06 6.90881e-05 1.45907e-06 1.09301e-06 1.79805e-06 7.17799e-07 1.65541e-06 
time 0.396566 0.528408 0.780206 1.20198 1.92579 2.86595 4.10314 5.44821 6.59296 7.16909 7.70334 8.00866 7.9139 7.86002 7.86752 7.89369 7.90021 7.90435 7.90531 7.89961 
std_time 0.010139 0.0130855 0.0245822 0.0311509 0.0707213 0.0569212 0.0660169 0.116459 0.10297 0.131203 0.112391 0.111646 0.0942359 0.0427845 0.00858342 0.0149051 0.0141417 0.0225215 0.0121327 0.0108408 
AAROW2
que 0.00107012 0.00188361 0.00344304 0.00637009 0.0113473 0.0206957 0.0376449 0.0694202 0.12416 0.208744 0.33191 0.488411 0.649861 0.782472 0.878324 0.933445 0.966012 0.982629 0.991117 0.995603 
std_que 8.17872e-05 9.73399e-05 0.000121726 0.000362614 0.000528141 0.000932248 0.0014508 0.00268193 0.00442025 0.00619805 0.00817114 0.00856112 0.00591341 0.00732914 0.00291401 0.0021513 0.00097411 0.000570591 0.000253131 0.000147306 
acc 0.5124 0.512398 0.5124 0.5124 0.5124 0.5124 0.5124 0.512399 0.5124 0.5124 0.512401 0.5124 0.512401 0.5124 0.512383 0.5124 0.5124 0.5124 0.512401 0.5124 
std_acc 2.13587e-06 6.28332e-06 1.6687e-06 1.38495e-06 1.20172e-06 9.22856e-07 2.27522e-06 7.50225e-06 1.65757e-06 1.6687e-06 3.75113e-07 2.6885e-06 3.75113e-07 2.63845e-06 5.8676e-05 1.56567e-06 1.25005e-06 2.12719e-06 8.20929e-07 2.26216e-06 
f1 0.677598 0.677596 0.677598 0.677599 0.677599 0.677599 0.677599 0.677598 0.677599 0.677599 0.677599 0.677598 0.677599 0.677598 0.677584 0.677599 0.677599 0.677598 0.677599 0.677599 
std_f1 1.86756e-06 5.49403e-06 1.45907e-06 1.21097e-06 1.05075e-06 8.06921e-07 1.9894e-06 6.55991e-06 1.44934e-06 1.45907e-06 3.27988e-07 2.35077e-06 3.27988e-07 2.307e-06 5.1313e-05 1.36898e-06 1.09301e-06 1.85996e-06 7.17799e-07 1.97799e-06 
time 1.38107 1.37109 1.39779 1.41177 1.476 1.50843 1.6123 1.85006 2.22736 2.77287 3.63824 4.74388 5.66537 6.4857 7.09344 7.45288 7.66961 7.78374 7.83939 7.85992 
std_time 0.0281656 0.0160424 0.0201493 0.0135781 0.0374691 0.028885 0.0220891 0.0431637 0.0404389 0.0781811 0.0740337 0.0822486 0.0438846 0.0615525 0.0225634 0.0204635 0.0135402 0.0298343 0.0204441 0.00933719 
RAROW
que 0.00106934 0.00187578 0.00343883 0.00636622 0.0113159 0.0206868 0.0376715 0.0693325 0.124225 0.208727 0.3318 0.488205 0.649827 0.78265 0.878341 0.933427 0.966013 0.982736 0.991136 0.995601 
std_que 0.00010642 0.000105023 0.000159355 0.000383419 0.000541623 0.000984245 0.00142175 0.00281218 0.0044346 0.00617718 0.0080699 0.00842837 0.005944 0.00745076 0.00286379 0.00217034 0.00105704 0.00059164 0.000270169 0.000198835 
acc 0.512078 0.511754 0.512324 0.512321 0.512293 0.512361 0.512373 0.512396 0.512397 0.512389 0.512396 0.512372 0.512397 0.512398 0.512312 0.5124 0.5124 0.5124 0.512401 0.5124 
std_acc 0.000477853 0.00159689 0.000207238 0.000182285 0.000196155 0.000151769 4.03051e-05 7.27981e-06 8.69812e-06 2.56355e-05 1.60297e-05 0.0001225 1.32346e-05 6.87162e-06 0.000372228 1.58447e-06 1.22914e-06 2.13587e-06 8.20929e-07 1.89325e-06 
f1 0.677317 0.677032 0.677532 0.677529 0.677505 0.677564 0.677575 0.677595 0.677596 0.677589 0.677595 0.677574 0.677596 0.677597 0.677521 0.677599 0.677599 0.677598 0.677599 0.677599 
std_f1 0.000418221 0.00140183 0.000181309 0.000159471 0.000171574 0.000132764 3.52445e-05 6.36537e-06 7.60554e-06 2.24163e-05 1.40166e-05 0.000107151 1.15724e-05 6.00845e-06 0.000325835 1.38542e-06 1.07473e-06 1.86755e-06 7.17799e-07 1.65541e-06 
time 0.24605 0.251263 0.266069 0.288082 0.335962 0.406447 0.537663 0.796733 1.24457 1.8929 2.90881 4.21037 5.34044 6.30777 7.02355 7.44692 7.69917 7.82244 7.89112 7.92731 
std_time 0.00368796 0.0033407 0.00506522 0.0038513 0.00629118 0.011036 0.0108066 0.0309324 0.0403678 0.0572813 0.0713836 0.0759714 0.0652281 0.0775305 0.0225678 0.0180988 0.0171968 0.0161878 0.0156908 0.0121853 
AROWC
que 1 1 1 1 1 1 1 1 1 1 1 1 1 1 1 1 1 1 1 1 
std_que 0 0 0 0 0 0 0 0 0 0 0 0 0 0 0 0 0 0 0 0 
acc 0.512401 0.512401 0.512401 0.512401 0.512401 0.512401 0.512401 0.512401 0.512401 0.512401 0.512401 0.512401 0.512401 0.512401 0.512401 0.512401 0.512401 0.512401 0.512401 0.512401 
std_acc 0 0 0 0 0 0 0 0 0 0 0 0 0 0 0 0 0 0 0 0 
f1 0.677599 0.677599 0.677599 0.677599 0.677599 0.677599 0.677599 0.677599 0.677599 0.677599 0.677599 0.677599 0.677599 0.677599 0.677599 0.677599 0.677599 0.677599 0.677599 0.677599 
std_f1 2.22045e-16 2.22045e-16 2.22045e-16 2.22045e-16 2.22045e-16 2.22045e-16 2.22045e-16 2.22045e-16 2.22045e-16 2.22045e-16 2.22045e-16 2.22045e-16 2.22045e-16 2.22045e-16 2.22045e-16 2.22045e-16 2.22045e-16 2.22045e-16 2.22045e-16 2.22045e-16 
time 0.279154 0.279154 0.279154 0.279154 0.279154 0.279154 0.279154 0.279154 0.279154 0.279154 0.279154 0.279154 0.279154 0.279154 0.279154 0.279154 0.279154 0.279154 0.279154 0.279154 
std_time 0.0355329 0.0355329 0.0355329 0.0355329 0.0355329 0.0355329 0.0355329 0.0355329 0.0355329 0.0355329 0.0355329 0.0355329 0.0355329 0.0355329 0.0355329 0.0355329 0.0355329 0.0355329 0.0355329 0.0355329 
