APE
que 4.30284e-06 3.7865e-06 4.21678e-06 3.87255e-06 3.01199e-06 3.35621e-06 3.70044e-06 3.27016e-06 3.44227e-06 2.66776e-06 3.35621e-06 3.70044e-06 3.27016e-06 4.13072e-06 5.24946e-06 8.17539e-06 1.20479e-05 1.84161e-05 3.3304e-05 7.69347e-05 
std_que 3.28822e-06 2.69949e-06 2.90434e-06 2.97488e-06 1.31922e-06 2.58027e-06 2.89412e-06 1.62372e-06 2.93099e-06 1.27352e-06 1.92236e-06 2.12719e-06 1.42968e-06 2.06536e-06 3.14902e-06 5.67909e-06 8.20026e-06 8.0379e-06 1.36098e-05 1.90425e-05 
acc 0.512402 0.512401 0.512402 0.512401 0.5124 0.512401 0.512401 0.512401 0.512401 0.5124 0.511406 0.512401 0.511505 0.512422 0.511868 0.508726 0.507654 0.504206 0.505699 0.504745 
std_acc 3.28822e-06 2.69949e-06 2.90434e-06 2.97488e-06 1.31922e-06 2.58027e-06 2.89412e-06 1.62372e-06 2.93099e-06 1.27352e-06 0.00433549 2.17027e-06 0.00390186 9.31407e-05 0.00143862 0.00576158 0.00556272 0.00750372 0.00536363 0.00569129 
f1 1.05893e-05 8.47143e-06 1.02363e-05 8.82439e-06 5.29467e-06 6.70655e-06 8.11844e-06 6.3536e-06 7.05951e-06 3.88276e-06 0.030247 7.76549e-06 0.0292826 0.000213919 0.0305475 0.153634 0.224067 0.310715 0.315135 0.395086 
std_f1 1.34871e-05 1.10724e-05 1.19125e-05 1.22018e-05 5.41105e-06 1.05834e-05 1.18706e-05 6.65996e-06 1.20218e-05 5.22359e-06 0.131818 8.90172e-06 0.127614 0.000909803 0.0799982 0.216586 0.20461 0.239319 0.180767 0.142347 
time 0.217248 0.216473 0.216722 0.216299 0.216193 0.216226 0.217068 0.216454 0.216174 0.216256 0.21744 0.216263 0.216706 0.216676 0.21668 0.217207 0.217085 0.217331 0.217522 0.217296 
std_time 0.00102716 0.000400984 0.00117485 0.000228676 0.000284485 0.000466898 0.000544215 0.000383333 0.000436634 0.000447342 0.00200055 0.000240552 0.000267948 0.0003269 0.000405479 0.000579225 0.000379245 0.000644963 0.000574512 0.000487049 
APAII
que 2.06536e-06 2.23748e-06 2.40959e-06 3.61438e-06 4.47495e-06 4.99129e-06 4.90523e-06 5.93792e-06 5.24946e-06 4.73312e-06 4.56101e-06 4.13072e-06 4.47495e-06 6.71243e-06 5.50763e-06 7.14271e-06 7.31482e-06 7.91722e-06 7.83116e-06 9.12201e-06 
std_que 6.88454e-07 7.88723e-07 8.4318e-07 1.32203e-06 1.37691e-06 1.87754e-06 1.74464e-06 3.41961e-06 2.20916e-06 2.42643e-06 1.46802e-06 8.4318e-07 1.48058e-06 2.42796e-06 1.16733e-06 3.82057e-06 3.25995e-06 2.79651e-06 3.14902e-06 3.81378e-06 
acc 0.496629 0.500786 0.498847 0.500517 0.499767 0.500061 0.499821 0.501208 0.499032 0.498668 0.499185 0.502288 0.502465 0.501248 0.50399 0.498714 0.498253 0.500583 0.498242 0.498298 
std_acc 0.0115798 0.0114007 0.0114647 0.0103744 0.00751049 0.00763025 0.00880718 0.00976524 0.0109278 0.0118308 0.0118175 0.0119475 0.0120908 0.0110605 0.0111742 0.0102356 0.00857601 0.0082015 0.00964387 0.00970812 
f1 0.425514 0.333761 0.385224 0.371645 0.447184 0.435796 0.420473 0.372441 0.395651 0.38338 0.362388 0.277395 0.265007 0.326515 0.237035 0.413516 0.462432 0.413872 0.436465 0.431204 
std_f1 0.304207 0.303726 0.295879 0.266403 0.179792 0.195938 0.224134 0.245551 0.272761 0.29898 0.313704 0.311266 0.318497 0.302722 0.299972 0.269486 0.211579 0.210015 0.241993 0.238048 
time 0.258561 0.258236 0.258383 0.258708 0.25803 0.257942 0.25704 0.257633 0.256909 0.257729 0.256958 0.257553 0.257526 0.256858 0.25662 0.25744 0.256747 0.257255 0.256514 0.257418 
std_time 0.00710541 0.00215506 0.000454005 0.00293458 0.000926225 0.000887842 0.000607171 0.000731636 0.000423164 0.00118071 0.00061298 0.000439313 0.00290872 0.000617694 0.000697619 0.000742126 0.000667071 0.000526516 0.000704946 0.00071043 
ASOP
que 0.296004 0.546912 0.723291 0.839736 0.906079 0.94596 0.967909 0.980941 0.988422 0.993155 0.996073 0.997863 0.998881 0.999428 0.999719 0.999856 0.999927 0.999963 0.999983 0.999992 
std_que 0.0144297 0.00921706 0.00783726 0.00466036 0.00268909 0.00149644 0.000746946 0.000811069 0.000451923 0.000411801 0.000238699 0.000140225 5.53619e-05 2.9291e-05 2.70054e-05 1.41539e-05 1.34367e-05 6.42839e-06 5.35768e-06 4.13072e-06 
acc 0.703227 0.684979 0.67573 0.669516 0.666562 0.664666 0.663718 0.663286 0.66268 0.662859 0.662558 0.662931 0.66266 0.662545 0.662729 0.66273 0.6628 0.662861 0.662831 0.662819 
std_acc 0.00356785 0.00223076 0.00152821 0.000735808 0.000610197 0.000566218 0.000551328 0.000403364 0.000481663 0.000466239 0.000461622 0.000451112 0.000434814 0.000509001 0.000471825 0.000649526 0.000438546 0.000446757 0.000349843 0.000425725 
f1 0.696838 0.678172 0.667964 0.661604 0.6583 0.656241 0.655236 0.654767 0.654124 0.654295 0.65398 0.654361 0.65408 0.653964 0.65415 0.654153 0.654223 0.654286 0.654256 0.654244 
std_f1 0.00410835 0.00139851 0.00133438 0.000740584 0.000643021 0.00058116 0.000557406 0.000420956 0.000491489 0.000478061 0.000472733 0.000463064 0.000443881 0.000521474 0.000483902 0.000666885 0.000449703 0.000457965 0.000359413 0.000435958 
time 8.51311 8.84831 9.08666 9.20703 9.28216 9.33351 9.34918 9.34814 9.34505 9.35903 9.35544 9.36586 9.36203 9.36329 9.3499 9.35574 9.3517 9.34564 9.34795 9.35457 
std_time 0.0339677 0.0162104 0.0360441 0.0210009 0.0289731 0.0268654 0.0288866 0.0279251 0.021428 0.0200474 0.0264123 0.0351965 0.0271695 0.0249344 0.0170015 0.02512 0.019369 0.0153626 0.0164959 0.0203907 
AROW
que 1 1 1 1 1 1 1 1 1 1 1 1 1 1 1 1 1 1 1 1 
std_que 0 0 0 0 0 0 0 0 0 0 0 0 0 0 0 0 0 0 0 0 
acc 0.756323 0.756323 0.756323 0.756323 0.756323 0.756323 0.756323 0.756323 0.756323 0.756323 0.756323 0.756323 0.756323 0.756323 0.756323 0.756323 0.756323 0.756323 0.756323 0.756323 
std_acc 0.0256224 0.0256224 0.0256224 0.0256224 0.0256224 0.0256224 0.0256224 0.0256224 0.0256224 0.0256224 0.0256224 0.0256224 0.0256224 0.0256224 0.0256224 0.0256224 0.0256224 0.0256224 0.0256224 0.0256224 
f1 0.757505 0.757505 0.757505 0.757505 0.757505 0.757505 0.757505 0.757505 0.757505 0.757505 0.757505 0.757505 0.757505 0.757505 0.757505 0.757505 0.757505 0.757505 0.757505 0.757505 
std_f1 0.0188634 0.0188634 0.0188634 0.0188634 0.0188634 0.0188634 0.0188634 0.0188634 0.0188634 0.0188634 0.0188634 0.0188634 0.0188634 0.0188634 0.0188634 0.0188634 0.0188634 0.0188634 0.0188634 0.0188634 
time 4.71074 4.71074 4.71074 4.71074 4.71074 4.71074 4.71074 4.71074 4.71074 4.71074 4.71074 4.71074 4.71074 4.71074 4.71074 4.71074 4.71074 4.71074 4.71074 4.71074 
std_time 0.216901 0.216901 0.216901 0.216901 0.216901 0.216901 0.216901 0.216901 0.216901 0.216901 0.216901 0.216901 0.216901 0.216901 0.216901 0.216901 0.216901 0.216901 0.216901 0.216901 
AAROW
que 0.000512038 0.00109232 0.00313358 0.00829312 0.0182 0.0336766 0.0696321 0.116954 0.218072 0.31352 0.449201 0.653934 0.784785 0.879145 0.934545 0.965066 0.964454 0.990926 0.995334 0.997724 
std_que 0.000205711 0.000603146 0.00136841 0.00218557 0.00571575 0.0120699 0.0115647 0.0311651 0.00461653 0.0882033 0.133501 0.0105986 0.0151042 0.00306454 0.00191931 0.00432752 0.0658847 0.000988747 0.00109728 0.000145791 
acc 0.606985 0.618235 0.669868 0.713568 0.718733 0.721722 0.752264 0.74311 0.765285 0.749789 0.741856 0.763342 0.762236 0.762663 0.762416 0.761529 0.746824 0.761293 0.760044 0.761422 
std_acc 0.0551814 0.074048 0.0703254 0.0387263 0.0775647 0.0707475 0.0205639 0.0460297 0.00506505 0.0468575 0.0616751 0.00392038 0.00640072 0.00159872 0.00112391 0.00365923 0.0453936 0.00277062 0.00816582 0.00171022 
f1 0.602217 0.609093 0.679216 0.719134 0.713152 0.717006 0.747042 0.738469 0.764143 0.749084 0.739964 0.761768 0.761436 0.761928 0.761787 0.761032 0.746808 0.760532 0.75915 0.760854 
std_f1 0.0897077 0.137491 0.0643784 0.0257736 0.0913888 0.0838256 0.0339763 0.0568788 0.00351916 0.0469427 0.0651431 0.00420821 0.00439337 0.00112478 0.000746743 0.00320795 0.0433188 0.00365694 0.00982896 0.00176371 
time 0.2258 0.229755 0.242047 0.275782 0.338826 0.43215 0.644507 0.904066 1.43983 1.88306 2.48379 3.37544 3.88741 4.23975 4.43568 4.53245 4.44931 4.6242 4.62985 4.65032 
std_time 0.00352197 0.00585747 0.00927243 0.015159 0.0374201 0.0759295 0.0739098 0.186874 0.0273535 0.480575 0.685286 0.0586322 0.0871515 0.0187146 0.0136379 0.0577733 0.511868 0.0257097 0.0694994 0.0136804 
AAROW2
que 0.0053597 0.00553242 0.00594471 0.0060997 0.00667017 0.00698918 0.00809519 0.0104306 0.0160107 0.0260781 0.0456161 0.0797378 0.137106 0.224111 0.336397 0.504137 0.640475 0.791156 0.848413 0.912485 
std_que 0.00148972 0.00155077 0.000641461 0.000399272 0.000535944 0.00064548 0.0008434 0.000985252 0.000789386 0.000920651 0.00129094 0.00232532 0.00233663 0.0019592 0.0516333 0.00125799 0.0852947 0.000822024 0.110927 0.100973 
acc 0.715007 0.718501 0.748734 0.760717 0.759325 0.758546 0.760674 0.761514 0.761129 0.762561 0.765471 0.765761 0.767045 0.766 0.761322 0.766177 0.759315 0.763814 0.750264 0.754254 
std_acc 0.076191 0.0739728 0.0266351 0.00549203 0.00612718 0.00916182 0.00676518 0.0073871 0.0046638 0.00564542 0.00462655 0.00352181 0.00323372 0.0100472 0.0258707 0.000226051 0.0224468 0.000278772 0.037627 0.034836 
f1 0.668139 0.673573 0.743075 0.756826 0.758021 0.754503 0.757845 0.758286 0.760412 0.760669 0.763211 0.764013 0.765005 0.765158 0.759029 0.764295 0.758562 0.762617 0.751908 0.74633 
std_f1 0.202506 0.18269 0.042555 0.00787598 0.00386126 0.0100376 0.00974968 0.00628952 0.00439932 0.00670751 0.00526539 0.00432739 0.00469595 0.00709989 0.0279794 0.000473445 0.0191542 0.000432303 0.0235352 0.0660117 
time 1.35124 1.34056 1.34537 1.34488 1.34778 1.34952 1.35576 1.36976 1.3982 1.45211 1.55212 1.72264 1.9946 2.37371 2.82609 3.47431 3.93639 4.46743 4.59176 4.79787 
std_time 0.056325 0.0107188 0.00815773 0.00287336 0.00422369 0.004345 0.00545674 0.0105516 0.00530171 0.00685771 0.00890636 0.0137764 0.0171147 0.00946088 0.246524 0.0094625 0.394681 0.0265499 0.507596 0.497902 
RAROW
que 0.00537794 0.00552458 0.00590306 0.0060744 0.00669057 0.00698901 0.00809751 0.0104491 0.0159642 0.0260265 0.0455559 0.0797726 0.13707 0.223925 0.336544 0.504143 0.64064 0.790995 0.848459 0.912337 
std_que 0.00151193 0.00155207 0.000642238 0.000445344 0.000498667 0.000637672 0.000832258 0.00103374 0.000763021 0.000883418 0.00131943 0.00229794 0.0024348 0.00188278 0.0515307 0.00145637 0.0853198 0.00110229 0.110843 0.100999 
acc 0.662788 0.663947 0.686814 0.688046 0.697705 0.676028 0.690167 0.696029 0.709447 0.715967 0.727619 0.738652 0.745476 0.751128 0.734357 0.760376 0.761086 0.754256 0.747808 0.748152 
std_acc 0.0725183 0.0764324 0.0525476 0.0616561 0.0563503 0.0521208 0.0656803 0.0668797 0.0437234 0.0535078 0.0554306 0.0380793 0.0344169 0.0339627 0.0567682 0.00386936 0.00196375 0.0325492 0.0337772 0.0406459 
f1 0.667407 0.661122 0.686018 0.686442 0.698888 0.669054 0.692667 0.683048 0.707843 0.711323 0.733908 0.736705 0.738014 0.752586 0.732275 0.759697 0.760646 0.750199 0.74896 0.741851 
std_f1 0.0707379 0.0931295 0.0654236 0.0566752 0.0464682 0.0617764 0.0560731 0.100113 0.0437178 0.0608979 0.0372282 0.0499163 0.0564911 0.0278485 0.0620471 0.00477096 0.00173232 0.0480904 0.0266427 0.060689 
time 0.249949 0.249697 0.251093 0.252508 0.25433 0.254494 0.26128 0.270675 0.294383 0.336446 0.422399 0.573629 0.827778 1.21895 1.69211 2.49335 3.10027 3.73748 3.91075 4.22137 
std_time 0.00839392 0.00778269 0.00357292 0.00281559 0.00295351 0.00353565 0.00526568 0.00567913 0.00692807 0.0102801 0.0155558 0.0243354 0.0390934 0.0613614 0.259296 0.0114742 0.382909 0.170382 0.593581 0.638976 
AROWC
que 1 1 1 1 1 1 1 1 1 1 1 1 1 1 1 1 1 1 1 1 
std_que 0 0 0 0 0 0 0 0 0 0 0 0 0 0 0 0 0 0 0 0 
acc 0.756434 0.756434 0.756434 0.756434 0.756434 0.756434 0.756434 0.756434 0.756434 0.756434 0.756434 0.756434 0.756434 0.756434 0.756434 0.756434 0.756434 0.756434 0.756434 0.756434 
std_acc 0.000223918 0.000223918 0.000223918 0.000223918 0.000223918 0.000223918 0.000223918 0.000223918 0.000223918 0.000223918 0.000223918 0.000223918 0.000223918 0.000223918 0.000223918 0.000223918 0.000223918 0.000223918 0.000223918 0.000223918 
f1 0.755342 0.755342 0.755342 0.755342 0.755342 0.755342 0.755342 0.755342 0.755342 0.755342 0.755342 0.755342 0.755342 0.755342 0.755342 0.755342 0.755342 0.755342 0.755342 0.755342 
std_f1 0.000348492 0.000348492 0.000348492 0.000348492 0.000348492 0.000348492 0.000348492 0.000348492 0.000348492 0.000348492 0.000348492 0.000348492 0.000348492 0.000348492 0.000348492 0.000348492 0.000348492 0.000348492 0.000348492 0.000348492 
time 7.1961 7.1961 7.1961 7.1961 7.1961 7.1961 7.1961 7.1961 7.1961 7.1961 7.1961 7.1961 7.1961 7.1961 7.1961 7.1961 7.1961 7.1961 7.1961 7.1961 
std_time 0.0168104 0.0168104 0.0168104 0.0168104 0.0168104 0.0168104 0.0168104 0.0168104 0.0168104 0.0168104 0.0168104 0.0168104 0.0168104 0.0168104 0.0168104 0.0168104 0.0168104 0.0168104 0.0168104 0.0168104 
