APE
que 0.000139285 0.000230247 0.000411126 0.000762656 0.00137898 0.00259377 0.00484596 0.00897018 0.016204 0.0299681 0.0560794 0.103221 0.184553 0.311863 0.477731 0.647899 0.78714 0.881101 0.936977 0.967455 
std_que 2.5435e-05 2.89322e-05 6.41151e-05 6.48023e-05 0.000115854 0.000103554 0.000138725 0.00016448 0.000199228 0.000371197 0.000396388 0.000465557 0.00078766 0.000576065 0.00079627 0.00054134 0.000480143 0.000351468 0.000232455 0.000182608 
acc 0.508562 0.513049 0.516203 0.521847 0.526143 0.535872 0.549677 0.563734 0.573828 0.580278 0.58442 0.585552 0.582702 0.576331 0.569496 0.563273 0.559173 0.556666 0.555427 0.554689 
std_acc 0.00845816 0.00935521 0.00747278 0.00578641 0.00486388 0.00295098 0.00426867 0.00262257 0.00219566 0.00121995 0.000911942 0.000694074 0.00074739 0.000448973 0.000446569 0.000397337 0.000451587 0.000473431 0.000466476 0.000477183 
f1 0.55681 0.57016 0.577747 0.587377 0.575495 0.586019 0.593078 0.607851 0.61495 0.619807 0.622307 0.62056 0.614917 0.606591 0.598082 0.590507 0.585619 0.582701 0.58119 0.580326 
std_f1 0.0630439 0.0745051 0.0540664 0.0400255 0.0309452 0.0135012 0.0136077 0.00650984 0.00547915 0.00370196 0.00270902 0.00121934 0.00116535 0.000685508 0.000581198 0.000423747 0.000461095 0.000449728 0.000434685 0.000450184 
time 0.523481 0.523495 0.526394 0.524397 0.525042 0.526359 0.526102 0.527477 0.528763 0.528279 0.529263 0.532144 0.535458 0.541441 0.549408 0.554022 0.556884 0.559163 0.560739 0.562207 
std_time 0.00247548 0.00314388 0.00709373 0.00156603 0.00142824 0.00270955 0.00155739 0.00284971 0.00693671 0.0022682 0.00111663 0.00262721 0.00117596 0.000929046 0.00259035 0.00202797 0.00103038 0.00118358 0.00099779 0.00161072 
APAII
que 0.000572958 0.00108441 0.00214559 0.00429028 0.00789913 0.0134392 0.0226253 0.0373259 0.0617094 0.101993 0.164732 0.255016 0.375547 0.519874 0.667106 0.791813 0.880365 0.935186 0.966141 0.9827 
std_que 0.000155065 0.00019276 0.000271228 0.000259748 0.000231529 0.000269009 0.000294075 0.000393927 0.000554403 0.000579427 0.000741695 0.000671483 0.000909591 0.0007829 0.000596687 0.000426581 0.000335022 0.000244447 0.000146476 0.000127176 
acc 0.521046 0.526428 0.538889 0.554013 0.572046 0.585349 0.595463 0.603723 0.609875 0.6158 0.620469 0.623625 0.62517 0.625106 0.624076 0.622931 0.621896 0.621259 0.62074 0.620622 
std_acc 0.00838554 0.00830341 0.00467981 0.00460994 0.00298539 0.00255796 0.00110646 0.000664133 0.000610487 0.000631023 0.000465007 0.000273507 0.000259346 0.000422929 0.000269089 0.000268501 0.000188135 0.000302798 0.000316127 0.00017547 
f1 0.606405 0.621276 0.632305 0.630531 0.641961 0.649597 0.654635 0.660746 0.664002 0.667141 0.669799 0.670685 0.670065 0.668496 0.66619 0.664298 0.662723 0.66178 0.661093 0.660899 
std_f1 0.0722674 0.0545409 0.0275487 0.0144325 0.00764247 0.00607314 0.00321979 0.00236954 0.00145001 0.00174051 0.000865175 0.000595047 0.000480088 0.000531727 0.000343321 0.000267306 0.000241316 0.000276956 0.00026804 0.000176076 
time 0.573378 0.573968 0.577061 0.576605 0.578515 0.578562 0.580996 0.584758 0.584302 0.589248 0.595057 0.603859 0.616568 0.630742 0.641312 0.650515 0.656555 0.660599 0.661917 0.662925 
std_time 0.00187368 0.00279767 0.00344331 0.00285063 0.00339378 0.00174905 0.00717902 0.00801048 0.00180261 0.00331646 0.00254314 0.000921738 0.0011 0.00323057 0.000853194 0.00123402 0.00108471 0.00200688 0.00081681 0.000624969 
ASOP
que 0.000929489 0.00253808 0.0123177 0.165838 0.514748 0.746633 0.871052 0.935416 0.96766 0.983792 0.991873 0.995954 0.997963 0.99898 0.999488 0.999743 0.99987 0.999937 0.999971 0.999985 
std_que 9.73109e-05 0.000287749 0.00183319 0.010821 0.00819531 0.00391509 0.00190323 0.00112995 0.000475814 0.000365213 0.000141625 9.29766e-05 4.93958e-05 3.26039e-05 1.97994e-05 1.60547e-05 1.2619e-05 6.75773e-06 4.87466e-06 4.02095e-06 
acc 0.55379 0.576787 0.598502 0.589764 0.573282 0.564662 0.560184 0.558181 0.557305 0.556809 0.556648 0.556644 0.556477 0.55641 0.556465 0.556437 0.55638 0.556464 0.556496 0.556484 
std_acc 0.00614172 0.00617782 0.0033895 0.00174953 0.00118445 0.000713346 0.000447297 0.000588487 0.000489715 0.000441308 0.000510797 0.00031263 0.000412983 0.000361487 0.000343991 0.000543077 0.000369201 0.000373832 0.000408941 0.000387023 
f1 0.593917 0.61714 0.638755 0.623537 0.602621 0.592396 0.586586 0.58391 0.582804 0.582217 0.581998 0.58197 0.581801 0.58173 0.581781 0.58175 0.581696 0.581777 0.581807 0.581794 
std_f1 0.0241984 0.0160808 0.0087691 0.00366431 0.00210169 0.00120322 0.000674794 0.000629713 0.000442383 0.000430552 0.00048156 0.000298208 0.000390596 0.00033985 0.000329277 0.000508193 0.000344137 0.000356591 0.000387801 0.000362581 
time 7.47689 7.48091 7.50204 7.61953 7.91707 8.1136 8.22365 8.28699 8.30701 8.31467 8.31886 8.32118 8.32245 8.32495 8.32449 8.32119 8.32379 8.3215 8.3225 8.32268 
std_time 0.0151838 0.0229732 0.0290588 0.016526 0.00870271 0.0139219 0.0134737 0.0308611 0.027723 0.0136914 0.00914683 0.00648584 0.00641464 0.010436 0.00870852 0.00278249 0.00500393 0.00471945 0.00406983 0.00297142 
AROW
que 1 1 1 1 1 1 1 1 1 1 1 1 1 1 1 1 1 1 1 1 
std_que 0 0 0 0 0 0 0 0 0 0 0 0 0 0 0 0 0 0 0 0 
acc 0.645692 0.645692 0.645692 0.645692 0.645692 0.645692 0.645692 0.645692 0.645692 0.645692 0.645692 0.645692 0.645692 0.645692 0.645692 0.645692 0.645692 0.645692 0.645692 0.645692 
std_acc 0.000134874 0.000134874 0.000134874 0.000134874 0.000134874 0.000134874 0.000134874 0.000134874 0.000134874 0.000134874 0.000134874 0.000134874 0.000134874 0.000134874 0.000134874 0.000134874 0.000134874 0.000134874 0.000134874 0.000134874 
f1 0.701861 0.701861 0.701861 0.701861 0.701861 0.701861 0.701861 0.701861 0.701861 0.701861 0.701861 0.701861 0.701861 0.701861 0.701861 0.701861 0.701861 0.701861 0.701861 0.701861 
std_f1 0.000354723 0.000354723 0.000354723 0.000354723 0.000354723 0.000354723 0.000354723 0.000354723 0.000354723 0.000354723 0.000354723 0.000354723 0.000354723 0.000354723 0.000354723 0.000354723 0.000354723 0.000354723 0.000354723 0.000354723 
time 6.04401 6.04401 6.04401 6.04401 6.04401 6.04401 6.04401 6.04401 6.04401 6.04401 6.04401 6.04401 6.04401 6.04401 6.04401 6.04401 6.04401 6.04401 6.04401 6.04401 
std_time 0.0127519 0.0127519 0.0127519 0.0127519 0.0127519 0.0127519 0.0127519 0.0127519 0.0127519 0.0127519 0.0127519 0.0127519 0.0127519 0.0127519 0.0127519 0.0127519 0.0127519 0.0127519 0.0127519 0.0127519 
AAROW
que 6.27326e-05 0.000128602 0.000262477 0.000663784 0.00161046 0.00372609 0.00750787 0.0137997 0.0247396 0.0435013 0.073714 0.123115 0.199034 0.308486 0.448686 0.602412 0.743196 0.848552 0.916807 0.956154 
std_que 1.64004e-05 2.99329e-05 5.14425e-05 7.8566e-05 0.000176937 0.000277069 0.000318364 0.000413287 0.000450658 0.00105441 0.000923863 0.000869134 0.000933232 0.000946415 0.000846028 0.000704556 0.000504172 0.000338497 0.000321005 0.000206174 
acc 0.507613 0.517317 0.537214 0.565544 0.589297 0.615022 0.630227 0.640962 0.647026 0.649476 0.651386 0.652187 0.652462 0.652107 0.651213 0.649957 0.648716 0.647451 0.646662 0.646232 
std_acc 0.0161411 0.0136597 0.0194693 0.00936477 0.00951433 0.00635269 0.00411259 0.00200265 0.00075595 0.000525264 0.000457762 0.00038057 0.000255095 0.000197115 0.000236121 0.000193639 0.000164851 0.000173463 0.000150338 0.000132381 
f1 0.499162 0.510916 0.563669 0.611733 0.637151 0.659015 0.675657 0.690411 0.694926 0.695665 0.697483 0.698306 0.699433 0.699725 0.699848 0.70039 0.700715 0.701099 0.701415 0.701609 
std_f1 0.161561 0.114584 0.0970904 0.0398554 0.0214903 0.0136384 0.00973787 0.00369875 0.00345953 0.00200365 0.00124702 0.00132257 0.000917009 0.000502475 0.000337179 0.000290381 0.0003253 0.000339879 0.000325752 0.000292037 
time 0.526699 0.529463 0.530362 0.532277 0.538665 0.553093 0.580663 0.620331 0.690948 0.809766 1.00031 1.3045 1.76341 2.40464 3.20044 4.03736 4.77972 5.32127 5.66482 5.86173 
std_time 0.00374989 0.00348272 0.00351423 0.00279027 0.00177614 0.00262852 0.0063655 0.00413907 0.0047949 0.00772917 0.00703898 0.00666357 0.0103188 0.00860594 0.0077309 0.00742479 0.00611056 0.0034268 0.00414153 0.00807046 
AAROW2
que 0.00759015 0.0077178 0.00833839 0.00992871 0.0139676 0.023448 0.0465397 0.0977657 0.200654 0.375806 0.603074 0.801117 0.916822 0.968594 0.988536 0.995932 0.998535 0.999482 0.999815 0.999938 
std_que 0.000262729 0.00035274 0.000355219 0.000381902 0.000479951 0.000715602 0.000959199 0.000829167 0.000760524 0.000669849 0.000777033 0.000377065 0.000250532 0.000156791 0.000121983 5.01481e-05 4.01038e-05 2.4017e-05 1.47971e-05 7.78707e-06 
acc 0.642504 0.642858 0.643469 0.644728 0.646661 0.649194 0.65126 0.65229 0.652567 0.651829 0.649949 0.648134 0.646726 0.646124 0.645816 0.645745 0.645701 0.645658 0.645668 0.645662 
std_acc 0.00256629 0.00307768 0.0025608 0.00215336 0.00184018 0.00112412 0.000646083 0.000302516 0.00024422 0.00022591 0.000146317 0.000174664 0.000164365 0.000135214 0.000160124 0.000188982 0.000144703 0.000196622 0.000147871 0.000147953 
f1 0.689474 0.688217 0.691211 0.690929 0.692401 0.695614 0.697633 0.698589 0.699296 0.699926 0.700412 0.700875 0.701413 0.701724 0.701748 0.701808 0.701754 0.701769 0.701831 0.701816 
std_f1 0.00545827 0.00626387 0.00488084 0.00403451 0.00455035 0.00301276 0.00236404 0.00142311 0.000934357 0.000308328 0.000306371 0.000362808 0.000354721 0.000302208 0.000223994 0.000302246 0.000306006 0.000351107 0.000354478 0.00026471 
time 2.82239 2.82482 2.82976 2.83052 2.84759 2.89372 2.99351 3.20998 3.62017 4.29719 5.13778 5.83816 6.22952 6.40246 6.46766 6.49364 6.4996 6.50402 6.50396 6.50456 
std_time 0.00409789 0.00946352 0.00997068 0.00339767 0.00252458 0.0147586 0.0187991 0.0185003 0.00792885 0.00657445 0.00465279 0.00864302 0.00860062 0.00571166 0.00514987 0.0132263 0.00334009 0.00809572 0.00260742 0.00493492 
RAROW
que 0.00755519 0.00773334 0.00836612 0.00990644 0.0139501 0.0234647 0.0465434 0.0977624 0.200661 0.375851 0.603098 0.801086 0.916738 0.968565 0.988535 0.995915 0.998537 0.999475 0.999815 0.999937 
std_que 0.000284848 0.000359845 0.00035847 0.000375664 0.000504952 0.000703389 0.000972042 0.000928811 0.000783816 0.000787794 0.000788762 0.000453159 0.000376903 0.000213936 0.000175984 8.10841e-05 5.4255e-05 3.5352e-05 1.68429e-05 9.25612e-06 
acc 0.630327 0.630737 0.631855 0.633752 0.636723 0.639377 0.642443 0.643914 0.644779 0.645206 0.645466 0.645663 0.645675 0.64572 0.645644 0.645684 0.64567 0.645649 0.645659 0.645662 
std_acc 0.00209412 0.00262223 0.00225598 0.00225647 0.00156283 0.00116196 0.000847317 0.000673382 0.000450454 0.000356879 0.000213774 0.000162697 0.000163319 0.000151458 0.000150994 0.000186309 0.000143253 0.000199048 0.000143014 0.00014684 
f1 0.678775 0.681693 0.681016 0.68471 0.688167 0.69368 0.696417 0.699107 0.700811 0.701025 0.701615 0.701548 0.701765 0.701908 0.701785 0.701825 0.701752 0.701766 0.701829 0.701816 
std_f1 0.00574344 0.00524636 0.00521906 0.00498663 0.00538772 0.00365376 0.00250045 0.00142522 0.00110621 0.000837808 0.000608449 0.000444482 0.000378649 0.000263845 0.000287538 0.000308617 0.000306966 0.000345323 0.000344486 0.000267112 
time 0.586605 0.589521 0.591642 0.599348 0.622258 0.675154 0.805062 1.09131 1.66604 2.64126 3.90094 4.9958 5.63476 5.92324 6.03261 6.07085 6.08967 6.09167 6.09376 6.09456 
std_time 0.00255828 0.00727722 0.00309009 0.00202038 0.00314251 0.00439098 0.00661307 0.00759627 0.0122409 0.00595033 0.00901929 0.00739525 0.00647103 0.00754854 0.00794165 0.00297376 0.00990191 0.00780775 0.00453027 0.00388521 
