/******************************************/
PAII_C	 Acc	 F1	 Max_Acc
0.03125	0.620293	0.660451	0.620293
0.0625	0.608717	0.646396	0.620293
0.125	0.594545	0.629195	0.620293
0.25	0.58066	0.612298	0.620293
0.5	0.569231	0.598347	0.620293
1	0.561368	0.588774	0.620293
2	0.556575	0.582967	0.620293
4	0.55358	0.579373	0.620293
8	0.552191	0.577749	0.620293
16	0.551697	0.577104	0.620293
32	0.551065	0.576381	0.620293
/******************************************/
Best PAII_C:	0.03125
/******************************************/
AROW_r	 AROW_eta	 Acc	 F1	 Max_Acc
0.03125	0.03125	0.609189	0.646507	0.609189
0.03125	0.0625	0.615594	0.671204	0.615594
0.03125	0.125	0.611495	0.662545	0.615594
0.03125	0.25	0.612019	0.64367	0.615594
0.03125	0.5	0.613604	0.666247	0.615594
0.03125	1	0.614149	0.6585	0.615594
0.03125	2	0.612331	0.659732	0.615594
0.03125	4	0.617182	0.668619	0.617182
0.03125	8	0.618426	0.661041	0.618426
0.03125	16	0.63431	0.685185	0.63431
0.03125	32	0.644317	0.697682	0.644317
0.0625	0.03125	0.618322	0.663893	0.644317
0.0625	0.0625	0.616373	0.672892	0.644317
0.0625	0.125	0.615979	0.658219	0.644317
0.0625	0.25	0.618352	0.662503	0.644317
0.0625	0.5	0.615477	0.650229	0.644317
0.0625	1	0.614559	0.656983	0.644317
0.0625	2	0.618205	0.6705	0.644317
0.0625	4	0.620622	0.663016	0.644317
0.0625	8	0.63453	0.684977	0.644317
0.0625	16	0.643707	0.696546	0.644317
0.0625	32	0.645566	0.701233	0.645566
0.125	0.03125	0.616882	0.651737	0.645566
0.125	0.0625	0.616999	0.638653	0.645566
0.125	0.125	0.61621	0.651746	0.645566
0.125	0.25	0.617956	0.680576	0.645566
0.125	0.5	0.618176	0.654314	0.645566
0.125	1	0.617946	0.660034	0.645566
0.125	2	0.619214	0.654589	0.645566
0.125	4	0.632895	0.687067	0.645566
0.125	8	0.64329	0.695757	0.645566
0.125	16	0.64562	0.700889	0.64562
0.125	32	0.645685	0.701905	0.645685
0.25	0.03125	0.621134	0.671669	0.645685
0.25	0.0625	0.620023	0.680024	0.645685
0.25	0.125	0.621594	0.667711	0.645685
0.25	0.25	0.618692	0.660717	0.645685
0.25	0.5	0.621504	0.677111	0.645685
0.25	1	0.618904	0.661458	0.645685
0.25	2	0.630702	0.677346	0.645685
0.25	4	0.64245	0.697561	0.645685
0.25	8	0.645324	0.700755	0.645685
0.25	16	0.645667	0.701622	0.645685
0.25	32	0.64558	0.701716	0.645685
0.5	0.03125	0.619675	0.651116	0.645685
0.5	0.0625	0.622663	0.669167	0.645685
0.5	0.125	0.623432	0.670744	0.645685
0.5	0.25	0.62161	0.679134	0.645685
0.5	0.5	0.623262	0.674757	0.645685
0.5	1	0.628924	0.676157	0.645685
0.5	2	0.641413	0.697061	0.645685
0.5	4	0.645016	0.700205	0.645685
0.5	8	0.645587	0.701791	0.645685
0.5	16	0.645529	0.701751	0.645685
0.5	32	0.645328	0.70143	0.645685
1	0.03125	0.62745	0.675893	0.645685
1	0.0625	0.623356	0.677344	0.645685
1	0.125	0.62281	0.672138	0.645685
1	0.25	0.624266	0.68257	0.645685
1	0.5	0.628903	0.678196	0.645685
1	1	0.639983	0.696357	0.645685
1	2	0.64459	0.700363	0.645685
1	4	0.645479	0.701577	0.645685
1	8	0.645532	0.701826	0.645685
1	16	0.645295	0.701446	0.645685
1	32	0.644916	0.700882	0.645685
2	0.03125	0.626407	0.690055	0.645685
2	0.0625	0.625245	0.684257	0.645685
2	0.125	0.62537	0.684721	0.645685
2	0.25	0.628626	0.687375	0.645685
2	0.5	0.638321	0.693858	0.645685
2	1	0.643841	0.700054	0.645685
2	2	0.645306	0.701529	0.645685
2	4	0.645454	0.701709	0.645685
2	8	0.645333	0.701425	0.645685
2	16	0.644882	0.700845	0.645685
2	32	0.644252	0.699856	0.645685
4	0.03125	0.626956	0.683385	0.645685
4	0.0625	0.62704	0.695386	0.645685
4	0.125	0.62787	0.691841	0.645685
4	0.25	0.635751	0.697105	0.645685
4	0.5	0.64233	0.700851	0.645685
4	1	0.644838	0.701354	0.645685
4	2	0.64538	0.701614	0.645685
4	4	0.645252	0.701415	0.645685
4	8	0.644925	0.700846	0.645685
4	16	0.644228	0.699812	0.645685
4	32	0.643093	0.698086	0.645685
8	0.03125	0.624791	0.690897	0.645685
8	0.0625	0.627907	0.690126	0.645685
8	0.125	0.634171	0.694766	0.645685
8	0.25	0.640759	0.698318	0.645685
8	0.5	0.644178	0.700697	0.645685
8	1	0.645079	0.701417	0.645685
8	2	0.64516	0.701335	0.645685
8	4	0.644904	0.700875	0.645685
8	8	0.644259	0.699868	0.645685
8	16	0.643106	0.698136	0.645685
8	32	0.641029	0.69503	0.645685
16	0.03125	0.623369	0.699362	0.645685
16	0.0625	0.629918	0.697836	0.645685
16	0.125	0.637816	0.699996	0.645685
16	0.25	0.642792	0.700179	0.645685
16	0.5	0.644621	0.701094	0.645685
16	1	0.645005	0.701235	0.645685
16	2	0.644879	0.700855	0.645685
16	4	0.644319	0.699977	0.645685
16	8	0.643144	0.698208	0.645685
16	16	0.641152	0.695161	0.645685
16	32	0.637588	0.689975	0.645685
32	0.03125	0.626718	0.697046	0.645685
32	0.0625	0.633781	0.701532	0.645685
32	0.125	0.640548	0.699807	0.645685
32	0.25	0.643639	0.700371	0.645685
32	0.5	0.644644	0.700956	0.645685
32	1	0.644677	0.700798	0.645685
32	2	0.6443	0.699977	0.645685
32	4	0.643209	0.698309	0.645685
32	8	0.641303	0.695384	0.645685
32	16	0.637872	0.69025	0.645685
32	32	0.632053	0.681879	0.645685
/******************************************/
Best AROW_r=0.125	 AROW_eta=32
