APE
que 0.00144497 0.00229096 0.00376785 0.00687352 0.0118282 0.0202344 0.0329571 0.056953 0.0960503 0.16612 0.279305 0.43508 0.609715 0.757947 0.862434 0.926535 0.96136 0.980449 0.990109 0.995002 
std_que 0.000333656 0.000822115 0.000647718 0.00143376 0.00152912 0.00165925 0.001712 0.00250834 0.00362381 0.00583313 0.00513081 0.0045981 0.00536135 0.00360526 0.00264506 0.00127694 0.000822021 0.000382226 0.000235 0.000183863 
acc 0.988034 0.988861 0.989521 0.98917 0.989282 0.989232 0.988929 0.988556 0.988127 0.987337 0.986526 0.985838 0.985121 0.984557 0.984159 0.984036 0.983928 0.983829 0.983849 0.983886 
std_acc 0.0042531 0.00172078 0.000686166 0.000747293 0.000469296 0.000415183 0.00032666 0.000281427 0.000211486 0.000214352 0.000200221 0.000216762 0.000209581 0.00014052 0.00015069 0.000158225 0.000125317 0.000105556 0.000131117 0.000137771 
f1 0.00228328 0.00249734 0.00221272 0.00398528 0.00903488 0.0186337 0.0357721 0.0547563 0.0759152 0.0975311 0.108157 0.118349 0.124899 0.128198 0.123713 0.127428 0.127587 0.125018 0.127291 0.130218 
std_f1 0.00272445 0.00291789 0.00220399 0.00317042 0.00900375 0.00840289 0.0126326 0.0133263 0.00675345 0.0100791 0.00858927 0.00960651 0.00865334 0.00584918 0.00689346 0.00898588 0.00763299 0.00511987 0.00679722 0.00747919 
time 0.0516895 0.0510631 0.051189 0.0513224 0.0511467 0.0514454 0.0515419 0.0512738 0.0513758 0.051425 0.0518361 0.0519946 0.0517876 0.051763 0.0516052 0.0521328 0.0516531 0.0513727 0.0513307 0.0515016 
std_time 0.00148995 0.000617862 0.000172176 0.00151445 0.000153795 0.000586134 0.00097083 0.000231828 0.000347252 0.000174877 0.000631136 0.000328666 0.000182473 0.00052785 0.000455888 0.00251846 0.000549274 0.000166396 0.000444762 0.000692259 
APAII
que 0.00152156 0.0024451 0.00416547 0.00771217 0.0143984 0.0279724 0.0539277 0.100628 0.179119 0.298649 0.453552 0.62126 0.764345 0.865398 0.927831 0.962549 0.980812 0.990379 0.995184 0.997538 
std_que 5.29162e-05 0.000118752 0.000179222 0.000192133 0.000448272 0.000548874 0.000591998 0.00089015 0.00145887 0.00204873 0.00231411 0.0019929 0.00147349 0.00081768 0.000770039 0.000355203 0.000342957 0.000256231 0.000164605 0.00013729 
acc 0.990701 0.990762 0.990788 0.99079 0.990802 0.9908 0.990802 0.990805 0.990794 0.990787 0.990787 0.990783 0.990774 0.990763 0.99077 0.990765 0.990758 0.990766 0.990767 0.990764 
std_acc 7.83996e-05 3.86859e-05 2.39042e-05 1.48964e-05 6.3504e-06 1.09575e-05 1.02715e-05 8.5331e-06 1.28285e-05 1.69434e-05 1.97236e-05 1.36738e-05 2.01299e-05 1.72561e-05 2.26193e-05 2.73383e-05 1.85502e-05 2.2529e-05 1.98163e-05 1.76989e-05 
f1 6.74764e-05 0 0 0 0 0 0.000138793 0.000692857 0.00179774 0.00248038 0.00461701 0.00475171 0.00495303 0.00487993 0.00529166 0.00535874 0.00501166 0.00522372 0.00549822 0.00569756 
std_f1 0.000294123 0 0 0 0 0 0.000416378 0.00102701 0.00124272 0.00255114 0.00227107 0.00227669 0.00226721 0.00175787 0.00238585 0.00237097 0.00189752 0.00210851 0.00149819 0.00294309 
time 0.0589497 0.0582961 0.0584833 0.0585698 0.0584549 0.0588489 0.0592315 0.0588485 0.059127 0.0594824 0.0602835 0.0600123 0.0597439 0.0597932 0.0597846 0.0598072 0.0598302 0.0596583 0.0597253 0.0599718 
std_time 0.00108545 0.000386449 0.000274421 0.00116706 0.000207596 0.000670722 0.00155403 0.000256092 0.000209382 0.000225581 0.000759381 0.00025498 0.000184387 0.000296218 0.000314686 0.000846678 0.000437644 0.000274064 0.000241305 0.000806672 
ASOP
que 0.00481998 0.00773259 0.0144331 0.0291449 0.0669038 0.213827 0.4717 0.685424 0.830073 0.907302 0.951298 0.975474 0.987711 0.993811 0.99681 0.998415 0.999214 0.999606 0.999813 0.999896 
std_que 0.00106927 0.0010608 0.00111728 0.00145509 0.00698017 0.015491 0.0111272 0.0116363 0.00666394 0.00357583 0.00222466 0.0011682 0.000533018 0.000285043 0.000190065 9.81577e-05 8.1182e-05 4.57845e-05 3.80208e-05 3.49636e-05 
acc 0.987365 0.988132 0.988411 0.988497 0.988385 0.987349 0.986062 0.985194 0.984689 0.984435 0.984395 0.984255 0.984243 0.984203 0.98418 0.984147 0.984162 0.984168 0.984151 0.984171 
std_acc 0.00219875 0.000838265 0.000587481 0.000328075 0.000308877 0.000212569 0.000177956 0.000195673 0.000171696 0.000162113 0.00015063 0.000161878 0.000145231 0.000111316 9.12766e-05 0.000142695 0.000110923 0.000117692 0.000141857 0.00011997 
f1 0.0223685 0.0430492 0.0635048 0.103954 0.125026 0.144396 0.144757 0.145112 0.145213 0.142602 0.147455 0.143052 0.144298 0.14303 0.141963 0.140641 0.141138 0.14166 0.140965 0.142189 
std_f1 0.0235966 0.0247521 0.0239233 0.0214443 0.015846 0.00840394 0.00680578 0.00705405 0.00754953 0.00793287 0.00826458 0.00860321 0.0075869 0.00602183 0.00508041 0.00785949 0.00608401 0.00650065 0.00760391 0.00636274 
time 0.5442 0.542584 0.542659 0.542832 0.543002 0.543971 0.54474 0.544957 0.54541 0.544975 0.545396 0.545491 0.544913 0.54533 0.545059 0.545131 0.545358 0.545067 0.54549 0.546006 
std_time 0.00246798 0.00141107 0.000420838 0.00054051 0.000543706 0.000531319 0.000977216 0.000740907 0.00150748 0.000442307 0.000824184 0.00148278 0.000274958 0.000707624 0.000527778 0.000615541 0.000480923 0.000346707 0.000700644 0.000581857 
AROW
que 1 1 1 1 1 1 1 1 1 1 1 1 1 1 1 1 1 1 1 1 
std_que 0 0 0 0 0 0 0 0 0 0 0 0 0 0 0 0 0 0 0 0 
acc 0.99081 0.99081 0.99081 0.99081 0.99081 0.99081 0.99081 0.99081 0.99081 0.99081 0.99081 0.99081 0.99081 0.99081 0.99081 0.99081 0.99081 0.99081 0.99081 0.99081 
std_acc 6.53222e-06 6.53222e-06 6.53222e-06 6.53222e-06 6.53222e-06 6.53222e-06 6.53222e-06 6.53222e-06 6.53222e-06 6.53222e-06 6.53222e-06 6.53222e-06 6.53222e-06 6.53222e-06 6.53222e-06 6.53222e-06 6.53222e-06 6.53222e-06 6.53222e-06 6.53222e-06 
f1 6.92521e-05 6.92521e-05 6.92521e-05 6.92521e-05 6.92521e-05 6.92521e-05 6.92521e-05 6.92521e-05 6.92521e-05 6.92521e-05 6.92521e-05 6.92521e-05 6.92521e-05 6.92521e-05 6.92521e-05 6.92521e-05 6.92521e-05 6.92521e-05 6.92521e-05 6.92521e-05 
std_f1 0.000301863 0.000301863 0.000301863 0.000301863 0.000301863 0.000301863 0.000301863 0.000301863 0.000301863 0.000301863 0.000301863 0.000301863 0.000301863 0.000301863 0.000301863 0.000301863 0.000301863 0.000301863 0.000301863 0.000301863 
time 0.0587181 0.0587181 0.0587181 0.0587181 0.0587181 0.0587181 0.0587181 0.0587181 0.0587181 0.0587181 0.0587181 0.0587181 0.0587181 0.0587181 0.0587181 0.0587181 0.0587181 0.0587181 0.0587181 0.0587181 
std_time 0.00149127 0.00149127 0.00149127 0.00149127 0.00149127 0.00149127 0.00149127 0.00149127 0.00149127 0.00149127 0.00149127 0.00149127 0.00149127 0.00149127 0.00149127 0.00149127 0.00149127 0.00149127 0.00149127 0.00149127 
AAROW
que 0.000900237 0.0015956 0.00302685 0.00603838 0.0120117 0.0241682 0.0481951 0.0941572 0.177879 0.3085 0.477525 0.650541 0.789864 0.882827 0.937937 0.968107 0.983759 0.991825 0.995921 0.997909 
std_que 6.45687e-05 9.82764e-05 0.000161512 0.000237017 0.000366896 0.000463926 0.000956946 0.00124777 0.00185946 0.00218749 0.00214361 0.00164951 0.00135283 0.000773838 0.00070068 0.000299102 0.00030903 0.000232488 0.000107662 0.000123994 
acc 0.990505 0.990648 0.99075 0.990763 0.990785 0.990799 0.990801 0.990804 0.990808 0.990805 0.99081 0.990809 0.99081 0.990809 0.990809 0.990808 0.990813 0.990811 0.99081 0.990808 
std_acc 0.000424917 0.000125415 6.15785e-05 3.58708e-05 1.5876e-05 1.2998e-05 1.0463e-05 1.43993e-05 7.97161e-06 8.86096e-06 5.44377e-06 5.13575e-06 4.63548e-06 5.33989e-06 6.38239e-06 7.35362e-06 4.28144e-06 4.77615e-06 6.96237e-06 7.07122e-06 
f1 0.000191429 0 0 0 0 0 0 6.8918e-05 6.92521e-05 0 0 0 6.93001e-05 0 0 0 0 0 0 0 
std_f1 0.000457441 0 0 0 0 0 0 0.000300407 0.000301863 0 0 0 0.000302072 0 0 0 0 0 0 0 
time 0.0515075 0.0515005 0.0516169 0.0515131 0.0516323 0.0519839 0.0523281 0.0527525 0.0538515 0.054874 0.0570038 0.058312 0.0591199 0.0601452 0.0602521 0.0605525 0.0606727 0.060658 0.060798 0.0609183 
std_time 0.00132463 0.000825081 0.000267308 0.000345792 0.000269125 0.000266778 0.000499622 0.000567335 0.000831422 0.000299652 0.000432984 0.000734669 0.000221289 0.00124878 0.000317891 0.000397275 0.000282856 0.000241381 0.000250942 0.000353904 
AAROW2
que 0.00014488 0.000182217 0.00025019 0.000367945 0.000600264 0.000986718 0.00175899 0.00337022 0.006713 0.0131924 0.0259684 0.0509251 0.0979564 0.181838 0.313864 0.484185 0.654552 0.792183 0.884188 0.938996 
std_que 1.45681e-05 2.30541e-05 2.20724e-05 2.39892e-05 6.84279e-05 8.2981e-05 0.000157225 0.000204421 0.000201744 0.0003402 0.000569283 0.000965313 0.00130996 0.00165079 0.0011627 0.00202533 0.00104827 0.00131598 0.000999234 0.000572007 
acc 0.990806 0.99081 0.990811 0.990808 0.990807 0.990808 0.990806 0.990808 0.990808 0.990806 0.990808 0.990808 0.990809 0.990809 0.990809 0.990807 0.990812 0.990811 0.990809 0.990808 
std_acc 9.1382e-06 5.30162e-06 7.16422e-06 5.66381e-06 9.48811e-06 5.18508e-06 5.5181e-06 9.43969e-06 7.16422e-06 8.44311e-06 5.05581e-06 5.05581e-06 6.83691e-06 5.87562e-06 6.05487e-06 8.6575e-06 4.69008e-06 4.77615e-06 6.69391e-06 7.07122e-06 
f1 6.90608e-05 0 0 0 0 0 0 6.90608e-05 6.91563e-05 0 0 0 6.93481e-05 0 0 0 0 0 0 0 
std_f1 0.000301029 0 0 0 0 0 0 0.000301029 0.000301445 0 0 0 0.000302281 0 0 0 0 0 0 0 
time 0.184956 0.185191 0.185232 0.18514 0.185237 0.185627 0.185338 0.185278 0.185352 0.185223 0.185877 0.18582 0.186005 0.186774 0.188124 0.189185 0.190267 0.190811 0.191568 0.19234 
std_time 0.000784085 0.000604802 0.000288185 0.000381526 0.000513287 0.00119991 0.00031733 0.000429483 0.00043911 0.000337171 0.00124552 0.000794843 0.000302444 0.000686321 0.00117787 0.00027063 0.000625806 0.000382674 0.00115143 0.00182277 
RAROW
que 0.000144242 0.000187962 0.000249552 0.000364116 0.000615901 0.000984484 0.00176154 0.00342607 0.00683427 0.0132604 0.0259218 0.0508715 0.0979426 0.181668 0.313518 0.484515 0.65451 0.792146 0.883909 0.939192 
std_que 3.23179e-05 6.13333e-05 4.38438e-05 5.51431e-05 0.000143646 0.000162956 0.000282085 0.000313678 0.000383032 0.000565274 0.000864713 0.00129295 0.00176108 0.00234578 0.00166767 0.0031117 0.00182175 0.00236699 0.00184289 0.00105017 
acc 0.914972 0.914715 0.943845 0.957512 0.971862 0.974503 0.983283 0.986853 0.989267 0.990016 0.990389 0.990574 0.990691 0.99075 0.99078 0.990796 0.990805 0.990807 0.990808 0.990808 
std_acc 0.0544609 0.0747859 0.0266333 0.0134818 0.0137442 0.00791127 0.00645916 0.00288148 0.000863268 0.000439484 0.000267017 0.000130268 6.1167e-05 3.38989e-05 1.97132e-05 1.29666e-05 8.38866e-06 5.44377e-06 8.38866e-06 7.16422e-06 
f1 0.00866704 0.00916841 0.00734933 0.0074075 0.00519991 0.0076793 0.00408891 0.00321378 0.00160248 0.000879145 0.000463234 0.000534905 0.000272082 6.87758e-05 6.88705e-05 0 0 0 0 0 
std_f1 0.00403847 0.00365331 0.00437197 0.00371435 0.00371298 0.00381772 0.00325637 0.00296958 0.0021447 0.00124777 0.000756497 0.000776324 0.00054419 0.000299787 0.0003002 0 0 0 0 0 
time 0.0528543 0.0527472 0.0528118 0.0525239 0.052678 0.0530041 0.052732 0.0526562 0.0528179 0.0527309 0.0532999 0.0533288 0.0536798 0.054886 0.0562605 0.0585021 0.0596156 0.0602212 0.0611935 0.0619988 
std_time 0.00103542 0.000888392 0.000269074 0.000301995 0.000347641 0.000747667 0.000398328 0.000334516 0.000857858 0.00030225 0.000791814 0.000521353 0.00063576 0.00107105 0.00131408 0.00314511 0.00163606 0.000337461 0.00116503 0.00118407 
AROWC
que 1 1 1 1 1 1 1 1 1 1 1 1 1 1 1 1 1 1 1 1 
std_que 0 0 0 0 0 0 0 0 0 0 0 0 0 0 0 0 0 0 0 0 
acc 0.99081 0.99081 0.99081 0.99081 0.99081 0.99081 0.99081 0.99081 0.99081 0.99081 0.99081 0.99081 0.99081 0.99081 0.99081 0.99081 0.99081 0.99081 0.99081 0.99081 
std_acc 5.87562e-06 5.87562e-06 5.87562e-06 5.87562e-06 5.87562e-06 5.87562e-06 5.87562e-06 5.87562e-06 5.87562e-06 5.87562e-06 5.87562e-06 5.87562e-06 5.87562e-06 5.87562e-06 5.87562e-06 5.87562e-06 5.87562e-06 5.87562e-06 5.87562e-06 5.87562e-06 
f1 6.93001e-05 6.93001e-05 6.93001e-05 6.93001e-05 6.93001e-05 6.93001e-05 6.93001e-05 6.93001e-05 6.93001e-05 6.93001e-05 6.93001e-05 6.93001e-05 6.93001e-05 6.93001e-05 6.93001e-05 6.93001e-05 6.93001e-05 6.93001e-05 6.93001e-05 6.93001e-05 
std_f1 0.000302072 0.000302072 0.000302072 0.000302072 0.000302072 0.000302072 0.000302072 0.000302072 0.000302072 0.000302072 0.000302072 0.000302072 0.000302072 0.000302072 0.000302072 0.000302072 0.000302072 0.000302072 0.000302072 0.000302072 
time 0.202271 0.202271 0.202271 0.202271 0.202271 0.202271 0.202271 0.202271 0.202271 0.202271 0.202271 0.202271 0.202271 0.202271 0.202271 0.202271 0.202271 0.202271 0.202271 0.202271 
std_time 0.00703288 0.00703288 0.00703288 0.00703288 0.00703288 0.00703288 0.00703288 0.00703288 0.00703288 0.00703288 0.00703288 0.00703288 0.00703288 0.00703288 0.00703288 0.00703288 0.00703288 0.00703288 0.00703288 0.00703288 
