/******************************************/
PAI_C	 Acc	 F1	 Max_Acc
0.03125	0.990804	0	0.990804
0.0625	0.990799	0	0.990804
0.125	0.990814	0	0.990814
0.25	0.990804	0	0.990814
0.5	0.990592	0.0197974	0.990814
1	0.989099	0.102925	0.990814
2	0.986274	0.143944	0.990814
4	0.982722	0.134887	0.990814
8	0.98115	0.132733	0.990814
16	0.981164	0.136108	0.990814
32	0.981091	0.135304	0.990814
/******************************************/
/******************************************/
PAI_C	 Acc	 F1	 Max_Acc
0.03125	0.990763	0.00577121	0.990763
0.0625	0.990599	0.0257867	0.990763
0.125	0.989925	0.0397249	0.990763
0.25	0.988897	0.103	0.990763
0.5	0.986897	0.119414	0.990763
1	0.985182	0.1405	0.990763
2	0.983521	0.139869	0.990763
4	0.982613	0.142631	0.990763
8	0.982022	0.141718	0.990763
16	0.981635	0.140917	0.990763
32	0.981378	0.135294	0.990763
/******************************************/
/******************************************/
PAI_C	 Acc	 F1	 Max_Acc
0.03125	0.03125	0.99006	0.00228577	0.99006
0.03125	0.0625	0.990515	0.000201207	0.990515
0.03125	0.125	0.990357	6.71592e-05	0.990515
0.03125	0.25	0.990501	0.000327402	0.990515
0.03125	0.5	0.990627	0.000137646	0.990627
0.03125	1	0.990663	0.000272681	0.990663
0.03125	2	0.990687	0.00013468	0.990687
0.03125	4	0.990688	0	0.990688
0.03125	8	0.990759	0	0.990759
0.03125	16	0.990785	0	0.990785
0.03125	32	0.990777	0	0.990785
0.0625	0.03125	0.990577	0.000126263	0.990785
0.0625	0.0625	0.990728	0.000272109	0.990785
0.0625	0.125	0.990613	0.000467017	0.990785
0.0625	0.25	0.990751	0	0.990785
0.0625	0.5	0.99068	0	0.990785
0.0625	1	0.990708	0.000268456	0.990785
0.0625	2	0.990759	0.000345543	0.990785
0.0625	4	0.990801	0	0.990801
0.0625	8	0.9908	0	0.990801
0.0625	16	0.990804	0	0.990804
0.0625	32	0.990803	0.000831601	0.990804
0.125	0.03125	0.990788	0.000137268	0.990804
0.125	0.0625	0.990769	0.000135135	0.990804
0.125	0.125	0.990792	0	0.990804
0.125	0.25	0.990784	0	0.990804
0.125	0.5	0.990772	0	0.990804
0.125	1	0.99078	0	0.990804
0.125	2	0.990809	0	0.990809
0.125	4	0.990808	0	0.990809
0.125	8	0.990803	0	0.990809
0.125	16	0.990788	0	0.990809
0.125	32	0.990723	0.00301334	0.990809
0.25	0.03125	0.990798	0	0.990809
0.25	0.0625	0.990801	0	0.990809
0.25	0.125	0.990805	0	0.990809
0.25	0.25	0.990809	0	0.990809
0.25	0.5	0.990802	0	0.990809
0.25	1	0.990775	0	0.990809
0.25	2	0.990799	0	0.990809
0.25	4	0.990806	0	0.990809
0.25	8	0.990795	0.00138485	0.990809
0.25	16	0.990754	0.00206541	0.990809
0.25	32	0.990681	0.0145678	0.990809
0.5	0.03125	0.990808	0	0.990809
0.5	0.0625	0.990807	0	0.990809
0.5	0.125	0.990793	0.000137552	0.990809
0.5	0.25	0.990809	0	0.990809
0.5	0.5	0.990802	0	0.990809
0.5	1	0.990806	0	0.990809
0.5	2	0.99081	0	0.99081
0.5	4	0.990809	0	0.99081
0.5	8	0.99077	0.00165631	0.99081
0.5	16	0.990671	0.00874655	0.99081
0.5	32	0.990521	0.0175883	0.99081
1	0.03125	0.990807	0	0.99081
1	0.0625	0.990808	0.0001386	0.99081
1	0.125	0.990806	0	0.99081
1	0.25	0.990809	0	0.99081
1	0.5	0.990799	0	0.99081
1	1	0.990809	0	0.99081
1	2	0.990812	0	0.990812
1	4	0.990771	0	0.990812
1	8	0.990744	0.00480111	0.990812
1	16	0.990574	0.0152025	0.990812
1	32	0.9902	0.0288146	0.990812
2	0.03125	0.990809	0	0.990812
2	0.0625	0.990808	0	0.990812
2	0.125	0.990809	0	0.990812
2	0.25	0.990809	0	0.990812
2	0.5	0.990815	0	0.990815
2	1	0.990814	0	0.990815
2	2	0.990786	0	0.990815
2	4	0.990748	0.00330124	0.990815
2	8	0.990586	0.0117256	0.990815
2	16	0.99032	0.0210332	0.990815
2	32	0.989769	0.0592574	0.990815
4	0.03125	0.99081	0	0.990815
4	0.0625	0.990812	0	0.990815
4	0.125	0.990804	0	0.990815
4	0.25	0.990814	0	0.990815
4	0.5	0.990805	0	0.990815
4	1	0.990809	0	0.990815
4	2	0.99078	0.000898411	0.990815
4	4	0.990702	0.00978852	0.990815
4	8	0.990533	0.0378691	0.990815
4	16	0.989918	0.0561641	0.990815
4	32	0.989057	0.100437	0.990815
8	0.03125	0.990806	0	0.990815
8	0.0625	0.990814	0	0.990815
8	0.125	0.990813	0	0.990815
8	0.25	0.990807	0	0.990815
8	0.5	0.990809	0	0.990815
8	1	0.990797	0.00138514	0.990815
8	2	0.990718	0.00376811	0.990815
8	4	0.990518	0.0268317	0.990815
8	8	0.990071	0.0496008	0.990815
8	16	0.98899	0.0829515	0.990815
8	32	0.987866	0.115058	0.990815
16	0.03125	0.990811	0	0.990815
16	0.0625	0.990803	0	0.990815
16	0.125	0.990803	0	0.990815
16	0.25	0.990809	0	0.990815
16	0.5	0.990814	0	0.990815
16	1	0.990808	0.000621977	0.990815
16	2	0.990641	0.00912313	0.990815
16	4	0.990246	0.0344604	0.990815
16	8	0.989284	0.0779865	0.990815
16	16	0.988166	0.119086	0.990815
16	32	0.986854	0.125764	0.990815
32	0.03125	0.99081	0	0.990815
32	0.0625	0.990809	0.000416089	0.990815
32	0.125	0.990813	0.000693481	0.990815
32	0.25	0.990812	0	0.990815
32	0.5	0.990813	0	0.990815
32	1	0.990758	0.00446581	0.990815
32	2	0.990437	0.0186029	0.990815
32	4	0.989643	0.067849	0.990815
32	8	0.98855	0.111554	0.990815
32	16	0.987004	0.128782	0.990815
32	32	0.985926	0.131398	0.990815
/******************************************/
/******************************************/
PAI_C	 Acc	 F1	 Max_Acc
0.03125	0.99081	0	0.99081
0.0625	0.990809	0	0.99081
0.125	0.990811	0	0.990811
0.25	0.99081	0	0.990811
0.5	0.990808	0	0.990811
1	0.990809	0	0.990811
2	0.990807	0	0.990811
4	0.990805	0	0.990811
8	0.990809	0	0.990811
16	0.990806	0	0.990811
32	0.990813	0	0.990813
/******************************************/

Best PAI_C: 	0.125
Best PAII_C:	0.03125
Best AROW_r=2	 AROW_eta=0.5
Best AROWC_r=32
