APE
que 2.42905e-06 2.53026e-06 2.9351e-06 2.53026e-06 2.32784e-06 2.83389e-06 2.42905e-06 4.14962e-06 4.75688e-06 8.50166e-06 7.79319e-06 1.81166e-05 3.29945e-05 6.05237e-05 0.000118011 0.000202117 0.000357981 0.000697845 0.00109256 0.00161309 
std_que 1.03215e-06 1.08536e-06 1.97035e-06 8.76507e-07 9.65484e-07 1.1803e-06 1.03215e-06 2.43536e-06 2.6605e-06 6.54667e-06 6.50507e-06 1.50047e-05 1.93214e-05 2.1791e-05 3.09584e-05 6.11306e-05 6.89695e-05 0.000162204 0.000169891 0.000387593 
acc 0.803088 0.803088 0.804052 0.803088 0.803088 0.788071 0.803088 0.764811 0.787499 0.767749 0.786727 0.798669 0.849735 0.878324 0.927737 0.927864 0.951128 0.974623 0.976513 0.954302 
std_acc 1.03215e-06 1.08536e-06 0.00420287 8.76507e-07 6.07262e-07 0.0531431 6.07262e-07 0.0945004 0.112478 0.111257 0.0883985 0.126546 0.0933808 0.0629351 0.0495069 0.0499579 0.0604319 0.00585463 0.00504139 0.0467661 
f1 4.11182e-06 5.13978e-06 0.0109348 5.1398e-06 2.05592e-06 0.0537204 2.05592e-06 0.0538264 0.155748 0.172037 0.103506 0.309417 0.464059 0.623222 0.790972 0.825197 0.890275 0.936276 0.940975 0.852131 
std_f1 1.04831e-05 1.10236e-05 0.0476401 8.9024e-06 6.16776e-06 0.128327 6.16776e-06 0.128348 0.264122 0.248642 0.222112 0.293352 0.307446 0.253587 0.16347 0.0915994 0.103774 0.0148184 0.0127603 0.205822 
time 0.184501 0.183445 0.183319 0.183237 0.183499 0.183047 0.18331 0.183203 0.183218 0.183571 0.183103 0.183387 0.18351 0.183651 0.183539 0.183642 0.183725 0.183283 0.183643 0.183721 
std_time 0.00110278 0.000420381 0.000354393 0.000417971 0.000405841 0.000289312 0.000549684 0.000404074 0.000404006 0.00114105 0.000334268 0.000437408 0.000413118 0.000385385 0.000327218 0.00034031 0.00109222 0.000233119 0.000851425 0.000385604 
APAII
que 5.16172e-06 8.29924e-06 9.61498e-06 9.91861e-06 1.02222e-05 1.44731e-05 1.42706e-05 1.50803e-05 1.7813e-05 1.923e-05 1.71045e-05 2.46953e-05 2.2165e-05 2.2165e-05 3.92696e-05 2.23675e-05 2.73268e-05 3.3197e-05 2.6011e-05 2.54038e-05 
std_que 1.75009e-06 3.61535e-06 7.29487e-06 8.04351e-06 7.22715e-06 1.10551e-05 9.48303e-06 7.6673e-06 1.00316e-05 1.26654e-05 1.29371e-05 2.32792e-05 2.01962e-05 9.71777e-06 6.4516e-05 9.65431e-06 1.49914e-05 3.28234e-05 1.00453e-05 1.53156e-05 
acc 0.626909 0.547162 0.600584 0.615088 0.527585 0.605109 0.664341 0.672007 0.639754 0.668453 0.705986 0.632492 0.660091 0.610815 0.563216 0.694509 0.605739 0.571517 0.594361 0.697838 
std_acc 0.214575 0.20775 0.17465 0.239191 0.25342 0.213194 0.226027 0.21062 0.208865 0.212323 0.148441 0.187296 0.197596 0.192592 0.256487 0.183061 0.205181 0.241668 0.248226 0.148411 
f1 0.223041 0.318827 0.303043 0.335149 0.306141 0.328441 0.376423 0.284534 0.319767 0.174928 0.260361 0.262122 0.266503 0.284374 0.276821 0.293767 0.330626 0.245564 0.278855 0.183282 
std_f1 0.176831 0.156362 0.126084 0.14974 0.177521 0.177749 0.245408 0.200993 0.156207 0.163027 0.158747 0.173662 0.221557 0.165729 0.166639 0.206722 0.161723 0.155625 0.1962 0.14543 
time 0.205451 0.205009 0.204936 0.204734 0.204939 0.204444 0.204874 0.204617 0.204508 0.204917 0.204749 0.204816 0.204636 0.205316 0.204728 0.204861 0.205133 0.204874 0.205678 0.204743 
std_time 0.00131851 0.000569065 0.00069711 0.000468786 0.000487451 0.00041832 0.000448819 0.000352833 0.000474622 0.00101931 0.000519795 0.000644914 0.000421656 0.00138126 0.000591718 0.000688075 0.00176543 0.00122281 0.00198082 0.000597163 
ASOP
que 0.00217865 0.0043902 0.00932896 0.0185568 0.0422095 0.119601 0.327442 0.571585 0.750009 0.866103 0.925079 0.960383 0.979923 0.989794 0.994729 0.997386 0.998635 0.999343 0.999672 0.999835 
std_que 0.000258516 0.000868253 0.00181102 0.00343035 0.00689121 0.0186915 0.0191418 0.0241288 0.0205675 0.010158 0.00505553 0.00236628 0.00122366 0.000873256 0.000452841 0.000210421 0.000106359 5.38431e-05 3.39958e-05 1.70935e-05 
acc 0.993079 0.994065 0.99485 0.995675 0.99602 0.996084 0.995457 0.994861 0.994455 0.994203 0.994086 0.993994 0.993968 0.993941 0.993948 0.993949 0.993955 0.993937 0.993915 0.993942 
std_acc 0.000923385 0.000890534 0.00052215 0.00038309 0.000391658 0.000271743 0.000118269 0.000161229 0.000125875 0.000116803 0.000135397 8.51825e-05 9.16705e-05 0.000102612 9.54062e-05 9.05896e-05 9.4536e-05 9.38364e-05 8.88967e-05 0.000102867 
f1 0.982503 0.984987 0.986955 0.989035 0.989903 0.99006 0.988463 0.986946 0.985913 0.98527 0.984974 0.984739 0.984671 0.984603 0.984622 0.984623 0.984639 0.984594 0.984538 0.984607 
std_f1 0.00231585 0.00223444 0.00130915 0.00096578 0.000989899 0.000691958 0.000301315 0.000411005 0.000320377 0.000296835 0.000344176 0.000216478 0.000233044 0.000260925 0.000242585 0.000230434 0.000240393 0.000238711 0.000225937 0.000261548 
time 4.44293 4.44243 4.44241 4.44254 4.44411 4.44424 4.44736 4.44851 4.45141 4.45508 4.45307 4.4534 4.45345 4.45334 4.45463 4.45268 4.45268 4.45308 4.45522 4.45781 
std_time 0.00858688 0.00334826 0.0031092 0.00276743 0.0081145 0.00233665 0.00250978 0.00257437 0.00234094 0.00840204 0.00266732 0.00247721 0.00294502 0.00262153 0.00795458 0.00235549 0.00272486 0.00292587 0.00277655 0.00711152 
AROW
que 1 1 1 1 1 1 1 1 1 1 1 1 1 1 1 1 1 1 1 1 
std_que 0 0 0 0 0 0 0 0 0 0 0 0 0 0 0 0 0 0 0 0 
acc 0.971336 0.971336 0.971336 0.971336 0.971336 0.971336 0.971336 0.971336 0.971336 0.971336 0.971336 0.971336 0.971336 0.971336 0.971336 0.971336 0.971336 0.971336 0.971336 0.971336 
std_acc 0.0230186 0.0230186 0.0230186 0.0230186 0.0230186 0.0230186 0.0230186 0.0230186 0.0230186 0.0230186 0.0230186 0.0230186 0.0230186 0.0230186 0.0230186 0.0230186 0.0230186 0.0230186 0.0230186 0.0230186 
f1 0.920787 0.920787 0.920787 0.920787 0.920787 0.920787 0.920787 0.920787 0.920787 0.920787 0.920787 0.920787 0.920787 0.920787 0.920787 0.920787 0.920787 0.920787 0.920787 0.920787 
std_f1 0.0718461 0.0718461 0.0718461 0.0718461 0.0718461 0.0718461 0.0718461 0.0718461 0.0718461 0.0718461 0.0718461 0.0718461 0.0718461 0.0718461 0.0718461 0.0718461 0.0718461 0.0718461 0.0718461 0.0718461 
time 0.30242 0.30242 0.30242 0.30242 0.30242 0.30242 0.30242 0.30242 0.30242 0.30242 0.30242 0.30242 0.30242 0.30242 0.30242 0.30242 0.30242 0.30242 0.30242 0.30242 
std_time 0.0996297 0.0996297 0.0996297 0.0996297 0.0996297 0.0996297 0.0996297 0.0996297 0.0996297 0.0996297 0.0996297 0.0996297 0.0996297 0.0996297 0.0996297 0.0996297 0.0996297 0.0996297 0.0996297 0.0996297 
AAROW
que 1.0121e-05 1.5384e-05 1.63961e-05 3.04643e-05 4.77712e-05 8.76481e-05 0.000154548 0.000405752 0.000615763 0.00114833 0.00320229 0.00757943 0.0167197 0.0468748 0.125563 0.213032 0.448418 0.631407 0.610293 0.753042 
std_que 3.38714e-06 8.57365e-06 7.65192e-06 1.13694e-05 2.942e-05 3.70496e-05 7.81099e-05 0.000173957 0.000224074 0.000522545 0.000840849 0.00413155 0.00906441 0.0220099 0.0561346 0.15395 0.161956 0.189696 0.298986 0.239185 
acc 0.777942 0.823744 0.698267 0.769431 0.759843 0.840936 0.788552 0.906826 0.863456 0.836389 0.970836 0.928374 0.956118 0.926391 0.958872 0.947792 0.990579 0.96619 0.926161 0.956635 
std_acc 0.0804949 0.100917 0.18741 0.200116 0.138923 0.193889 0.209642 0.118152 0.152962 0.235613 0.038949 0.155839 0.123238 0.151498 0.117745 0.13144 0.0046848 0.0892587 0.155725 0.102567 
f1 0.447718 0.511312 0.482456 0.58553 0.572741 0.742891 0.639833 0.819903 0.752808 0.786976 0.927316 0.88596 0.93201 0.883699 0.93775 0.906581 0.976195 0.934527 0.881765 0.917127 
std_f1 0.176795 0.23433 0.144819 0.187274 0.140542 0.18138 0.271984 0.145276 0.225437 0.25587 0.0968512 0.19485 0.124541 0.181502 0.129087 0.150814 0.0119464 0.146134 0.179845 0.137014 
time 0.182851 0.185388 0.18596 0.185589 0.185838 0.185525 0.185741 0.18567 0.185932 0.185801 0.186199 0.187448 0.188303 0.192876 0.197124 0.198811 0.20333 0.226837 0.252361 0.237984 
std_time 0.000641305 0.000655146 0.00100282 0.000563613 0.000597496 0.000475638 0.000573641 0.000599189 0.000641287 0.000532932 0.000635466 0.000980774 0.00100767 0.00563135 0.00705994 0.00322285 0.00423318 0.0633554 0.132774 0.0765763 
AAROW2
que 0.00358224 0.00224545 0.00210679 0.00287488 0.00260444 0.00422867 0.00196844 0.00447127 0.00318863 0.00409092 0.00502327 0.00314359 0.00300493 0.00436176 0.00594003 0.0123667 0.0254273 0.053308 0.105879 0.309279 
std_que 0.00314778 0.000934206 0.000430294 0.00248536 0.00115981 0.00539136 0.000481895 0.00799374 0.00266313 0.00413699 0.0077356 0.00157368 0.0010326 0.00111357 0.00195376 0.00655523 0.0127842 0.01691 0.0583047 0.0897597 
acc 0.991916 0.991724 0.980075 0.991851 0.991107 0.991823 0.991381 0.991591 0.962988 0.990073 0.992309 0.961983 0.962876 0.992062 0.990324 0.992406 0.96496 0.988997 0.904689 0.979527 
std_acc 0.00214007 0.00237627 0.0456179 0.0041535 0.00232786 0.00180843 0.00146622 0.00291702 0.123792 0.00913106 0.0033464 0.123374 0.123718 0.00197845 0.00677857 0.00339644 0.125985 0.020627 0.207957 0.0633007 
f1 0.979777 0.979317 0.959478 0.979679 0.977813 0.979537 0.978455 0.97892 0.949777 0.975634 0.980657 0.947413 0.949557 0.980103 0.976056 0.980824 0.954947 0.97435 0.890549 0.963697 
std_f1 0.00521648 0.00574915 0.074351 0.0099129 0.005641 0.00444387 0.00356694 0.00735296 0.125056 0.0207317 0.00841629 0.125247 0.12502 0.0048545 0.0159018 0.00871082 0.129128 0.042858 0.214142 0.0927344 
time 0.926503 0.92652 0.927082 0.927254 0.926587 0.926384 0.926625 0.926279 0.927167 0.926857 0.926445 0.926331 0.926069 0.927161 0.927338 0.928349 0.927757 0.929584 0.932009 0.938497 
std_time 0.0013845 0.00113903 0.00102329 0.00122757 0.000761692 0.00122348 0.000837704 0.000970209 0.00194066 0.000838266 0.000840689 0.000944255 0.00110549 0.00126524 0.00181645 0.00159047 0.000844553 0.000973974 0.00149262 0.00507824 
RAROW
que 0.00360572 0.00225355 0.00209009 0.00289694 0.00257104 0.00423798 0.00196884 0.0044657 0.00315442 0.004098 0.00506719 0.00311616 0.00297781 0.00435093 0.00589449 0.0123533 0.0254017 0.053323 0.106032 0.309219 
std_que 0.00313623 0.00091341 0.000427846 0.0025324 0.00117602 0.00540993 0.000465617 0.00804122 0.00260952 0.00416685 0.00779134 0.00158177 0.00102405 0.00111948 0.00198363 0.00655001 0.0128026 0.0168967 0.0584244 0.0897457 
acc 0.914849 0.90647 0.919767 0.911034 0.920838 0.922918 0.936442 0.905994 0.923503 0.863345 0.933807 0.876596 0.910945 0.919044 0.892224 0.945592 0.947475 0.95549 0.958489 0.888505 
std_acc 0.125127 0.140444 0.0502313 0.0847005 0.134324 0.0651702 0.0453324 0.133351 0.122816 0.202413 0.0418783 0.16112 0.129046 0.112427 0.18721 0.0477794 0.0385625 0.0494264 0.0368929 0.205329 
f1 0.81154 0.816773 0.770613 0.788886 0.834662 0.787369 0.823902 0.803107 0.836297 0.771309 0.825692 0.754922 0.827991 0.808768 0.801504 0.844638 0.844087 0.876654 0.88735 0.846031 
std_f1 0.189519 0.179488 0.159634 0.161172 0.16131 0.190436 0.12137 0.210236 0.157902 0.229996 0.117453 0.196866 0.17015 0.183129 0.22445 0.14927 0.131441 0.141412 0.102293 0.22206 
time 0.190175 0.190349 0.190413 0.190748 0.190484 0.190166 0.189886 0.190451 0.190024 0.191675 0.19038 0.191127 0.190344 0.190972 0.191768 0.192043 0.194828 0.199215 0.211201 0.327761 
std_time 0.00129816 0.00173185 0.00109671 0.00176001 0.00245067 0.00131771 0.000846782 0.00176455 0.00142889 0.0047796 0.0014475 0.0031838 0.00158419 0.00206267 0.00453545 0.00276801 0.00588434 0.0122948 0.0279503 0.245049 
AROWC
que 1 1 1 1 1 1 1 1 1 1 1 1 1 1 1 1 1 1 1 1 
std_que 0 0 0 0 0 0 0 0 0 0 0 0 0 0 0 0 0 0 0 0 
acc 0.993956 0.993956 0.993956 0.993956 0.993956 0.993956 0.993956 0.993956 0.993956 0.993956 0.993956 0.993956 0.993956 0.993956 0.993956 0.993956 0.993956 0.993956 0.993956 0.993956 
std_acc 0.00106254 0.00106254 0.00106254 0.00106254 0.00106254 0.00106254 0.00106254 0.00106254 0.00106254 0.00106254 0.00106254 0.00106254 0.00106254 0.00106254 0.00106254 0.00106254 0.00106254 0.00106254 0.00106254 0.00106254 
f1 0.984794 0.984794 0.984794 0.984794 0.984794 0.984794 0.984794 0.984794 0.984794 0.984794 0.984794 0.984794 0.984794 0.984794 0.984794 0.984794 0.984794 0.984794 0.984794 0.984794 
std_f1 0.00263449 0.00263449 0.00263449 0.00263449 0.00263449 0.00263449 0.00263449 0.00263449 0.00263449 0.00263449 0.00263449 0.00263449 0.00263449 0.00263449 0.00263449 0.00263449 0.00263449 0.00263449 0.00263449 0.00263449 
time 0.711432 0.711432 0.711432 0.711432 0.711432 0.711432 0.711432 0.711432 0.711432 0.711432 0.711432 0.711432 0.711432 0.711432 0.711432 0.711432 0.711432 0.711432 0.711432 0.711432 
std_time 0.0261864 0.0261864 0.0261864 0.0261864 0.0261864 0.0261864 0.0261864 0.0261864 0.0261864 0.0261864 0.0261864 0.0261864 0.0261864 0.0261864 0.0261864 0.0261864 0.0261864 0.0261864 0.0261864 0.0261864 
