/******************************************/
PAI_C	 Acc	 F1	 Max_Acc
0.03125	0.97291	0.489546	0.97291
0.0625	0.97155	0.523849	0.97291
0.125	0.969425	0.531949	0.97291
0.25	0.9667	0.518786	0.97291
0.5	0.96355	0.489853	0.97291
1	0.9653	0.523352	0.97291
2	0.96365	0.507119	0.97291
4	0.96355	0.508429	0.97291
8	0.96045	0.468056	0.97291
16	0.96345	0.508406	0.97291
32	0.96155	0.483546	0.97291
/******************************************/
/******************************************/
PAI_C	 Acc	 F1	 Max_Acc
0.03125	0.956788	0.0159408	0.956788
0.0625	0.95725	0.0138408	0.95725
0.125	0.95755	0.0139373	0.95755
0.25	0.9577	0.013986	0.9577
0.5	0.95775	0.0140023	0.95775
1	0.9578	0.0140187	0.9578
2	0.9578	0.0140187	0.9578
4	0.9578	0.0140187	0.9578
8	0.95774	0.00983283	0.9578
16	0.9577	0.00704225	0.9578
32	0.9577	0.00704225	0.9578
/******************************************/
/******************************************/
PAI_C	 Acc	 F1	 Max_Acc
0.03125	0.03125	0.954688	0.00320513	0.954688
0.03125	0.0625	0.958213	0	0.958213
0.03125	0.125	0.95786	0.00147059	0.958213
0.03125	0.25	0.957195	0.0249222	0.958213
0.03125	0.5	0.950877	0.0485983	0.958213
0.03125	1	0.9515	0.0623368	0.958213
0.03125	2	0.95836	0.112162	0.95836
0.03125	4	0.9631	0	0.9631
0.03125	8	0.963875	0.0384715	0.963875
0.03125	16	0.9723	0.420502	0.9723
0.03125	32	0.9802	0.678049	0.9802
0.0625	0.03125	0.96075	0.246502	0.9802
0.0625	0.0625	0.95621	0.0657534	0.9802
0.0625	0.125	0.94934	0.0592593	0.9802
0.0625	0.25	0.9486	0.0926404	0.9802
0.0625	0.5	0.96023	0.146041	0.9802
0.0625	1	0.96348	0.20973	0.9802
0.0625	2	0.963	0	0.9802
0.0625	4	0.963225	0.00135501	0.9802
0.0625	8	0.96945	0.292005	0.9802
0.0625	16	0.9751	0.506931	0.9802
0.0625	32	0.9764	0.565378	0.9802
0.125	0.03125	0.96305	0.0405928	0.9802
0.125	0.0625	0.962442	0	0.9802
0.125	0.125	0.961262	0.0210526	0.9802
0.125	0.25	0.961367	0.0172249	0.9802
0.125	0.5	0.96012	0.0189873	0.9802
0.125	1	0.961975	0.0184852	0.9802
0.125	2	0.9632	0	0.9802
0.125	4	0.96335	0.0107962	0.9802
0.125	8	0.97405	0.507123	0.9802
0.125	16	0.97545	0.55485	0.9802
0.125	32	0.98025	0.686259	0.98025
0.25	0.03125	0.95212	0.165947	0.98025
0.25	0.0625	0.95747	0.0184385	0.98025
0.25	0.125	0.960675	0.235005	0.98025
0.25	0.25	0.95708	0.025831	0.98025
0.25	0.5	0.962718	0	0.98025
0.25	1	0.96305	0	0.98025
0.25	2	0.96915	0.283391	0.98025
0.25	4	0.977038	0.565805	0.98025
0.25	8	0.9817	0.711356	0.9817
0.25	16	0.9813	0.71319	0.9817
0.25	32	0.9811	0.714502	0.9817
0.5	0.03125	0.96136	0.00147453	0.9817
0.5	0.0625	0.9605	0.00233161	0.9817
0.5	0.125	0.961623	0.088383	0.9817
0.5	0.25	0.96415	0.18244	0.9817
0.5	0.5	0.96792	0.231064	0.9817
0.5	1	0.9689	0.269953	0.9817
0.5	2	0.9761	0.542146	0.9817
0.5	4	0.98105	0.696557	0.9817
0.5	8	0.9828	0.738998	0.9828
0.5	16	0.9815	0.724292	0.9828
0.5	32	0.980375	0.711981	0.9828
1	0.03125	0.96325	0	0.9828
1	0.0625	0.96439	0.0939163	0.9828
1	0.125	0.962912	0.00288714	0.9828
1	0.25	0.96315	0	0.9828
1	0.5	0.96715	0.191882	0.9828
1	1	0.975295	0.515407	0.9828
1	2	0.98045	0.673895	0.9828
1	4	0.9817	0.715839	0.9828
1	8	0.98065	0.70615	0.9828
1	16	0.9795	0.695394	0.9828
1	32	0.97845	0.688359	0.9828
2	0.03125	0.96281	0	0.9828
2	0.0625	0.963075	0	0.9828
2	0.125	0.96325	0	0.9828
2	0.25	0.971	0.349776	0.9828
2	0.5	0.97765	0.578699	0.9828
2	1	0.982437	0.722909	0.9828
2	2	0.9825	0.734446	0.9828
2	4	0.98115	0.712433	0.9828
2	8	0.9803	0.70509	0.9828
2	16	0.97925	0.690529	0.9828
2	32	0.9768	0.666667	0.9828
4	0.03125	0.963365	0.00743243	0.9828
4	0.0625	0.96325	0	0.9828
4	0.125	0.9701	0.317352	0.9828
4	0.25	0.978735	0.633216	0.9828
4	0.5	0.98255	0.720576	0.9828
4	1	0.98225	0.723735	0.9828
4	2	0.98195	0.723372	0.9828
4	4	0.9807	0.71237	0.9828
4	8	0.97855	0.683395	0.9828
4	16	0.977	0.66811	0.9828
4	32	0.975945	0.662221	0.9828
8	0.03125	0.96325	0	0.9828
8	0.0625	0.9693	0.28271	0.9828
8	0.125	0.9797	0.631579	0.9828
8	0.25	0.98245	0.720764	0.9828
8	0.5	0.9827	0.731783	0.9828
8	1	0.982	0.72973	0.9828
8	2	0.97952	0.694162	0.9828
8	4	0.97815	0.679384	0.9828
8	8	0.97605	0.660043	0.9828
8	16	0.97435	0.641509	0.9828
8	32	0.9739	0.64	0.9828
16	0.03125	0.97	0.315068	0.9828
16	0.0625	0.9782	0.60219	0.9828
16	0.125	0.981975	0.713206	0.9828
16	0.25	0.98175	0.717711	0.9828
16	0.5	0.98115	0.712871	0.9828
16	1	0.97925	0.686319	0.9828
16	2	0.9779	0.678311	0.9828
16	4	0.9763	0.658501	0.9828
16	8	0.97425	0.638596	0.9828
16	16	0.97433	0.643174	0.9828
16	32	0.9733	0.632231	0.9828
32	0.03125	0.97885	0.621984	0.9828
32	0.0625	0.9819	0.712698	0.9828
32	0.125	0.9816	0.714729	0.9828
32	0.25	0.98175	0.722855	0.9828
32	0.5	0.98079	0.713536	0.9828
32	1	0.97905	0.692138	0.9828
32	2	0.9767	0.667618	0.9828
32	4	0.97475	0.649549	0.9828
32	8	0.9737	0.638736	0.9828
32	16	0.97325	0.636796	0.9828
32	32	0.97315	0.633447	0.9828
/******************************************/
/******************************************/
PAI_C	 Acc	 F1	 Max_Acc
0.03125	0.976135	0.567788	0.976135
0.0625	0.97815	0.638544	0.97815
0.125	0.97815	0.638544	0.97815
0.25	0.97815	0.638544	0.97815
0.5	0.977947	0.626678	0.97815
1	0.9777	0.612174	0.97815
2	0.9777	0.612174	0.97815
4	0.9777	0.612174	0.97815
8	0.976087	0.558029	0.97815
16	0.97555	0.539981	0.97815
32	0.97555	0.539981	0.97815
/******************************************/

Best PAI_C: 	0.03125
Best PAII_C:	1
Best AROW_r=0.5	 AROW_eta=8
Best AROWC_r=0.0625
