APE
que 5e-05 5e-05 5e-05 8e-05 0.000115 7e-05 5.5e-05 0.00031 0.000535 0.00095 0.002525 0.00405 0.009325 0.01265 0.027015 0.05365 0.0834425 0.142122 0.22759 0.355347 
std_que 6.77626e-21 6.77626e-21 6.77626e-21 2.44949e-05 3.20156e-05 2.44949e-05 2.17945e-05 0.000146287 5.5e-05 5e-05 0.000325 0.0003 0.000425 0.00215 0.000666352 0.00269583 0.00219973 0.00101986 0.00382798 0.00135393 
acc 0.96325 0.96325 0.96325 0.96325 0.96325 0.96325 0.96325 0.96325 0.96311 0.9625 0.9522 0.951625 0.941775 0.960675 0.954525 0.956355 0.95907 0.962035 0.963905 0.962847 
std_acc 0 0 0 0 0 0 0 0 0.000610246 0.00075 0.0021 0.000525 0.000775 0.000175 0.00159236 0.000976972 0.00053535 0.00056305 0.000774096 0.000405424 
f1 0 0 0 0 0 0 0 0 0.000376412 0.00130378 0.0235775 0.0222615 0.0447607 0.0338171 0.18715 0.256097 0.338661 0.418141 0.46063 0.47356 
std_f1 0 0 0 0 0 0 0 0 0.00164074 0.00130378 0.00200886 0.00616491 0.0127473 0.0212068 0.0182534 0.0350449 0.00798634 0.0212491 0.0181491 0.00815035 
time 0.0059979 0.0058861 0.00600905 0.00593875 0.00601705 0.0060042 0.00583075 0.0060076 0.005966 0.00597035 0.00591055 0.0059068 0.00593855 0.00595625 0.00596335 0.00591725 0.0059272 0.00598155 0.00597505 0.00603465 
std_time 0.000373266 0.000340656 0.000163094 0.000265435 6.72677e-05 9.39769e-05 0.00028743 6.28923e-05 4.27025e-05 5.91154e-05 4.38651e-05 6.85533e-05 6.79923e-05 5.12483e-05 8.58098e-05 2.58841e-05 1.92447e-05 4.45662e-05 3.11392e-05 3.75543e-05 
APAII
que 6.25e-05 0.000165 0.0001175 0.000315 0.00076 0.0008875 0.0020525 0.0012925 0.0007025 0.0009975 0.00185 0.003725 0.00125 0.003925 0.0024475 0.0044475 0.0021825 0.004285 0.002675 0.00378 
std_que 3.11247e-05 2.29129e-05 6.94172e-05 0.000122577 0.000283549 8.04285e-05 0.000416376 0.000960374 0.000317205 0.000413665 0.0008 0.002175 0.00065 0.002775 0.000152049 0.00153366 0.00115848 0.00155154 0.000863496 0.00146359 
acc 0.93922 0.951235 0.96325 0.96325 0.906025 0.737412 0.935653 0.845628 0.91159 0.937087 0.934325 0.949425 0.960025 0.66975 0.9184 0.8856 0.859918 0.91869 0.946295 0.863535 
std_acc 0.07209 0.0523722 0 0 0.057225 0.118436 0.0278307 0.045661 0.0322992 0.0131724 0.017325 0.005575 0.001425 0.2865 0.0419178 0.0845288 0.0416968 0.02263 0.0134465 0.200085 
f1 0.00638621 0.00319311 0 0 0.0272045 0.0641334 0.0257485 0.0552145 0.0357113 0.0349111 0.0250184 0.0174825 0.00626485 0.0419207 0.0314204 0.026068 0.0551411 0.0375157 0.0174565 0.0163513 
std_f1 0.0191586 0.0139184 0 0 0.0272045 0.00332129 0.0258353 0.00493195 0.0192812 0.0132583 0.00874174 1.52819e-05 0.00145716 0.0239634 0.0284755 0.0261873 0.00416372 0.0102318 0.0100598 0.0261096 
time 0.0069048 0.00675685 0.0068383 0.0067449 0.00687905 0.00691745 0.0066332 0.0068698 0.0068227 0.00683975 0.0067303 0.00673665 0.00681 0.0068033 0.0067909 0.0067259 0.00673055 0.0067886 0.00674735 0.0067681 
std_time 0.000400631 0.000333742 0.000256603 0.000346094 0.000103672 0.000166618 0.000321265 0.000121649 6.81147e-05 0.000110517 5.5255e-05 6.80031e-05 0.000100203 0.000100013 9.85317e-05 3.30392e-05 3.8561e-05 6.15925e-05 3.9747e-05 4.26168e-05 
ASOP
que 0.00723 0.00986 0.0146325 0.021545 0.038185 0.072155 0.121157 0.27515 0.457153 0.67213 0.825375 0.892775 0.9422 0.973475 0.985635 0.993375 0.996457 0.998325 0.99913 0.999482 
std_que 0.000415752 0.000297741 0.000959202 0.000570285 0.000397524 0.00264981 0.00722487 0.00132853 0.0290039 0.014286 0.004925 0.006825 0.0032 0.001825 0.000730257 0.000535607 0.000358913 0.000244182 0.000170587 0.000118612 
acc 0.95302 0.96458 0.967945 0.972555 0.97231 0.975715 0.97722 0.97639 0.97545 0.974432 0.972325 0.97275 0.972475 0.972425 0.97258 0.97216 0.971322 0.972367 0.97273 0.972003 
std_acc 0.00808839 0.00472187 0.00312797 0.00264315 0.00326028 0.000436492 0.00120379 0.000861046 0.00125449 0.000438542 0.000275 0.0003 0.000575 0.000325 0.000340735 0.000200375 0.000372651 0.000654652 0.000498096 0.000426754 
f1 0.418996 0.50669 0.54787 0.596323 0.596715 0.653275 0.669857 0.675898 0.663094 0.65347 0.626377 0.633005 0.629176 0.629239 0.631704 0.626161 0.614661 0.62915 0.634013 0.62363 
std_f1 0.0890775 0.0530158 0.023233 0.0335779 0.0570642 0.00564825 0.014463 0.00205703 0.0105907 0.00447434 0.00484732 0.00305186 0.00737202 0.00474362 0.00409986 0.0021733 0.00538415 0.00903571 0.00645076 0.00542699 
time 0.0512141 0.0510205 0.0508047 0.0507258 0.0506352 0.0508675 0.0514514 0.050778 0.0508534 0.050824 0.0508256 0.0508844 0.0509533 0.0509549 0.0509985 0.0508587 0.050865 0.0511459 0.0508625 0.0511324 
std_time 0.000521755 0.000316436 0.000378083 0.000408713 0.000106369 0.00017882 0.0026281 0.000127421 0.000168755 0.000158943 0.000178943 0.000225108 0.000163013 0.000187793 0.00016734 0.000104107 0.000137694 0.000300332 0.000159069 0.000340589 
AROW
que 1 1 1 1 1 1 1 1 1 1 1 1 1 1 1 1 1 1 1 1 
std_que 0 0 0 0 0 0 0 0 0 0 0 0 0 0 0 0 0 0 0 0 
acc 0.981207 0.981207 0.981207 0.981207 0.981207 0.981207 0.981207 0.981207 0.981207 0.981207 0.981207 0.981207 0.981207 0.981207 0.981207 0.981207 0.981207 0.981207 0.981207 0.981207 
std_acc 0.000244067 0.000244067 0.000244067 0.000244067 0.000244067 0.000244067 0.000244067 0.000244067 0.000244067 0.000244067 0.000244067 0.000244067 0.000244067 0.000244067 0.000244067 0.000244067 0.000244067 0.000244067 0.000244067 0.000244067 
f1 0.714974 0.714974 0.714974 0.714974 0.714974 0.714974 0.714974 0.714974 0.714974 0.714974 0.714974 0.714974 0.714974 0.714974 0.714974 0.714974 0.714974 0.714974 0.714974 0.714974 
std_f1 0.00370982 0.00370982 0.00370982 0.00370982 0.00370982 0.00370982 0.00370982 0.00370982 0.00370982 0.00370982 0.00370982 0.00370982 0.00370982 0.00370982 0.00370982 0.00370982 0.00370982 0.00370982 0.00370982 0.00370982 
time 0.0080475 0.0080475 0.0080475 0.0080475 0.0080475 0.0080475 0.0080475 0.0080475 0.0080475 0.0080475 0.0080475 0.0080475 0.0080475 0.0080475 0.0080475 0.0080475 0.0080475 0.0080475 0.0080475 0.0080475 
std_time 0.000187241 0.000187241 0.000187241 0.000187241 0.000187241 0.000187241 0.000187241 0.000187241 0.000187241 0.000187241 0.000187241 0.000187241 0.000187241 0.000187241 0.000187241 0.000187241 0.000187241 0.000187241 0.000187241 0.000187241 
AAROW
que 0.0005025 0.0005625 0.001435 0.0029175 0.0046875 0.00984 0.0151825 0.02648 0.07173 0.101135 0.181615 0.29683 0.42768 0.599652 0.766328 0.873135 0.920425 0.95895 0.982565 0.988915 
std_que 0.000330709 0.000188331 0.0002933 0.000120701 0.000415294 0.000876156 0.00306342 0.00408823 0.00206654 0.00393466 0.0132733 0.0180208 0.0123154 0.0111199 0.0118659 0.0112215 0.00209371 0.00155379 0.00122842 0.000369154 
acc 0.945875 0.963225 0.957025 0.945132 0.951645 0.959553 0.969073 0.97761 0.97672 0.980105 0.981155 0.9809 0.982117 0.981845 0.981382 0.980575 0.98144 0.98169 0.980625 0.981715 
std_acc 0.0235738 0.000108972 0.0152861 0.00832096 0.0102884 0.00560193 0.00202568 0.00178966 0.000121861 0.000756125 0.000878336 0.000913783 0.000461052 0.000362939 0.00034687 0.000900347 0.000602204 0.000287489 0.000404197 0.000316662 
f1 0.0446131 0 0.037665 0.184549 0.0625382 0.379956 0.469601 0.666872 0.63415 0.692772 0.712272 0.703049 0.721423 0.720132 0.708012 0.691561 0.713421 0.716993 0.691069 0.715054 
std_f1 0.0607973 0 0.0986036 0.118808 0.0738828 0.0997892 0.0735261 0.0311914 0.0253211 0.00728251 0.0110204 0.0140766 0.00767512 0.00559854 0.00558955 0.0184419 0.0094386 0.00671855 0.0103304 0.00673014 
time 0.006149 0.006196 0.0062448 0.0062061 0.0062589 0.00633295 0.0063485 0.00651795 0.0068952 0.006944 0.0071875 0.0074796 0.0077554 0.00795785 0.00821885 0.008314 0.0080807 0.00823575 0.00845995 0.0082497 
std_time 0.000344089 0.000242168 0.00023027 0.000174585 0.000135803 0.000114708 0.000306874 0.000159586 0.000104654 0.000129907 0.00013471 0.000133743 8.9172e-05 9.38239e-05 0.000118472 0.000178585 2.47004e-05 9.50547e-05 8.21891e-05 6.12243e-05 
AAROW2
que 0.0153575 0.0158925 0.007175 0.008315 0.0046875 0.01195 0.0072825 0.00824 0.010435 0.015145 0.0180275 0.022845 0.0385175 0.072745 0.122273 0.183418 0.305897 0.46496 0.665407 0.766432 
std_que 0.00422032 0.00347219 0.00425939 0.00482242 0.00399045 0.00393964 0.00149259 0.00209801 0.002517 0.0010046 0.00283586 0.00239462 0.00469492 0.00794917 0.014013 0.00200719 0.00813765 0.0139865 0.0150253 0.00236629 
acc 0.96325 0.96325 0.96325 0.964037 0.96325 0.964127 0.966475 0.970903 0.970493 0.977122 0.97882 0.98001 0.981305 0.97943 0.980905 0.98177 0.981538 0.981867 0.98072 0.981485 
std_acc 0 0 0 0.00343263 0 0.000970113 0.00365197 0.00708427 0.00752089 0.00159879 0.00274406 0.000308869 0.000883869 0.000770779 0.000959414 0.000298496 0.000762541 0.000471242 0.000557763 0.000210416 
f1 0 0 0 0.0314815 0 0.0744604 0.172284 0.331191 0.347177 0.613418 0.627184 0.670762 0.69556 0.674924 0.702286 0.717893 0.713382 0.71893 0.69256 0.711043 
std_f1 0 0 0 0.137225 0 0.0823191 0.193211 0.297633 0.274508 0.028237 0.0692255 0.00343446 0.0167645 0.0158525 0.0206298 0.00445418 0.0128203 0.00873608 0.012078 0.00549176 
time 0.0217197 0.0217365 0.021665 0.0215482 0.0214582 0.0216021 0.0214571 0.0215637 0.0215911 0.0216811 0.0216498 0.0216048 0.0216971 0.0219478 0.0222146 0.0220953 0.0223762 0.022797 0.0228377 0.0229317 
std_time 0.000281678 0.000382041 0.000320961 0.000836063 0.000114894 9.97459e-05 0.000323125 0.000105985 0.000165482 9.70092e-05 7.00518e-05 8.63987e-05 0.000180257 0.000153765 0.000136444 8.94528e-05 0.000139078 0.000222337 0.000146651 0.000246045 
RAROW
que 0.0151075 0.01506 0.00651 0.007805 0.0044925 0.0110125 0.00731 0.0089025 0.009905 0.0160825 0.0184475 0.0231425 0.0395575 0.072495 0.12244 0.18529 0.309193 0.463303 0.667977 0.769262 
std_que 0.00445074 0.00361008 0.00418063 0.00487516 0.00376249 0.00375143 0.00200453 0.00173857 0.00247027 0.000869378 0.00322717 0.00318286 0.00430169 0.00491627 0.0162121 0.00104314 0.0086249 0.013933 0.0152455 0.00218202 
acc 0.934815 0.917685 0.925767 0.930283 0.924765 0.925827 0.943568 0.889395 0.927928 0.921608 0.927748 0.93194 0.953798 0.970785 0.970927 0.976573 0.977845 0.97956 0.979502 0.981355 
std_acc 0.0149889 0.020632 0.027213 0.0238632 0.0455122 0.0356562 0.00671307 0.0336125 0.0230588 0.0058343 0.00632235 0.00941468 0.00339652 0.00499915 0.000748077 0.00201714 0.000741434 0.000957157 0.00154317 0.000423645 
f1 0.287849 0.258361 0.264082 0.154119 0.123122 0.212907 0.182163 0.214347 0.191832 0.328879 0.238529 0.336134 0.415182 0.546127 0.544603 0.646808 0.661807 0.686481 0.683751 0.708885 
std_f1 0.0789644 0.0896609 0.0908453 0.0783364 0.0233089 0.0785646 0.0656722 0.0411141 0.017238 0.0496532 0.0381599 0.0624211 0.0454644 0.0732489 0.00637979 0.0325009 0.0216234 0.0257052 0.0270227 0.00913241 
time 0.0063894 0.0064614 0.00649405 0.00635475 0.0063705 0.0064974 0.00635685 0.00650885 0.00644615 0.0064632 0.00651225 0.00652215 0.0065624 0.00664365 0.0068387 0.00689435 0.00712205 0.0075503 0.0080262 0.00818895 
std_time 0.000272273 0.000236668 0.000193538 0.000217431 8.09157e-05 0.000145469 0.000219764 0.000121493 0.000128898 0.00010744 0.000133094 9.60382e-05 0.000114674 0.000110432 8.18896e-05 7.42969e-05 9.98902e-05 0.000126731 0.000118317 9.72108e-05 
AROWC
que 1 1 1 1 1 1 1 1 1 1 1 1 1 1 1 1 1 1 1 1 
std_que 0 0 0 0 0 0 0 0 0 0 0 0 0 0 0 0 0 0 0 0 
acc 0.97561 0.97561 0.97561 0.97561 0.97561 0.97561 0.97561 0.97561 0.97561 0.97561 0.97561 0.97561 0.97561 0.97561 0.97561 0.97561 0.97561 0.97561 0.97561 0.97561 
std_acc 0.00157461 0.00157461 0.00157461 0.00157461 0.00157461 0.00157461 0.00157461 0.00157461 0.00157461 0.00157461 0.00157461 0.00157461 0.00157461 0.00157461 0.00157461 0.00157461 0.00157461 0.00157461 0.00157461 0.00157461 
f1 0.562779 0.562779 0.562779 0.562779 0.562779 0.562779 0.562779 0.562779 0.562779 0.562779 0.562779 0.562779 0.562779 0.562779 0.562779 0.562779 0.562779 0.562779 0.562779 0.562779 
std_f1 0.0545703 0.0545703 0.0545703 0.0545703 0.0545703 0.0545703 0.0545703 0.0545703 0.0545703 0.0545703 0.0545703 0.0545703 0.0545703 0.0545703 0.0545703 0.0545703 0.0545703 0.0545703 0.0545703 0.0545703 
time 0.0153783 0.0153783 0.0153783 0.0153783 0.0153783 0.0153783 0.0153783 0.0153783 0.0153783 0.0153783 0.0153783 0.0153783 0.0153783 0.0153783 0.0153783 0.0153783 0.0153783 0.0153783 0.0153783 0.0153783 
std_time 0.00134255 0.00134255 0.00134255 0.00134255 0.00134255 0.00134255 0.00134255 0.00134255 0.00134255 0.00134255 0.00134255 0.00134255 0.00134255 0.00134255 0.00134255 0.00134255 0.00134255 0.00134255 0.00134255 0.00134255 
