APE
que 0.00316563 0.00427335 0.00679636 0.010007 0.0158707 0.0243949 0.0360772 0.0555861 0.0828241 0.124172 0.181904 0.266758 0.377821 0.509239 0.649292 0.773902 0.865566 0.925625 0.959329 0.978181 
std_que 0.000491805 0.000701474 0.00057215 0.000628795 0.000984864 0.00118436 0.000979277 0.0019931 0.00165964 0.00299816 0.00326272 0.00293358 0.00340545 0.00430118 0.00397496 0.00351558 0.00150523 0.00266988 0.00135571 0.000791534 
acc 0.550843 0.580019 0.630456 0.679038 0.719004 0.747234 0.783712 0.808809 0.828991 0.850518 0.865816 0.878893 0.88781 0.894991 0.898787 0.901355 0.901725 0.902948 0.903083 0.903331 
std_acc 0.0353983 0.0323556 0.0400392 0.021864 0.0177352 0.0139869 0.00643275 0.00587926 0.00426317 0.00363843 0.00227797 0.00287543 0.00168574 0.00088206 0.00110694 0.00122126 0.00104829 0.00108986 0.00102227 0.00144008 
f1 0.478715 0.498455 0.60819 0.669965 0.710716 0.745361 0.781511 0.808598 0.828683 0.849651 0.865426 0.878615 0.887439 0.894698 0.898454 0.901033 0.901403 0.902618 0.902749 0.902999 
std_f1 0.133443 0.115431 0.0418847 0.0293871 0.0221765 0.0163814 0.00815791 0.00607469 0.00411092 0.00408273 0.00230941 0.00284159 0.00163583 0.000859035 0.00109072 0.0012188 0.00106027 0.00108364 0.00102112 0.00144658 
time 0.0758975 0.0757919 0.0764671 0.0761655 0.0764582 0.0759401 0.0754481 0.0755774 0.0756453 0.0763057 0.0760097 0.0762048 0.0763008 0.0770275 0.0774136 0.0775417 0.0772273 0.0773894 0.0770176 0.0768482 
std_time 0.000435539 0.000368408 0.000979173 0.000434555 0.0003265 0.00103504 0.000251274 0.000414903 0.000499403 0.00109073 0.000372551 0.000425145 0.000418478 0.000320075 0.00036668 0.000505902 0.000414098 0.000614721 0.00038181 0.000450353 
APAII
que 0.00219294 0.00310562 0.00456341 0.00604371 0.0106671 0.0161257 0.0237723 0.0344244 0.0495249 0.0720719 0.103218 0.148245 0.211437 0.298315 0.413105 0.549535 0.686985 0.802298 0.885302 0.93716 
std_que 0.000492611 0.00083741 0.00107083 0.00198592 0.000690627 0.000982983 0.00114634 0.0011084 0.00111098 0.0015188 0.00111954 0.00208645 0.00243379 0.00288371 0.00259881 0.00445615 0.00248568 0.00293324 0.00231496 0.00119297 
acc 0.548577 0.589628 0.624877 0.640178 0.723285 0.76158 0.796779 0.826193 0.848927 0.872324 0.890128 0.904821 0.915663 0.924005 0.930441 0.935125 0.93795 0.93963 0.940043 0.940461 
std_acc 0.0471539 0.0586322 0.0567946 0.0831554 0.0253036 0.0217748 0.0254193 0.010499 0.00571381 0.00518604 0.00257724 0.00189138 0.00133438 0.00149499 0.00140784 0.00109542 0.00120054 0.000848296 0.000794498 0.000859892 
f1 0.534174 0.600682 0.598132 0.653293 0.725106 0.763064 0.799273 0.825963 0.847989 0.872312 0.889677 0.904611 0.915403 0.923806 0.930293 0.93491 0.937777 0.939425 0.939878 0.940304 
std_f1 0.15881 0.085735 0.162963 0.11492 0.0456033 0.028714 0.0193688 0.00946729 0.00659891 0.00489133 0.00259459 0.00194545 0.00142672 0.00150289 0.00143752 0.00108764 0.00120229 0.000842106 0.000800114 0.000876812 
time 0.0768171 0.076795 0.0772656 0.0777146 0.0774332 0.0773627 0.0769652 0.0768431 0.0772312 0.078638 0.0786058 0.0795792 0.0806158 0.0820647 0.0834117 0.0849239 0.0857459 0.0864878 0.087115 0.0868805 
std_time 0.000564381 0.000352049 0.000406838 0.0021803 0.000440942 0.00157447 0.00107782 0.00040319 0.000428014 0.00339646 0.000337442 0.000403393 0.000498031 0.000443145 0.000488013 0.000848461 0.000507284 0.000458511 0.00117393 0.000368126 
ASOPD
que 0.00330566 0.00461842 0.00684887 0.0108197 0.0164633 0.0253276 0.0390103 0.0591318 0.0887828 0.134317 0.199175 0.293109 0.410422 0.548215 0.687295 0.803998 0.88639 0.937477 0.965933 0.981771 
std_que 0.000538601 0.000720782 0.00101798 0.000506134 0.00100638 0.00132224 0.0013263 0.00152751 0.00264506 0.00221486 0.00364106 0.00306757 0.00448636 0.00450678 0.00389392 0.00325553 0.00252518 0.00210877 0.0013646 0.000789541 
acc 0.565891 0.583367 0.645589 0.691453 0.721842 0.761592 0.793039 0.820964 0.841731 0.863263 0.878738 0.890598 0.89907 0.903851 0.907612 0.908949 0.909949 0.91117 0.910775 0.911457 
std_acc 0.0367279 0.0330575 0.0450957 0.0180062 0.0148653 0.00886427 0.00637749 0.0045105 0.00338246 0.00267418 0.00240931 0.0023619 0.00170728 0.00103018 0.000755532 0.00157403 0.00111583 0.00105672 0.00153721 0.000747394 
f1 0.468722 0.565366 0.640293 0.685736 0.716963 0.759158 0.791588 0.820162 0.841119 0.862881 0.878488 0.890252 0.898735 0.903587 0.90732 0.90863 0.909626 0.910877 0.910469 0.91115 
std_f1 0.166416 0.074087 0.0366365 0.0170888 0.0240374 0.0112364 0.00808465 0.00461881 0.00361898 0.00284763 0.00234755 0.0023593 0.00174572 0.00106476 0.000787253 0.00156242 0.00112734 0.00105966 0.00154283 0.000753908 
time 0.220194 0.222336 0.223098 0.222606 0.222557 0.221421 0.220754 0.221185 0.221801 0.222023 0.22247 0.2237 0.222849 0.225527 0.225637 0.226248 0.228051 0.225377 0.224362 0.223179 
std_time 0.00115325 0.00330903 0.00145516 0.00125797 0.000724787 0.00178663 0.000912545 0.00156263 0.0019011 0.00113566 0.00118287 0.00563977 0.000830908 0.00160109 0.00232347 0.00202725 0.00473084 0.00195707 0.00428373 0.00080254 
AROWD
que 0.9979 0.9979 0.9979 0.9979 0.9979 0.9979 0.9979 0.9979 0.9979 0.9979 0.9979 0.9979 0.9979 0.9979 0.9979 0.9979 0.9979 0.9979 0.9979 0.9979 
std_que 4.44089e-16 4.44089e-16 4.44089e-16 4.44089e-16 4.44089e-16 4.44089e-16 4.44089e-16 4.44089e-16 4.44089e-16 4.44089e-16 4.44089e-16 4.44089e-16 4.44089e-16 4.44089e-16 4.44089e-16 4.44089e-16 4.44089e-16 4.44089e-16 4.44089e-16 4.44089e-16 
acc 0.943921 0.943921 0.943921 0.943921 0.943921 0.943921 0.943921 0.943921 0.943921 0.943921 0.943921 0.943921 0.943921 0.943921 0.943921 0.943921 0.943921 0.943921 0.943921 0.943921 
std_acc 0.000631449 0.000631449 0.000631449 0.000631449 0.000631449 0.000631449 0.000631449 0.000631449 0.000631449 0.000631449 0.000631449 0.000631449 0.000631449 0.000631449 0.000631449 0.000631449 0.000631449 0.000631449 0.000631449 0.000631449 
f1 0.943847 0.943847 0.943847 0.943847 0.943847 0.943847 0.943847 0.943847 0.943847 0.943847 0.943847 0.943847 0.943847 0.943847 0.943847 0.943847 0.943847 0.943847 0.943847 0.943847 
std_f1 0.000616616 0.000616616 0.000616616 0.000616616 0.000616616 0.000616616 0.000616616 0.000616616 0.000616616 0.000616616 0.000616616 0.000616616 0.000616616 0.000616616 0.000616616 0.000616616 0.000616616 0.000616616 0.000616616 0.000616616 
time 0.109216 0.109216 0.109216 0.109216 0.109216 0.109216 0.109216 0.109216 0.109216 0.109216 0.109216 0.109216 0.109216 0.109216 0.109216 0.109216 0.109216 0.109216 0.109216 0.109216 
std_time 0.00074575 0.00074575 0.00074575 0.00074575 0.00074575 0.00074575 0.00074575 0.00074575 0.00074575 0.00074575 0.00074575 0.00074575 0.00074575 0.00074575 0.00074575 0.00074575 0.00074575 0.00074575 0.00074575 0.00074575 
AAROWD
que 0.00197289 0.00210292 0.00273305 0.00419334 0.00571364 0.00983197 0.0141303 0.0228146 0.0336717 0.0487447 0.0706566 0.101828 0.147895 0.21258 0.305406 0.42544 0.566728 0.706134 0.817844 0.896592 
std_que 0.000260568 0.000379706 0.000771885 0.00125676 0.00219639 0.00210811 0.00257386 0.00176654 0.000948095 0.00117668 0.00130738 0.00157363 0.00246139 0.00335909 0.00219309 0.00337228 0.00238213 0.00359837 0.00270352 0.00163142 
acc 0.544556 0.540066 0.562195 0.617559 0.632984 0.702163 0.723652 0.788265 0.830074 0.8502 0.87724 0.895684 0.909067 0.919696 0.928646 0.935142 0.938483 0.941246 0.941823 0.943716 
std_acc 0.0412026 0.0411208 0.0513626 0.0702059 0.0859981 0.0683096 0.0701795 0.032655 0.0130349 0.0137184 0.0043996 0.00335727 0.00245116 0.00121431 0.00197578 0.00121586 0.00121761 0.00105914 0.000764532 0.000836749 
f1 0.528947 0.476412 0.521702 0.605976 0.624816 0.719936 0.732638 0.791852 0.828279 0.851185 0.876456 0.895405 0.908766 0.919502 0.928603 0.935038 0.93839 0.941092 0.941722 0.943705 
std_f1 0.175922 0.191527 0.216831 0.140179 0.159038 0.0253796 0.0729691 0.0213697 0.0159918 0.0126202 0.00549378 0.00326712 0.00254918 0.00130897 0.00197111 0.00122382 0.00124764 0.00108599 0.000773278 0.000823219 
time 0.0770088 0.0772368 0.0782165 0.078079 0.0785929 0.0788973 0.079491 0.0818189 0.0825464 0.0848194 0.0876375 0.0903132 0.0936561 0.0990326 0.102885 0.106533 0.109386 0.108615 0.107882 0.108208 
std_time 0.00106773 0.000458064 0.00156989 0.000411521 0.00066825 0.000883572 0.000763534 0.0037664 0.000573625 0.000771909 0.000695649 0.00067446 0.000406049 0.00214263 0.00172232 0.00163914 0.00142407 0.0022286 0.000740699 0.000645914 
AAROWD2
que 0.0316513 0.0294059 0.032579 0.0344744 0.0381951 0.0461517 0.0631126 0.0956391 0.155204 0.262825 0.430474 0.642046 0.821729 0.924175 0.970099 0.987913 0.994256 0.996679 0.997449 0.997727 
std_que 0.00178704 0.00738142 0.00114843 0.00183457 0.00205667 0.00159109 0.00177483 0.00177478 0.00200642 0.00241732 0.00318517 0.00296363 0.0022293 0.00197496 0.000995802 0.000438864 0.000370302 0.000235313 0.000144077 9.28558e-05 
acc 0.819819 0.794234 0.831096 0.838148 0.840956 0.857211 0.879183 0.897144 0.912728 0.926145 0.935682 0.940388 0.942539 0.943611 0.943589 0.944231 0.943581 0.943944 0.943776 0.944259 
std_acc 0.0272616 0.0911159 0.0187825 0.0236469 0.0245335 0.0182517 0.00733656 0.00253132 0.00216376 0.00188376 0.00132954 0.00103522 0.000838917 0.000715593 0.000888012 0.000915234 0.00120329 0.000916548 0.000650875 0.000960583 
f1 0.822584 0.810556 0.832929 0.840587 0.842333 0.858637 0.878822 0.896797 0.912447 0.925929 0.935595 0.940296 0.942446 0.94351 0.943518 0.944111 0.943478 0.943832 0.943668 0.944241 
std_f1 0.0238326 0.0513897 0.0134366 0.016457 0.0195266 0.0140651 0.00816613 0.00269627 0.002197 0.00205615 0.00140786 0.00106679 0.000818065 0.000735101 0.000953001 0.000882461 0.00119727 0.000927439 0.000645901 0.000983493 
time 0.177861 0.178652 0.180372 0.179702 0.17989 0.179075 0.179028 0.180911 0.183025 0.187055 0.185985 0.186874 0.187583 0.192876 0.193008 0.194775 0.194897 0.192749 0.188177 0.187825 
std_time 0.000619089 0.00160236 0.00173124 0.00106979 0.000765579 0.00140666 0.000775691 0.0011457 0.00168675 0.00500214 0.000579238 0.000790576 0.00123032 0.00495729 0.00221372 0.00296331 0.00182944 0.00312331 0.000860755 0.000723181 
RAROWD
que 0.0319539 0.0299285 0.032569 0.0343969 0.0380801 0.0458017 0.06248 0.0962292 0.154191 0.262993 0.429276 0.640591 0.820754 0.922647 0.968349 0.985875 0.992116 0.994659 0.995517 0.995774 
std_que 0.00196816 0.00783452 0.00202605 0.00224258 0.00281723 0.0026364 0.00303257 0.00288955 0.00375294 0.00417599 0.00583132 0.00619761 0.00392165 0.00383922 0.0017021 0.000849946 0.000760296 0.000630126 0.000416399 0.000234834 
acc 0.77474 0.756696 0.773452 0.778246 0.782924 0.795827 0.816848 0.846459 0.870177 0.896657 0.916243 0.931171 0.938403 0.942138 0.942991 0.944211 0.943524 0.943861 0.943606 0.943981 
std_acc 0.00670556 0.0530714 0.0152007 0.0119747 0.0109032 0.00798878 0.00718484 0.00455442 0.00335017 0.00215174 0.00237848 0.00108351 0.000944792 0.00115262 0.000925587 0.000847293 0.00120856 0.00106022 0.000863925 0.000742994 
f1 0.768929 0.738866 0.763987 0.769479 0.774418 0.790507 0.812065 0.844538 0.868343 0.896121 0.915963 0.930921 0.938253 0.942026 0.942923 0.94409 0.943414 0.943747 0.943487 0.943961 
std_f1 0.0167077 0.0929072 0.0244907 0.0178235 0.016997 0.0141697 0.0107635 0.0061107 0.00421727 0.00229393 0.00253006 0.00122511 0.00096208 0.00115925 0.00101508 0.000851279 0.00121137 0.00103986 0.00086469 0.00077304 
time 0.0823584 0.0820936 0.0830838 0.0828026 0.0832811 0.0835074 0.0844262 0.0865648 0.0895704 0.0952095 0.0991819 0.103719 0.106674 0.111027 0.112461 0.113277 0.11308 0.113354 0.109388 0.109094 
std_time 0.000720989 0.00114024 0.000500225 0.000607809 0.000708389 0.00108406 0.000412397 0.000833514 0.000755688 0.00139669 0.000491659 0.000705384 0.00118136 0.00174505 0.00161263 0.00231051 0.000802787 0.00425045 0.00118404 0.00054163 
