APE
que 0.00024911 0.000177936 0.00022242 0.000177936 0.000177936 0.000213523 0.000231317 0.000355872 0.000177936 0.000302491 0.000578292 0.00133452 0.00257117 0.00440391 0.00928826 0.0173043 0.0270463 0.0543238 0.0878203 0.135276 
std_que 8.71705e-05 5.42101e-20 7.70485e-05 5.42101e-20 5.42101e-20 7.11744e-05 8.15405e-05 0.00012582 5.42101e-20 0.000149931 0.000193901 0.000198938 0.000784685 0.000477038 0.00162751 0.00218787 0.0049018 0.00707216 0.00151765 0.00836391 
acc 0.899893 0.899822 0.899867 0.899822 0.899822 0.899822 0.899822 0.898799 0.899822 0.899822 0.899484 0.896174 0.882678 0.872367 0.879448 0.884564 0.896192 0.907829 0.921495 0.925845 
std_acc 8.71705e-05 2.22045e-16 7.70485e-05 2.22045e-16 2.22045e-16 2.22045e-16 2.22045e-16 0.00177212 2.22045e-16 2.22045e-16 0.00147365 0.00631798 0.0239168 0.0174197 0.0206742 0.00652491 0.00316426 0.00936389 0.00432886 0.00343692 
f1 0.00141844 0 0.000886525 0 0 0 0 0.0401146 0 0 0.00192 0.0075188 0.0569534 0.0814054 0.109518 0.247887 0.198688 0.471066 0.58443 0.59831 
std_f1 0.00173723 0 0.00153551 0 0 0 0 0.0694805 0 0 0.00836909 0.0130229 0.0437519 0.0188459 0.0796136 0.119976 0.134317 0.105382 0.0376883 0.030647 
time 0.00196365 0.00186665 0.00186075 0.00185495 0.00186185 0.00185955 0.0018605 0.0018597 0.001854 0.00185765 0.00185165 0.001879 0.0018508 0.00195575 0.00192495 0.00192625 0.00194035 0.0019819 0.0020125 0.0019615 
std_time 0.000130678 1.52554e-05 2.3958e-05 1.79513e-05 1.25669e-05 2.02002e-05 1.67257e-05 1.99226e-05 1.36088e-05 3.74637e-05 1.57171e-05 0.000113885 1.10752e-05 0.000116084 7.14713e-05 6.87509e-05 7.341e-05 5.24794e-05 7.99203e-05 4.84887e-05 
APAII
que 0.000213523 0.000186833 0.000302491 0.000498221 0.000400356 0.000880783 0.000960854 0.00145907 0.00154804 0.00242883 0.00256228 0.00169039 0.00342527 0.00145018 0.00136121 0.00286477 0.00576512 0.00209075 0.00502669 0.00412811 
std_que 7.11744e-05 3.87802e-05 0.000138972 0.000155121 7.70485e-05 0.000289522 0.000546701 0.000340412 0.000639333 0.000692066 0.00169311 0.00134633 0.00201066 0.000433211 0.000504143 0.00189391 0.00256401 0.00100005 0.00201851 0.00125769 
acc 0.579893 0.899822 0.81895 0.899822 0.590258 0.812028 0.555249 0.603746 0.2146 0.327046 0.725996 0.883897 0.845498 0.670383 0.627927 0.627785 0.822117 0.681335 0.615934 0.543941 
std_acc 0.391831 2.22045e-16 0.140074 2.22045e-16 0.325034 0.175587 0.323327 0.181532 0.0766485 0.136788 0.098793 0.0101801 0.0995747 0.279216 0.367515 0.284771 0.0836134 0.204339 0.331247 0.242055 
f1 0.0727273 0 0.0382426 0 0.0867811 0.0339726 0.108749 0.142925 0.180085 0.173937 0.129396 0.0247347 0.0492199 0.104294 0.0657896 0.0954267 0.0670048 0.104254 0.0870834 0.146026 
std_f1 0.0890724 0 0.0662382 0 0.0869096 0.0679452 0.0741664 0.0456509 0.00339955 0.0075299 0.0231169 0.0173545 0.040239 0.0628899 0.0832146 0.0751895 0.0597479 0.0607834 0.0762188 0.0300589 
time 0.0021712 0.00214695 0.0021462 0.00212895 0.00214055 0.0021395 0.002134 0.002136 0.0021256 0.0021274 0.00212845 0.0021686 0.00221045 0.0022059 0.00214325 0.0022204 0.00220835 0.00219415 0.0021556 0.00215965 
std_time 8.23156e-05 1.7968e-05 2.3655e-05 1.90433e-05 1.80927e-05 1.65514e-05 2.3184e-05 1.57829e-05 8.2061e-06 2.3739e-05 1.3407e-05 0.000112951 9.62733e-05 0.0001081 4.95085e-05 6.10216e-05 8.62312e-05 7.65097e-05 2.35508e-05 3.01965e-05 
ASOP
que 0.0438612 0.0524822 0.0583541 0.0729004 0.0991993 0.148835 0.181681 0.26823 0.370294 0.508888 0.656005 0.793283 0.873826 0.93581 0.96605 0.983078 0.98976 0.99524 0.997767 0.998986 
std_que 0.00496231 0.00625071 0.00616991 0.00660909 0.00899633 0.0105323 0.00426582 0.00922551 0.0120369 0.0154293 0.0016229 0.0113408 0.00433189 0.00544841 0.00295588 0.00137702 0.00148922 0.000670219 0.000375251 0.000127072 
acc 0.869101 0.876094 0.867304 0.897856 0.922598 0.938034 0.942206 0.941681 0.947705 0.950391 0.950605 0.949733 0.95169 0.951495 0.952295 0.952714 0.951299 0.95282 0.952109 0.952002 
std_acc 0.0192024 0.0292912 0.0195747 0.00945868 0.00873247 0.00863528 0.00410974 0.00302066 0.00471477 0.00271409 0.00250593 0.0018852 0.000596815 0.00123457 0.00123777 0.00171307 0.0019346 0.00146219 0.00145459 0.00172596 
f1 0.51038 0.529314 0.493032 0.587162 0.657051 0.71671 0.732102 0.725381 0.753611 0.765052 0.76622 0.761906 0.769797 0.768975 0.77315 0.77426 0.768677 0.775924 0.77251 0.771693 
std_f1 0.049982 0.0740793 0.0607104 0.0307873 0.0309309 0.0348842 0.0168006 0.0118028 0.0213885 0.0119092 0.0116067 0.00877072 0.00273739 0.00517155 0.0043455 0.00764815 0.00914843 0.00717958 0.0075901 0.0091304 
time 0.146154 0.145341 0.145389 0.145738 0.145684 0.145716 0.145862 0.146077 0.146187 0.146302 0.146607 0.147158 0.1469 0.147165 0.147158 0.146907 0.147011 0.14677 0.146935 0.14668 
std_time 0.000757267 0.000213433 0.000167327 0.000221728 0.000273108 0.000231485 0.000191192 0.00027606 0.000338757 0.000247693 0.000318502 0.000764618 0.00035183 0.000285457 0.000235051 0.000151684 0.000231565 0.000187456 0.000551515 0.00025067 
AROW
que 1 1 1 1 1 1 1 1 1 1 1 1 1 1 1 1 1 1 1 1 
std_que 0 0 0 0 0 0 0 0 0 0 0 0 0 0 0 0 0 0 0 0 
acc 0.967518 0.967518 0.967518 0.967518 0.967518 0.967518 0.967518 0.967518 0.967518 0.967518 0.967518 0.967518 0.967518 0.967518 0.967518 0.967518 0.967518 0.967518 0.967518 0.967518 
std_acc 0.00112463 0.00112463 0.00112463 0.00112463 0.00112463 0.00112463 0.00112463 0.00112463 0.00112463 0.00112463 0.00112463 0.00112463 0.00112463 0.00112463 0.00112463 0.00112463 0.00112463 0.00112463 0.00112463 0.00112463 
f1 0.837339 0.837339 0.837339 0.837339 0.837339 0.837339 0.837339 0.837339 0.837339 0.837339 0.837339 0.837339 0.837339 0.837339 0.837339 0.837339 0.837339 0.837339 0.837339 0.837339 
std_f1 0.00543517 0.00543517 0.00543517 0.00543517 0.00543517 0.00543517 0.00543517 0.00543517 0.00543517 0.00543517 0.00543517 0.00543517 0.00543517 0.00543517 0.00543517 0.00543517 0.00543517 0.00543517 0.00543517 0.00543517 
time 0.014777 0.014777 0.014777 0.014777 0.014777 0.014777 0.014777 0.014777 0.014777 0.014777 0.014777 0.014777 0.014777 0.014777 0.014777 0.014777 0.014777 0.014777 0.014777 0.014777 
std_time 0.000430964 0.000430964 0.000430964 0.000430964 0.000430964 0.000430964 0.000430964 0.000430964 0.000430964 0.000430964 0.000430964 0.000430964 0.000430964 0.000430964 0.000430964 0.000430964 0.000430964 0.000430964 0.000430964 0.000430964 
AAROW
que 0.00163701 0.00234875 0.00502669 0.00781139 0.0127046 0.0222776 0.0381762 0.0621352 0.0976246 0.153728 0.248621 0.394875 0.530347 0.681984 0.800587 0.881664 0.932936 0.968514 0.982482 0.990765 
std_que 0.000643036 0.000973945 0.00166622 0.00163556 0.00311434 0.000741376 0.00449072 0.00414159 0.00823889 0.00834356 0.0110085 0.0226282 0.0208014 0.0246935 0.0124614 0.0128231 0.00741395 0.00414651 0.00197859 0.00147901 
acc 0.742785 0.899181 0.891708 0.912082 0.92371 0.935169 0.93339 0.945738 0.954084 0.958158 0.963016 0.962384 0.96556 0.967883 0.967536 0.967589 0.967518 0.96798 0.967767 0.968648 
std_acc 0.201307 0.00663618 0.0322043 0.0203692 0.00883643 0.00698685 0.00896103 0.00346883 0.00292296 0.00264477 0.00190007 0.0019905 0.00212964 0.00204858 0.00182891 0.00172816 0.00281986 0.00233257 0.00228928 0.0011649 
f1 0.137379 0.169151 0.366088 0.454223 0.619605 0.634245 0.625861 0.710917 0.759743 0.788405 0.816238 0.807698 0.827513 0.841121 0.836784 0.839331 0.837818 0.839011 0.839887 0.840718 
std_f1 0.124358 0.169274 0.211783 0.169762 0.0466331 0.0531086 0.106998 0.0313506 0.0201033 0.0118484 0.011931 0.0105881 0.0109871 0.00855685 0.00864802 0.00743104 0.0122763 0.0102951 0.0105483 0.00698015 
time 0.00222065 0.0020936 0.0024142 0.0026572 0.00308015 0.00366675 0.0046878 0.0057004 0.0069399 0.00822055 0.0101454 0.0124691 0.0126094 0.0134603 0.0141592 0.0144916 0.0139975 0.0146426 0.0143068 0.0137807 
std_time 0.000147763 0.000142735 0.000269021 0.000263385 0.000393557 0.000282245 0.000458847 0.000440083 0.000732576 0.000597808 0.000710185 0.00079017 0.00103625 0.00129483 0.000994206 0.00100005 0.00128882 0.00105416 0.00112184 0.00102467 
AAROW2
que 0.014137 0.00736655 0.0191281 0.00753559 0.00419039 0.0210053 0.0209075 0.00982206 0.0316014 0.0364502 0.0448932 0.0625979 0.0820641 0.120801 0.180641 0.282767 0.401085 0.556023 0.69339 0.799297 
std_que 0.0168197 0.0120814 0.0167908 0.0137541 0.00547467 0.00759736 0.0175373 0.0109332 0.00271339 0.00322417 0.00536444 0.004342 0.00675609 0.00877657 0.00963266 0.0107874 0.0154273 0.025045 0.0125952 0.017355 
acc 0.921077 0.91161 0.93242 0.910525 0.902891 0.929164 0.928719 0.907891 0.942651 0.949226 0.955596 0.961726 0.961077 0.963763 0.96532 0.964582 0.96597 0.966699 0.967456 0.969546 
std_acc 0.0260454 0.0204179 0.0295906 0.021409 0.00531635 0.0207584 0.0261409 0.0170688 0.0126173 0.0140129 0.00295795 0.00122621 0.00235715 0.00257871 0.00167855 0.00285446 0.00275248 0.00267986 0.00228764 0.00126857 
f1 0.301647 0.172878 0.43997 0.15249 0.0750708 0.464377 0.419582 0.125929 0.651712 0.704883 0.757542 0.807557 0.803313 0.818844 0.82547 0.82457 0.829328 0.831988 0.838283 0.844946 
std_f1 0.369521 0.299433 0.39811 0.305 0.130026 0.260135 0.379692 0.255183 0.116877 0.126623 0.0247246 0.00718524 0.00578296 0.0137675 0.0107733 0.0122389 0.0142751 0.0114737 0.0109781 0.00886092 
time 0.0392872 0.0384506 0.0397724 0.0385554 0.0381276 0.039619 0.0397362 0.0381494 0.0403492 0.0407054 0.0409557 0.0417529 0.0420634 0.042939 0.0435197 0.0447939 0.0451315 0.0459385 0.0461399 0.0458556 
std_time 0.00168468 0.00126985 0.00184271 0.00138722 0.000872204 0.000813598 0.00182928 0.00118878 0.000357275 0.000454739 0.000440788 0.000395587 0.000443706 0.000420242 0.000322227 0.000513304 0.000563554 0.000937936 0.000839417 0.000726243 
RAROW
que 0.0144306 0.00685053 0.0189947 0.00795374 0.00400356 0.0217705 0.0216637 0.0100623 0.0329004 0.033879 0.0436744 0.0636477 0.0832117 0.120792 0.181975 0.281486 0.401931 0.557073 0.692411 0.795071 
std_que 0.0171674 0.0111162 0.0164944 0.0147829 0.00537222 0.00734194 0.0182465 0.01119 0.00262834 0.00346971 0.00598973 0.00743808 0.00656612 0.0102934 0.0139608 0.0104984 0.0157274 0.024294 0.013956 0.0189643 
acc 0.675881 0.591975 0.768826 0.548879 0.617758 0.888683 0.878212 0.865667 0.904368 0.912429 0.902198 0.922278 0.928034 0.932464 0.944644 0.952927 0.958657 0.962758 0.966041 0.966254 
std_acc 0.2679 0.308808 0.20585 0.239733 0.256824 0.017902 0.04373 0.0238483 0.0172246 0.0116534 0.0150412 0.00589626 0.0117287 0.00671893 0.00529248 0.00552705 0.00338185 0.00367217 0.00407907 0.00220258 
f1 0.303157 0.224939 0.352345 0.250332 0.215567 0.405481 0.341075 0.290538 0.500345 0.567146 0.54133 0.610309 0.621124 0.675703 0.723836 0.768622 0.795664 0.814941 0.832373 0.830663 
std_f1 0.165364 0.12715 0.17312 0.160266 0.0844704 0.0827163 0.149632 0.151593 0.0672024 0.0544948 0.0741475 0.0447177 0.0735237 0.0385027 0.0262654 0.021876 0.0141318 0.0159207 0.0167548 0.0121038 
time 0.00246785 0.00233235 0.00261745 0.00236105 0.0023288 0.0027581 0.0026305 0.00241445 0.0031168 0.0030126 0.0032353 0.00362485 0.0037683 0.0045702 0.0053796 0.00680425 0.00763695 0.00988345 0.0113124 0.0118007 
std_time 0.000448635 0.000354626 0.000418184 0.000475435 0.000247729 0.000257185 0.000424555 0.000303402 0.000183419 0.000195213 0.000171929 0.000295345 0.000181464 0.000453882 0.000349535 0.00059571 0.000754237 0.00146017 0.000912757 0.000839399 
AROWC
que 1 1 1 1 1 1 1 1 1 1 1 1 1 1 1 1 1 1 1 1 
std_que 0 0 0 0 0 0 0 0 0 0 0 0 0 0 0 0 0 0 0 0 
acc 0.96782 0.96782 0.96782 0.96782 0.96782 0.96782 0.96782 0.96782 0.96782 0.96782 0.96782 0.96782 0.96782 0.96782 0.96782 0.96782 0.96782 0.96782 0.96782 0.96782 
std_acc 0.000978284 0.000978284 0.000978284 0.000978284 0.000978284 0.000978284 0.000978284 0.000978284 0.000978284 0.000978284 0.000978284 0.000978284 0.000978284 0.000978284 0.000978284 0.000978284 0.000978284 0.000978284 0.000978284 0.000978284 
f1 0.840014 0.840014 0.840014 0.840014 0.840014 0.840014 0.840014 0.840014 0.840014 0.840014 0.840014 0.840014 0.840014 0.840014 0.840014 0.840014 0.840014 0.840014 0.840014 0.840014 
std_f1 0.00474443 0.00474443 0.00474443 0.00474443 0.00474443 0.00474443 0.00474443 0.00474443 0.00474443 0.00474443 0.00474443 0.00474443 0.00474443 0.00474443 0.00474443 0.00474443 0.00474443 0.00474443 0.00474443 0.00474443 
time 0.04385 0.04385 0.04385 0.04385 0.04385 0.04385 0.04385 0.04385 0.04385 0.04385 0.04385 0.04385 0.04385 0.04385 0.04385 0.04385 0.04385 0.04385 0.04385 0.04385 
std_time 0.00290679 0.00290679 0.00290679 0.00290679 0.00290679 0.00290679 0.00290679 0.00290679 0.00290679 0.00290679 0.00290679 0.00290679 0.00290679 0.00290679 0.00290679 0.00290679 0.00290679 0.00290679 0.00290679 0.00290679 
