APE
que 0.00024087 0.00016317 0.00035742 0.00020202 0.0001554 0.0001554 0.0001554 0.00026418 0.00019425 0.00017094 0.0001554 0.00026418 0.00024087 0.00026418 0.00028749 0.00045066 0.000606061 0.000994561 0.00247086 0.00341103 
std_que 7.73106e-05 3.38687e-05 0.000220318 7.12133e-05 0 0 0 0.000148242 6.72902e-05 4.662e-05 0 0.000121371 0.000114986 0.00013986 0.000215749 0.000146604 0.000273169 0.000165922 0.000860894 0.00125237 
acc 0.765587 0.765509 0.765703 0.765548 0.765501 0.765501 0.765501 0.76561 0.76554 0.765517 0.765501 0.765532 0.765563 0.765517 0.765633 0.765618 0.76554 0.760186 0.669425 0.652191 
std_acc 7.73106e-05 3.38687e-05 0.000220318 7.12133e-05 2.22045e-16 2.22045e-16 2.22045e-16 0.000148242 6.72902e-05 4.662e-05 2.22045e-16 6.21601e-05 7.61302e-05 4.662e-05 0.000215749 0.000183049 6.72902e-05 0.00882785 0.0788299 0.0991645 
f1 0.000728477 6.62252e-05 0.00171975 0.000397351 0 0 0 0.000926539 0.000331126 0.00013245 0 0.000264901 0.000529801 0.00013245 0.00112425 0.000992327 0.000331126 0.0195123 0.177598 0.174966 
std_f1 0.000658932 0.000288669 0.00187529 0.000606964 0 0 0 0.00126266 0.000573527 0.000397351 0 0.000529801 0.000648871 0.000397351 0.00183529 0.00155726 0.000573527 0.0263228 0.0927518 0.124302 
time 0.0026559 0.00254835 0.00256475 0.00266565 0.00253865 0.0025183 0.00235785 0.00225205 0.0023829 0.0024915 0.00243175 0.00233735 0.0022898 0.0023149 0.00224205 0.0022557 0.00233305 0.0023508 0.0024115 0.002393 
std_time 8.26438e-05 8.0452e-05 5.53352e-05 0.000149297 4.41942e-05 7.14235e-05 0.000116925 4.46043e-05 0.000152235 9.98381e-05 0.000197878 0.00011052 3.32184e-05 0.000103709 2.03948e-05 5.44941e-05 9.95969e-05 4.57948e-05 7.05666e-05 0.000105469 
APAII
que 0.0001554 0.0001554 0.00017094 0.00032634 0.0001554 0.00020202 0.00020202 0.00041181 0.000528361 0.000644911 0.00118104 0.00105672 0.00042735 0.000652681 0.000590521 0.000590521 0.000971251 0.000792541 0.000963481 0.000784771 
std_que 0 0 4.662e-05 0.000129085 0 7.12133e-05 9.95047e-05 7.41212e-05 7.61302e-05 0.000344957 0.000834544 0.00046256 0.000137904 0.00025817 0.000331844 0.000187771 0.000386553 0.00032187 0.000490435 0.000359358 
acc 0.473364 0.738943 0.525346 0.682424 0.765501 0.765501 0.765501 0.610326 0.570427 0.539487 0.420536 0.437622 0.421818 0.296628 0.635952 0.559845 0.672696 0.742634 0.633054 0.678912 
std_acc 0.264248 0.115763 0.25069 0.126902 2.22045e-16 2.22045e-16 2.22045e-16 0.211468 0.223499 0.108277 0.142858 0.10375 0.222723 0.152978 0.144736 0.216726 0.0846082 0.0305724 0.160229 0.0470451 
f1 0.208838 0.0189853 0.183505 0.0948681 0 0 0 0.127643 0.17795 0.267232 0.330588 0.33854 0.274039 0.343155 0.16828 0.190379 0.162311 0.0672787 0.169808 0.177217 
std_f1 0.188901 0.0827549 0.184381 0.144913 0 0 0 0.173949 0.163354 0.0920292 0.0409964 0.0258056 0.150746 0.103729 0.138513 0.170084 0.0869781 0.0742703 0.110593 0.0644967 
time 0.00291625 0.0028546 0.0028494 0.00291565 0.00287185 0.0028313 0.0026661 0.00257625 0.00268285 0.00279775 0.0027914 0.00264205 0.002607 0.0025953 0.0025774 0.0026265 0.00263655 0.0026073 0.0025837 0.0026387 
std_time 8.11948e-05 7.96602e-05 5.96225e-05 0.00012771 9.05258e-05 6.33886e-05 0.000151445 3.31133e-05 0.000152805 0.000106727 0.000241913 0.000101909 7.22516e-05 3.92085e-05 5.79201e-05 7.5025e-05 9.92736e-05 5.04263e-05 2.60943e-05 7.78878e-05 
ASOP
que 0.0223077 0.0258353 0.0392075 0.0560839 0.0944678 0.15871 0.263434 0.381173 0.569378 0.716232 0.834242 0.907653 0.946441 0.973862 0.985175 0.993147 0.996752 0.998609 0.999277 0.999744 
std_que 0.00116858 0.00147661 0.00207102 0.00102952 0.0114838 0.0083729 0.0212621 0.0220322 0.00829515 0.00977348 0.0153765 0.00164964 0.00371802 0.00342113 0.00125037 0.000899309 0.000986393 0.00032402 0.000265889 0.000179048 
acc 0.713714 0.681274 0.717855 0.776348 0.788104 0.808485 0.828982 0.84122 0.835027 0.83561 0.832222 0.83303 0.834258 0.83216 0.83596 0.833092 0.832401 0.831134 0.832549 0.83122 
std_acc 0.0352837 0.0209345 0.0121252 0.0209882 0.0221326 0.01051 0.00406023 0.002086 0.00283596 0.00202574 0.00351743 0.00484576 0.00191998 0.00199946 0.00145894 0.00265069 0.00234263 0.00368278 0.00166465 0.00427983 
f1 0.483657 0.436417 0.481589 0.538516 0.532052 0.580006 0.622857 0.649225 0.643762 0.643257 0.637365 0.639051 0.642348 0.638 0.646026 0.639314 0.637959 0.635297 0.637812 0.635387 
std_f1 0.0522781 0.0360793 0.0270962 0.0436397 0.037394 0.0227115 0.00774358 0.00814993 0.00710901 0.00607068 0.00908466 0.0100721 0.00373066 0.00411599 0.00378108 0.00607607 0.00550858 0.00795539 0.00399935 0.00980854 
time 0.0819553 0.0811496 0.0809904 0.0815198 0.0813645 0.0817998 0.0820295 0.0821934 0.083061 0.0835315 0.0835947 0.0835054 0.0840733 0.0833444 0.0832972 0.0834596 0.08345 0.083485 0.0833481 0.0834011 
std_time 0.002732 0.000651359 0.000215973 0.000567073 0.000214316 0.000258673 0.000338053 0.000189865 0.000205645 0.000199641 0.000487505 0.000309698 0.00302984 0.000155018 0.000168632 0.000204018 0.000218054 0.000277904 0.000167313 0.000254434 
AROW
que 1 1 1 1 1 1 1 1 1 1 1 1 1 1 1 1 1 1 1 1 
std_que 0 0 0 0 0 0 0 0 0 0 0 0 0 0 0 0 0 0 0 0 
acc 0.819169 0.819169 0.819169 0.819169 0.819169 0.819169 0.819169 0.819169 0.819169 0.819169 0.819169 0.819169 0.819169 0.819169 0.819169 0.819169 0.819169 0.819169 0.819169 0.819169 
std_acc 0.0171853 0.0171853 0.0171853 0.0171853 0.0171853 0.0171853 0.0171853 0.0171853 0.0171853 0.0171853 0.0171853 0.0171853 0.0171853 0.0171853 0.0171853 0.0171853 0.0171853 0.0171853 0.0171853 0.0171853 
f1 0.566909 0.566909 0.566909 0.566909 0.566909 0.566909 0.566909 0.566909 0.566909 0.566909 0.566909 0.566909 0.566909 0.566909 0.566909 0.566909 0.566909 0.566909 0.566909 0.566909 
std_f1 0.0609846 0.0609846 0.0609846 0.0609846 0.0609846 0.0609846 0.0609846 0.0609846 0.0609846 0.0609846 0.0609846 0.0609846 0.0609846 0.0609846 0.0609846 0.0609846 0.0609846 0.0609846 0.0609846 0.0609846 
time 0.0375862 0.0375862 0.0375862 0.0375862 0.0375862 0.0375862 0.0375862 0.0375862 0.0375862 0.0375862 0.0375862 0.0375862 0.0375862 0.0375862 0.0375862 0.0375862 0.0375862 0.0375862 0.0375862 0.0375862 
std_time 0.00305585 0.00305585 0.00305585 0.00305585 0.00305585 0.00305585 0.00305585 0.00305585 0.00305585 0.00305585 0.00305585 0.00305585 0.00305585 0.00305585 0.00305585 0.00305585 0.00305585 0.00305585 0.00305585 0.00305585 
AAROW
que 0.00189588 0.00359751 0.00777001 0.01446 0.0220591 0.0418493 0.0739782 0.138811 0.211072 0.277879 0.370295 0.539938 0.657273 0.765431 0.869852 0.92467 0.958772 0.980754 0.991274 0.993978 
std_que 0.00111802 0.00136476 0.00143356 0.00202108 0.00603915 0.00956363 0.0117391 0.0424144 0.0324894 0.0410875 0.0286241 0.0573166 0.0569373 0.0438526 0.0251323 0.0166232 0.0137241 0.00548196 0.00201318 0.00176697 
acc 0.499052 0.736566 0.648011 0.689907 0.76317 0.777078 0.698827 0.800808 0.792284 0.778702 0.842587 0.822673 0.836301 0.831725 0.815897 0.832292 0.814693 0.821694 0.812113 0.801709 
std_acc 0.16224 0.0781796 0.117635 0.0477389 0.0316332 0.0106818 0.0521584 0.0282536 0.017279 0.0562588 0.0102734 0.0291573 0.0190351 0.00763239 0.0191167 0.0159325 0.0263538 0.0214486 0.0146069 0.0740807 
f1 0.336778 0.144871 0.416892 0.395993 0.42402 0.456588 0.426968 0.513553 0.517425 0.551615 0.644761 0.596901 0.625181 0.612912 0.564272 0.601287 0.576025 0.607282 0.547811 0.579413 
std_f1 0.171108 0.115317 0.1415 0.13406 0.0780855 0.0317626 0.0500359 0.0734147 0.077102 0.0599156 0.0191127 0.0564551 0.0491045 0.0313828 0.0374664 0.0400487 0.0624096 0.0189885 0.0523072 0.0896793 
time 0.00283415 0.0028825 0.00315625 0.003744 0.00402225 0.00526395 0.0069648 0.0110431 0.0147957 0.0173861 0.0196787 0.0264009 0.0288546 0.0309356 0.0334439 0.0325168 0.0338681 0.0347517 0.0353924 0.0343797 
std_time 0.000127789 0.00017255 0.000126792 0.000220847 0.000371176 0.000663224 0.000774749 0.00328383 0.00224947 0.00325044 0.00246578 0.00489895 0.00486385 0.00453261 0.00317704 0.00341223 0.00414743 0.00329327 0.00174056 0.0053088 
AAROW2
que 0.0018648 0.00021756 0.0352836 0.0158275 0.0338695 0.0294017 0.0497591 0.0476457 0.0592463 0.06777 0.0773116 0.112696 0.176138 0.227327 0.305237 0.426301 0.572673 0.69188 0.794848 0.865144 
std_que 0.00670656 7.61302e-05 0.00922225 0.023439 0.006347 0.00205199 0.00984747 0.00933028 0.0132386 0.0119396 0.0173064 0.0109491 0.015204 0.0283465 0.0307775 0.038457 0.0556376 0.0218588 0.0362898 0.0219765 
acc 0.482044 0.738943 0.711282 0.753613 0.780365 0.77697 0.763069 0.769751 0.785936 0.785625 0.806115 0.797529 0.799293 0.804561 0.798314 0.827195 0.814639 0.815462 0.810389 0.809588 
std_acc 0.258972 0.115763 0.100856 0.0181953 0.0238165 0.0153533 0.0210076 0.0381716 0.0367901 0.031112 0.0332719 0.0303847 0.0095865 0.0394087 0.0394583 0.0134307 0.0285396 0.0190486 0.0332796 0.0617157 
f1 0.209468 0.0189853 0.436962 0.136201 0.466952 0.379695 0.418326 0.467552 0.518846 0.459838 0.501846 0.547877 0.498143 0.592278 0.55245 0.59543 0.590069 0.58857 0.546568 0.58752 
std_f1 0.189487 0.0827549 0.115543 0.208708 0.0282342 0.0682973 0.0528771 0.102125 0.0882951 0.0985853 0.157046 0.0432602 0.0478892 0.0423967 0.08176 0.0499909 0.0511952 0.0185493 0.0715076 0.0733328 
time 0.0278473 0.0279255 0.0298906 0.0291409 0.0298108 0.0295971 0.0305763 0.0301619 0.0308532 0.0310849 0.0311706 0.0326745 0.0349822 0.036521 0.0384251 0.0411304 0.0448293 0.0465165 0.0471196 0.0476412 
std_time 0.000710475 0.00047621 0.000655865 0.00120162 0.000359049 0.000336604 0.000616367 0.000498581 0.000669764 0.000644593 0.000766023 0.000470683 0.000875842 0.00127107 0.00139895 0.00169041 0.00257506 0.00192282 0.00166571 0.00311117 
RAROW
que 0.00191142 0.00013209 0.0338073 0.0160761 0.0333023 0.0310334 0.0516162 0.046317 0.0598601 0.0692618 0.0784227 0.111981 0.174817 0.22634 0.303193 0.427148 0.573543 0.691709 0.792922 0.865719 
std_que 0.00669558 0.000149661 0.00908466 0.0241675 0.00751551 0.00303731 0.011053 0.00890641 0.0130173 0.0141078 0.018651 0.00986374 0.0174996 0.0286756 0.0311652 0.0379409 0.0575289 0.0241247 0.0402629 0.0214687 
acc 0.509099 0.40209 0.701671 0.573085 0.732867 0.719262 0.743916 0.711841 0.741733 0.727444 0.757257 0.739013 0.753403 0.76007 0.792642 0.800365 0.81533 0.793838 0.790124 0.800544 
std_acc 0.190291 0.185451 0.122882 0.244449 0.0174723 0.0232262 0.0567292 0.0188268 0.0381828 0.0453088 0.0489332 0.018124 0.0170308 0.0279914 0.026039 0.0230577 0.0192812 0.0422416 0.0217683 0.0766168 
f1 0.273522 0.325593 0.473769 0.286561 0.399919 0.406081 0.452372 0.382841 0.450204 0.479081 0.497495 0.369248 0.511857 0.493297 0.540011 0.548678 0.544477 0.562245 0.525163 0.579385 
std_f1 0.127543 0.0598242 0.0603072 0.187372 0.0446872 0.0584024 0.120224 0.115118 0.0862333 0.0171893 0.0868747 0.0615148 0.0287257 0.0679738 0.0765657 0.0555386 0.0832978 0.0740652 0.0478724 0.0985094 
time 0.00292875 0.0028815 0.0039176 0.0034218 0.0038105 0.0037533 0.00423015 0.0043225 0.00460545 0.0050729 0.0050513 0.00665005 0.00935485 0.0107629 0.012867 0.0159974 0.0212139 0.0260649 0.0293241 0.0296206 
std_time 0.000250711 0.000138285 0.000402263 0.000795971 0.000263134 0.000191009 0.000418634 0.000398459 0.000555078 0.000295534 0.000597498 0.000420366 0.000680981 0.000894512 0.00183355 0.00261513 0.00354003 0.00450896 0.00284765 0.00581759 
AROWC
que 1 1 1 1 1 1 1 1 1 1 1 1 1 1 1 1 1 1 1 1 
std_que 0 0 0 0 0 0 0 0 0 0 0 0 0 0 0 0 0 0 0 0 
acc 0.861476 0.861476 0.861476 0.861476 0.861476 0.861476 0.861476 0.861476 0.861476 0.861476 0.861476 0.861476 0.861476 0.861476 0.861476 0.861476 0.861476 0.861476 0.861476 0.861476 
std_acc 0.00809445 0.00809445 0.00809445 0.00809445 0.00809445 0.00809445 0.00809445 0.00809445 0.00809445 0.00809445 0.00809445 0.00809445 0.00809445 0.00809445 0.00809445 0.00809445 0.00809445 0.00809445 0.00809445 0.00809445 
f1 0.667521 0.667521 0.667521 0.667521 0.667521 0.667521 0.667521 0.667521 0.667521 0.667521 0.667521 0.667521 0.667521 0.667521 0.667521 0.667521 0.667521 0.667521 0.667521 0.667521 
std_f1 0.0262383 0.0262383 0.0262383 0.0262383 0.0262383 0.0262383 0.0262383 0.0262383 0.0262383 0.0262383 0.0262383 0.0262383 0.0262383 0.0262383 0.0262383 0.0262383 0.0262383 0.0262383 0.0262383 0.0262383 
time 0.0457302 0.0457302 0.0457302 0.0457302 0.0457302 0.0457302 0.0457302 0.0457302 0.0457302 0.0457302 0.0457302 0.0457302 0.0457302 0.0457302 0.0457302 0.0457302 0.0457302 0.0457302 0.0457302 0.0457302 
std_time 0.00319189 0.00319189 0.00319189 0.00319189 0.00319189 0.00319189 0.00319189 0.00319189 0.00319189 0.00319189 0.00319189 0.00319189 0.00319189 0.00319189 0.00319189 0.00319189 0.00319189 0.00319189 0.00319189 0.00319189 
