/******************************************/
PAI_C	 Acc	 F1	 Max_Acc
0.03125	0.746286	0.453016	0.746286
0.0625	0.738772	0.43948	0.746286
0.125	0.754468	0.473684	0.754468
0.25	0.756643	0.479388	0.756643
0.5	0.757576	0.482759	0.757576
1	0.737374	0.439283	0.757576
2	0.777312	0.525025	0.777312
4	0.770319	0.510272	0.777312
8	0.742191	0.450116	0.777312
16	0.770163	0.510103	0.777312
32	0.738928	0.442971	0.777312
/******************************************/
/******************************************/
PAI_C	 Acc	 F1	 Max_Acc
0.03125	0.760373	0.0326223	0.760373
0.0625	0.760528	0.0326428	0.760528
0.125	0.760528	0.0326428	0.760528
0.25	0.760528	0.0326428	0.760528
0.5	0.760528	0.0326428	0.760528
1	0.760528	0.0326428	0.760528
2	0.760528	0.0326428	0.760528
4	0.760528	0.0326428	0.760528
8	0.760528	0.0326428	0.760528
16	0.760528	0.0326428	0.760528
32	0.760528	0.0326428	0.760528
/******************************************/
/******************************************/
PAI_C	 Acc	 F1	 Max_Acc
0.03125	0.03125	0.673427	0.363666	0.673427
0.03125	0.0625	0.717607	0.466154	0.717607
0.03125	0.125	0.733271	0.404692	0.733271
0.03125	0.25	0.779169	0.500567	0.779169
0.03125	0.5	0.768625	0.450375	0.779169
0.03125	1	0.771049	0.401899	0.779169
0.03125	2	0.772106	0.309104	0.779169
0.03125	4	0.773955	0.436715	0.779169
0.03125	8	0.734328	0.40399	0.779169
0.03125	16	0.769425	0.470507	0.779169
0.03125	32	0.751204	0.464011	0.779169
0.0625	0.03125	0.748936	0.424486	0.779169
0.0625	0.0625	0.768687	0.346121	0.779169
0.0625	0.125	0.751888	0.303327	0.779169
0.0625	0.25	0.699775	0.447676	0.779169
0.0625	0.5	0.77007	0.387865	0.779169
0.0625	1	0.777382	0.359821	0.779169
0.0625	2	0.786853	0.453367	0.786853
0.0625	4	0.763225	0.383763	0.786853
0.0625	8	0.778462	0.445045	0.786853
0.0625	16	0.817405	0.577186	0.817405
0.0625	32	0.851414	0.6606	0.851414
0.125	0.03125	0.761336	0.322156	0.851414
0.125	0.0625	0.679347	0.203345	0.851414
0.125	0.125	0.732549	0.390093	0.851414
0.125	0.25	0.753768	0.452215	0.851414
0.125	0.5	0.722828	0.461761	0.851414
0.125	1	0.755338	0.343531	0.851414
0.125	2	0.771064	0.491477	0.851414
0.125	4	0.776014	0.388222	0.851414
0.125	8	0.791841	0.528699	0.851414
0.125	16	0.833256	0.636641	0.851414
0.125	32	0.849635	0.657874	0.851414
0.25	0.03125	0.747669	0.282187	0.851414
0.25	0.0625	0.768166	0.388022	0.851414
0.25	0.125	0.763869	0.437969	0.851414
0.25	0.25	0.696224	0.429929	0.851414
0.25	0.5	0.775929	0.232832	0.851414
0.25	1	0.764724	0.238592	0.851414
0.25	2	0.792968	0.467823	0.851414
0.25	4	0.849728	0.639044	0.851414
0.25	8	0.867397	0.691806	0.867397
0.25	16	0.85237	0.667134	0.867397
0.25	32	0.865113	0.689095	0.867397
0.5	0.03125	0.74014	0.273322	0.867397
0.5	0.0625	0.741344	0.15864	0.867397
0.5	0.125	0.76115	0.250902	0.867397
0.5	0.25	0.758485	0.127414	0.867397
0.5	0.5	0.737995	0.0953591	0.867397
0.5	1	0.8	0.396058	0.867397
0.5	2	0.86892	0.691725	0.86892
0.5	4	0.866356	0.690425	0.86892
0.5	8	0.840645	0.639972	0.86892
0.5	16	0.723598	0.493902	0.86892
0.5	32	0.849728	0.666206	0.86892
1	0.03125	0.764965	0.527352	0.86892
1	0.0625	0.760451	0.184472	0.86892
1	0.125	0.756682	0.438191	0.86892
1	0.25	0.761562	0.526937	0.86892
1	0.5	0.817925	0.554859	0.86892
1	1	0.803885	0.513536	0.86892
1	2	0.773877	0.520881	0.86892
1	4	0.86589	0.686296	0.86892
1	8	0.856659	0.668198	0.86892
1	16	0.843201	0.646832	0.86892
1	32	0.839938	0.651792	0.86892
2	0.03125	0.760031	0.130467	0.86892
2	0.0625	0.774732	0.411335	0.86892
2	0.125	0.764747	0.219634	0.86892
2	0.25	0.79627	0.465248	0.86892
2	0.5	0.852502	0.658062	0.86892
2	1	0.867288	0.690355	0.86892
2	2	0.72951	0.506907	0.86892
2	4	0.703691	0.480981	0.86892
2	8	0.849106	0.662964	0.86892
2	16	0.836939	0.641934	0.86892
2	32	0.836985	0.643076	0.86892
4	0.03125	0.773015	0.468079	0.86892
4	0.0625	0.772968	0.295275	0.86892
4	0.125	0.750886	0.378486	0.86892
4	0.25	0.842922	0.617121	0.86892
4	0.5	0.848796	0.631579	0.86892
4	1	0.843085	0.643967	0.86892
4	2	0.859052	0.682312	0.86892
4	4	0.822409	0.618089	0.86892
4	8	0.818026	0.609537	0.86892
4	16	0.827319	0.626296	0.86892
4	32	0.837451	0.644218	0.86892
8	0.03125	0.780793	0.375679	0.86892
8	0.0625	0.821523	0.575845	0.86892
8	0.125	0.847055	0.641814	0.86892
8	0.25	0.826107	0.568786	0.86892
8	0.5	0.863947	0.682688	0.86892
8	1	0.853613	0.66831	0.86892
8	2	0.836356	0.635762	0.86892
8	4	0.837296	0.642051	0.86892
8	8	0.832712	0.636851	0.86892
8	16	0.8446	0.661247	0.86892
8	32	0.840715	0.6543	0.86892
16	0.03125	0.834204	0.521255	0.86892
16	0.0625	0.865734	0.681181	0.86892
16	0.125	0.862471	0.676237	0.86892
16	0.25	0.806853	0.591381	0.86892
16	0.5	0.710334	0.476992	0.86892
16	1	0.850692	0.658225	0.86892
16	2	0.782595	0.539954	0.86892
16	4	0.821756	0.622184	0.86892
16	8	0.836674	0.638707	0.86892
16	16	0.835897	0.640082	0.86892
16	32	0.823885	0.622475	0.86892
32	0.03125	0.831702	0.582015	0.86892
32	0.0625	0.855633	0.65297	0.86892
32	0.125	0.861538	0.676138	0.86892
32	0.25	0.859363	0.683456	0.86892
32	0.5	0.856721	0.682069	0.86892
32	1	0.848796	0.6618	0.86892
32	2	0.843357	0.652653	0.86892
32	4	0.839099	0.648327	0.86892
32	8	0.834499	0.638616	0.86892
32	16	0.836519	0.646505	0.86892
32	32	0.830925	0.632402	0.86892
/******************************************/
/******************************************/
PAI_C	 Acc	 F1	 Max_Acc
0.03125	0.872416	0.703074	0.872416
0.0625	0.86791	0.694245	0.872416
0.125	0.866193	0.67575	0.872416
0.25	0.853271	0.635403	0.872416
0.5	0.856752	0.644164	0.872416
1	0.861911	0.655975	0.872416
2	0.856566	0.643147	0.872416
4	0.852789	0.636535	0.872416
8	0.854577	0.640478	0.872416
16	0.855556	0.6448	0.872416
32	0.858081	0.658696	0.872416
/******************************************/

Best PAI_C: 	2
Best PAII_C:	0.0625
Best AROW_r=0.5	 AROW_eta=2
Best AROWC_r=0.03125
