APE
que 0.000412954 0.000217344 0.000412954 0.000260813 0.000282547 0.000423821 0.000380352 0.000489024 0.00054336 0.000825907 0.00191263 0.0013584 0.000847642 0.00582482 0.00718322 0.00932406 0.0139644 0.0278526 0.0370137 0.036003 
std_que 0.000298799 5.42101e-20 0.000216255 0.000130406 9.95996e-05 0.000270373 0.000282338 0.000192874 0.000108672 0.00034775 0.000782439 0.000964369 0.00059084 0.00224675 0.00269057 0.00358381 0.0133969 0.0190614 0.0216706 0.0221978 
acc 0.605933 0.605738 0.605933 0.605781 0.567072 0.580124 0.605901 0.60577 0.603065 0.586764 0.56817 0.60564 0.575484 0.524223 0.474647 0.591654 0.515551 0.563464 0.538481 0.514638 
std_acc 0.000298799 1.11022e-16 0.000216255 0.000130406 0.0590625 0.0516362 0.000282338 7.76074e-05 0.00393933 0.0381114 0.0515405 0.000373142 0.0605086 0.0751441 0.0491913 0.0170334 0.0929281 0.0396639 0.0544331 0.0839562 
f1 0.000990644 0 0.000991189 0.000220264 0.151694 0.101955 0.000825537 0.000165289 0.0611096 0.0847841 0.155913 0.000495868 0.0964948 0.305301 0.463006 0.120091 0.30092 0.235823 0.304805 0.326285 
std_f1 0.00151323 0 0.0010958 0.000660793 0.231717 0.201851 0.00142987 0.000393467 0.0817767 0.168743 0.209361 0.000548202 0.19299 0.250677 0.153649 0.0964183 0.219825 0.193962 0.216757 0.236115 
time 0.00112125 0.00109855 0.0010863 0.00109565 0.0010911 0.00108975 0.0010893 0.0010877 0.0010924 0.0011429 0.00111245 0.001144 0.0011371 0.0010968 0.00110885 0.0010967 0.00109325 0.00110105 0.00109385 0.00110085 
std_time 4.01944e-05 2.94457e-05 1.34726e-05 2.21072e-05 1.59496e-05 1.59965e-05 1.84149e-05 1.34391e-05 1.73188e-05 6.35239e-05 2.53761e-05 3.93637e-05 3.9671e-05 1.92369e-05 2.81998e-05 1.70707e-05 1.29841e-05 1.71099e-05 1.31045e-05 2.92699e-05 
APAII
que 0.000239078 0.000326016 0.000554227 0.000521626 0.000923712 0.00174962 0.0027168 0.00104325 0.00190176 0.00241252 0.00340143 0.00141274 0.0026842 0.00254293 0.00264073 0.00239078 0.00315149 0.00293414 0.00243425 0.00391219 
std_que 9.47381e-05 0.000128582 0.000108127 0.000106476 0.000192874 0.000516507 0.000834726 0.000597597 0.00106892 0.000439551 0.00244768 0.000564676 0.00126223 0.000500835 0.000524673 0.000995996 0.00139083 0.00145718 0.000990288 0.00216691 
acc 0.54223 0.605738 0.510476 0.581004 0.5599 0.526755 0.5604 0.433123 0.444979 0.522017 0.596522 0.509987 0.466062 0.581504 0.589144 0.579026 0.506792 0.577722 0.496044 0.438655 
std_acc 0.09701 1.11022e-16 0.105316 0.0248438 0.0567913 0.0601988 0.0538985 0.0372238 0.0393854 0.0435159 0.0129557 0.098591 0.0763653 0.048025 0.023371 0.0287965 0.0885233 0.0543538 0.079081 0.0457382 
f1 0.169598 0 0.254397 0.140874 0.193272 0.349868 0.209926 0.534385 0.518313 0.36006 0.0664761 0.285109 0.457867 0.103414 0.111128 0.187813 0.35868 0.122917 0.367321 0.513658 
std_f1 0.259065 0 0.281246 0.141022 0.225554 0.161303 0.219033 0.0281732 0.0392009 0.174135 0.0640811 0.248621 0.115926 0.168088 0.106255 0.119233 0.173926 0.168421 0.218727 0.0705963 
time 0.00131925 0.0013191 0.00131635 0.0013249 0.0013187 0.00132255 0.0013131 0.00132395 0.0013463 0.00140055 0.00132685 0.0013395 0.00135335 0.00136515 0.00134205 0.00131335 0.00132665 0.0013151 0.00131925 0.00133995 
std_time 2.62124e-05 2.06879e-05 1.32901e-05 1.81849e-05 2.02067e-05 1.4579e-05 1.32057e-05 2.30466e-05 6.09714e-05 8.87905e-05 2.81128e-05 3.59507e-05 5.73134e-05 5.03778e-05 3.14857e-05 1.81419e-05 3.97986e-05 1.34681e-05 1.52016e-05 6.37311e-05 
ASOP
que 0.0288524 0.0507172 0.0619105 0.0925016 0.12256 0.183808 0.26115 0.402902 0.543208 0.698892 0.818681 0.892121 0.941208 0.972517 0.986894 0.992893 0.996251 0.997968 0.999011 0.999337 
std_que 0.00439491 0.00430389 0.00508198 0.003525 0.00468118 0.00455132 0.00270807 0.0147795 0.00335661 0.00469705 0.00715946 0.00406048 0.0048246 0.00153297 0.000500835 0.000957548 0.000518333 0.000645753 0.000530048 0.000242755 
acc 0.78384 0.803206 0.798826 0.82393 0.859585 0.853956 0.874017 0.875397 0.871626 0.873658 0.870963 0.872256 0.866355 0.868018 0.868398 0.866855 0.861726 0.867062 0.864214 0.86216 
std_acc 0.0174452 0.0075345 0.0337357 0.0181964 0.00300413 0.00641827 0.00669239 0.00158244 0.00181619 0.00668844 0.00031571 0.000964369 0.00289313 0.00171671 0.00453385 0.00386628 0.0010437 0.00377846 0.00198114 0.00294948 
f1 0.727848 0.75889 0.760658 0.786918 0.830741 0.820719 0.84566 0.846474 0.842486 0.844626 0.841496 0.843631 0.836792 0.838294 0.838476 0.836749 0.830616 0.837296 0.834209 0.831362 
std_f1 0.018183 0.00761074 0.0375791 0.0231928 0.00371898 0.00555056 0.0081904 0.00207937 0.002921 0.00819353 0.000651409 0.00123731 0.00334686 0.00203081 0.00535704 0.00458605 0.00184843 0.00381977 0.00224617 0.00305937 
time 0.0722878 0.0719262 0.0718744 0.0723561 0.0726205 0.0731748 0.0732059 0.0741371 0.0752202 0.0752139 0.0753128 0.0754284 0.0757033 0.075795 0.075635 0.0755574 0.0760161 0.0756935 0.0757706 0.0760123 
std_time 0.00073281 0.000369758 0.000250753 0.0002364 0.000219155 0.000245649 0.000147901 0.000342759 0.000282749 0.000458335 0.000241426 0.000170209 0.000201569 0.000340422 0.000301034 0.000260622 0.00095846 0.000256111 0.00015828 0.000237591 
AROW
que 1 1 1 1 1 1 1 1 1 1 1 1 1 1 1 1 1 1 1 1 
std_que 0 0 0 0 0 0 0 0 0 0 0 0 0 0 0 0 0 0 0 0 
acc 0.847088 0.847088 0.847088 0.847088 0.847088 0.847088 0.847088 0.847088 0.847088 0.847088 0.847088 0.847088 0.847088 0.847088 0.847088 0.847088 0.847088 0.847088 0.847088 0.847088 
std_acc 0.0818938 0.0818938 0.0818938 0.0818938 0.0818938 0.0818938 0.0818938 0.0818938 0.0818938 0.0818938 0.0818938 0.0818938 0.0818938 0.0818938 0.0818938 0.0818938 0.0818938 0.0818938 0.0818938 0.0818938 
f1 0.782543 0.782543 0.782543 0.782543 0.782543 0.782543 0.782543 0.782543 0.782543 0.782543 0.782543 0.782543 0.782543 0.782543 0.782543 0.782543 0.782543 0.782543 0.782543 0.782543 
std_f1 0.159712 0.159712 0.159712 0.159712 0.159712 0.159712 0.159712 0.159712 0.159712 0.159712 0.159712 0.159712 0.159712 0.159712 0.159712 0.159712 0.159712 0.159712 0.159712 0.159712 
time 0.0195462 0.0195462 0.0195462 0.0195462 0.0195462 0.0195462 0.0195462 0.0195462 0.0195462 0.0195462 0.0195462 0.0195462 0.0195462 0.0195462 0.0195462 0.0195462 0.0195462 0.0195462 0.0195462 0.0195462 
std_time 0.00445007 0.00445007 0.00445007 0.00445007 0.00445007 0.00445007 0.00445007 0.00445007 0.00445007 0.00445007 0.00445007 0.00445007 0.00445007 0.00445007 0.00445007 0.00445007 0.00445007 0.00445007 0.00445007 0.00445007 
AAROW
que 0.000695501 0.0012932 0.00332536 0.00507498 0.0108237 0.0151923 0.0355575 0.0511519 0.128896 0.158205 0.207324 0.38972 0.560911 0.506596 0.614997 0.866388 0.864627 0.952521 0.928472 0.988176 
std_que 0.00033389 0.00100655 0.000239078 0.00154035 0.00374476 0.012885 0.00736549 0.0325458 0.0109584 0.0605057 0.110066 0.0405623 0.0351338 0.225245 0.0643507 0.0314305 0.0633185 0.0106752 0.0513544 0.00262114 
acc 0.541274 0.600337 0.576288 0.61466 0.688166 0.665095 0.71053 0.704619 0.849359 0.807553 0.781906 0.793903 0.871691 0.747674 0.692415 0.826005 0.742002 0.83973 0.756944 0.888959 
std_acc 0.0964285 0.00392502 0.0327395 0.0225959 0.0390881 0.0804621 0.0781021 0.10805 0.0290027 0.106088 0.131016 0.0697955 0.0683814 0.151936 0.0720544 0.079041 0.0898605 0.0357004 0.120523 0.0235357 
f1 0.177806 0.052281 0.169011 0.231063 0.462757 0.304046 0.489098 0.392466 0.807162 0.65127 0.551438 0.723551 0.828327 0.496035 0.441732 0.75818 0.679213 0.792732 0.613179 0.857015 
std_f1 0.255743 0.0675043 0.170251 0.132754 0.14322 0.31072 0.230274 0.338866 0.0503325 0.326205 0.400435 0.113087 0.103518 0.378607 0.217405 0.138457 0.101021 0.0492365 0.257608 0.0354753 
time 0.0011591 0.00119185 0.00126455 0.00137025 0.00164065 0.00178965 0.0026345 0.00313995 0.0060579 0.006556 0.0071048 0.0126096 0.0142335 0.0123014 0.015984 0.0189518 0.021233 0.0190322 0.0208278 0.0175848 
std_time 2.97168e-05 7.23079e-05 3.3167e-05 0.000116036 0.00022589 0.000720795 0.000408052 0.00154735 0.000415063 0.00241132 0.00384956 0.000590382 0.000476774 0.00448405 0.00111895 0.00262043 0.00250394 0.00258383 0.00360165 0.000952844 
AAROW2
que 0.0345468 0.0374484 0.0470441 0.0537818 0.050815 0.0562269 0.0559335 0.039611 0.0626929 0.044925 0.0460552 0.0820691 0.0845903 0.128798 0.139557 0.360791 0.475212 0.615171 0.555423 0.791991 
std_que 0.0172541 0.0102482 0.000968279 0.00106582 0.00165324 0.00151222 0.00391236 0.0127203 0.00395929 0.0236108 0.0363957 0.0205864 0.0446342 0.0533283 0.0520073 0.0115104 0.0264883 0.0158191 0.172281 0.0740901 
acc 0.726657 0.762399 0.791306 0.871343 0.860552 0.85414 0.874082 0.709139 0.868203 0.778407 0.738481 0.790524 0.750304 0.744458 0.69611 0.897164 0.875864 0.871256 0.75301 0.870767 
std_acc 0.117688 0.0996569 0.0892955 0.0138638 0.0406661 0.0311111 0.0106288 0.0852908 0.00797164 0.106314 0.142059 0.115696 0.135515 0.12281 0.0910476 0.00872827 0.0290388 0.0296048 0.12868 0.0575243 
f1 0.463866 0.5615 0.647416 0.843629 0.815288 0.80664 0.839149 0.468218 0.84058 0.583964 0.412808 0.605239 0.478027 0.588237 0.386718 0.872016 0.838399 0.830923 0.528478 0.827453 
std_f1 0.340767 0.258343 0.192154 0.0149394 0.0688166 0.0528152 0.0150231 0.211822 0.00895447 0.338118 0.415896 0.3164 0.380128 0.268478 0.263886 0.0124642 0.0433703 0.047931 0.34846 0.0893302 
time 0.0133368 0.0133013 0.0135293 0.0142387 0.014123 0.0142836 0.01435 0.0133536 0.0146982 0.0136159 0.0133455 0.0149072 0.0145283 0.0159494 0.01526 0.0211345 0.0225779 0.0248472 0.0222462 0.0250513 
std_time 0.000997993 0.000675963 0.000415181 0.000122698 0.000133474 0.00013707 0.000256055 0.000786215 0.000241534 0.0012671 0.00184168 0.00130528 0.00209739 0.00234154 0.0019582 0.00051949 0.000937977 0.000917436 0.00301137 0.000453349 
RAROW
que 0.0346446 0.0395131 0.0478048 0.0534449 0.0536296 0.0576614 0.060802 0.0429146 0.0604108 0.0446642 0.0427624 0.0786894 0.0816453 0.12644 0.139328 0.357303 0.482406 0.614106 0.550196 0.789046 
std_que 0.0156974 0.0106069 0.00109856 0.00253176 0.00197278 0.00155686 0.00316224 0.0118548 0.00587934 0.0235196 0.0333353 0.0197277 0.0410671 0.0525033 0.0528322 0.0112086 0.0282976 0.0155272 0.170063 0.0683294 
acc 0.645816 0.746153 0.592002 0.670028 0.710585 0.692382 0.675918 0.661617 0.638872 0.582775 0.594979 0.677135 0.699859 0.703977 0.634786 0.748196 0.738209 0.844903 0.838785 0.816051 
std_acc 0.0627239 0.069417 0.0154937 0.112153 0.104613 0.124171 0.0565426 0.0538519 0.0678783 0.0103304 0.0586562 0.0537393 0.0816882 0.0333732 0.0564069 0.073801 0.0379482 0.0371261 0.0659048 0.110107 
f1 0.410425 0.618481 0.278318 0.482844 0.529464 0.546518 0.53328 0.58135 0.397714 0.245661 0.355735 0.496 0.567759 0.556118 0.416885 0.681396 0.663171 0.799749 0.779804 0.716408 
std_f1 0.223978 0.146284 0.0817031 0.252273 0.30558 0.265395 0.110697 0.179843 0.182923 0.149661 0.192346 0.112653 0.176733 0.100564 0.177213 0.123226 0.0907877 0.0558887 0.147731 0.228548 
time 0.002417 0.0023124 0.00285115 0.0029657 0.00270785 0.0030281 0.0028725 0.0024664 0.00300505 0.00267105 0.00258125 0.00358335 0.00327995 0.0046504 0.0053893 0.00967495 0.0126985 0.0121499 0.011135 0.0165382 
std_time 0.000536238 0.000282156 0.000181416 0.000267547 0.000391387 0.000204326 0.000232624 0.000400233 0.000332934 0.000789719 0.00110849 0.000502076 0.000765848 0.00154327 0.00152799 0.00156947 0.00116397 0.00128955 0.00252135 0.00267975 
AROWC
que 1 1 1 1 1 1 1 1 1 1 1 1 1 1 1 1 1 1 1 1 
std_que 0 0 0 0 0 0 0 0 0 0 0 0 0 0 0 0 0 0 0 0 
acc 0.903597 0.903597 0.903597 0.903597 0.903597 0.903597 0.903597 0.903597 0.903597 0.903597 0.903597 0.903597 0.903597 0.903597 0.903597 0.903597 0.903597 0.903597 0.903597 0.903597 
std_acc 0.00125322 0.00125322 0.00125322 0.00125322 0.00125322 0.00125322 0.00125322 0.00125322 0.00125322 0.00125322 0.00125322 0.00125322 0.00125322 0.00125322 0.00125322 0.00125322 0.00125322 0.00125322 0.00125322 0.00125322 
f1 0.881482 0.881482 0.881482 0.881482 0.881482 0.881482 0.881482 0.881482 0.881482 0.881482 0.881482 0.881482 0.881482 0.881482 0.881482 0.881482 0.881482 0.881482 0.881482 0.881482 
std_f1 0.00108188 0.00108188 0.00108188 0.00108188 0.00108188 0.00108188 0.00108188 0.00108188 0.00108188 0.00108188 0.00108188 0.00108188 0.00108188 0.00108188 0.00108188 0.00108188 0.00108188 0.00108188 0.00108188 0.00108188 
time 0.040506 0.040506 0.040506 0.040506 0.040506 0.040506 0.040506 0.040506 0.040506 0.040506 0.040506 0.040506 0.040506 0.040506 0.040506 0.040506 0.040506 0.040506 0.040506 0.040506 
std_time 0.000512548 0.000512548 0.000512548 0.000512548 0.000512548 0.000512548 0.000512548 0.000512548 0.000512548 0.000512548 0.000512548 0.000512548 0.000512548 0.000512548 0.000512548 0.000512548 0.000512548 0.000512548 0.000512548 0.000512548 
