APE
que 0.00014603 0.000292061 0.000511707 0.000859379 0.00150952 0.00257694 0.00425849 0.00705267 0.0121337 0.0214157 0.0386573 0.0726792 0.138774 0.247733 0.401705 0.573926 0.730628 0.842695 0.914139 0.954819 
std_que 9.20192e-06 5.60117e-06 3.72078e-05 4.16087e-05 3.60075e-06 4.00084e-07 1.84038e-05 0.000126426 0.00019124 0.000448894 0.00033647 0.000609727 8.44176e-05 0.000904189 7.60159e-05 0.00023965 0.000500104 0.000304864 8.92186e-05 0.000116824 
acc 0.563113 0.593672 0.629155 0.667868 0.709453 0.719784 0.737728 0.744495 0.75085 0.753921 0.754767 0.75145 0.743759 0.734435 0.724913 0.715753 0.708577 0.704186 0.701473 0.700045 
std_acc 0.0149883 0.0149743 0.0259094 0.0127043 0.00332429 0.00348593 0.000390482 0.000837775 0.000598525 0.000501305 0.00109303 0.000152432 3.92082e-05 9.64201e-05 0.000618929 2.08043e-05 0.000256454 0.000300863 0.000174436 5.52115e-05 
f1 0.455959 0.521485 0.602228 0.624835 0.6644 0.679572 0.697393 0.705467 0.713117 0.720033 0.720013 0.717774 0.711192 0.703517 0.695094 0.687263 0.680952 0.677104 0.674796 0.673594 
std_f1 0.00842704 0.0289111 0.00965868 0.000770478 0.00363367 0.00300711 0.000602981 0.00148898 0.000290576 0.000222315 0.000639162 0.00064683 0.000729731 0.000128702 0.000764577 0.000176795 0.000285655 0.000308666 0.000219789 8.82174e-05 
time 0.538536 0.541815 0.541616 0.541498 0.544735 0.549208 0.543889 0.556785 0.546245 0.552728 0.546995 0.547007 0.551335 0.551637 0.562783 0.562099 0.571648 0.575203 0.56833 0.565684 
std_time 6.3e-05 0.000354 0.00042 0.0004505 0.0026595 0.006027 0.000547 1.45e-05 0.0011145 0.00642 0.002625 0.00046 0.000773 0.0018345 0.0045825 0.0025195 0.0067095 0.0013805 0.003094 0.000887 
APAII
que 0.000932595 0.00162954 0.00247452 0.003834 0.00594764 0.00937756 0.0141642 0.0226991 0.0357647 0.0579089 0.0929558 0.1515 0.240221 0.35982 0.504386 0.650403 0.776544 0.868625 0.927661 0.961546 
std_que 8.84185e-05 2.36049e-05 4.04084e-05 0.000134828 3.68077e-05 0.000180438 8.28173e-05 5.12107e-05 0.00024045 0.000224847 0.000206043 0.000991807 0.000374478 0.000246451 0.000743755 0.000749757 5.44114e-05 0.000250452 0.000102021 0.000187639 
acc 0.68968 0.738848 0.74357 0.751697 0.762226 0.76819 0.77285 0.776692 0.778196 0.779485 0.780473 0.780831 0.780561 0.780115 0.780115 0.779606 0.779086 0.77934 0.778629 0.77871 
std_acc 0.0197049 0.00357275 0.00281899 0.00232008 0.000489302 0.000496504 0.000230848 1.9204e-05 0.000128027 6.20129e-05 0.00014563 0.000150031 2.12044e-05 3.24068e-05 2.08043e-05 1.16024e-05 8.40175e-06 0.000148831 8.80184e-05 4.44093e-05 
f1 0.603591 0.686781 0.695533 0.700711 0.714768 0.723969 0.728529 0.736806 0.738218 0.740606 0.742986 0.743438 0.743641 0.74326 0.743555 0.743119 0.742729 0.742981 0.742338 0.742429 
std_f1 0.0440241 0.000793479 0.00299672 0.00569774 0.000838707 0.00063948 0.000424654 0.000115963 0.000102055 0.000109447 0.000271382 0.000434571 0.000163467 4.98333e-05 0.000102281 7.0209e-05 7.15175e-05 0.000170241 0.000106527 1.43317e-06 
time 0.610125 0.611582 0.609484 0.612839 0.612553 0.607312 0.606734 0.607886 0.609458 0.611474 0.613869 0.618725 0.62743 0.639339 0.645122 0.66 0.656543 0.662044 0.666401 0.666864 
std_time 0.0039395 0.0059095 0.002214 0.004767 0.005097 0.001368 0.0005775 0.001676 0.0007145 0.0001495 0.000517 0.0003135 0.0009535 0.005526 0.001385 0.007853 0.0002205 0.0029835 0.00132 0.000181 
ASOP
que 0.000872582 0.00205003 0.0147251 0.190773 0.532393 0.75149 0.873405 0.933095 0.965189 0.982645 0.990992 0.995414 0.997742 0.998871 0.999423 0.999695 0.99985 0.999928 0.999962 0.999978 
std_que 6.20129e-05 6.88144e-05 0.00219046 0.00028766 0.00543073 0.00275938 0.000229648 0.000275257 0.000130827 0.000157633 0.000214845 1.68035e-05 6.28131e-05 3.04063e-05 3.00063e-05 1.60033e-05 1.04022e-05 2.80058e-06 4.00084e-06 4.00084e-06 
acc 0.739647 0.758907 0.761678 0.746249 0.724945 0.714369 0.708171 0.705998 0.704698 0.70418 0.70395 0.703619 0.703518 0.703639 0.703898 0.703344 0.70399 0.703961 0.70336 0.703809 
std_acc 0.00548995 0.00533871 0.000800567 0.000259654 0.000360475 0.00019084 7.60159e-05 0.000138429 0.000122826 0.00018964 2.12044e-05 6.80142e-06 3.20067e-06 0.000361275 0.000172036 0.000114824 0.000577321 0.000198441 0.00014363 9.24193e-05 
f1 0.69997 0.72155 0.727188 0.714374 0.695644 0.686645 0.681542 0.67969 0.678649 0.67827 0.678027 0.67773 0.677632 0.677769 0.678053 0.67746 0.67816 0.678133 0.677471 0.677975 
std_f1 0.00943736 0.00517171 0.00250145 0.00201972 0.000437007 0.000441661 5.69177e-05 5.64341e-05 0.000168777 0.00018637 2.15201e-05 5.57296e-06 9.14105e-06 0.000386785 0.000183131 0.000123019 0.000626157 0.000196993 0.000154902 0.000110425 
time 4.22451 4.23606 4.24102 4.29611 4.39638 4.45751 4.48597 4.49998 4.51899 4.51143 4.51485 4.5252 4.52 4.50861 4.53321 4.52986 4.53247 4.52917 4.53999 4.5413 
std_time 0.0188855 0.0009305 0.001319 0.003781 0.009853 0.0066875 0.002655 0.00187 0.0114785 0.0038485 0.005255 0.003432 0.00444 6.9e-05 0.00654 0.0027825 0.009183 0.009791 0.008362 0.0213615 
AROW
que 1 1 1 1 1 1 1 1 1 1 1 1 1 1 1 1 1 1 1 1 
std_que 0 0 0 0 0 0 0 0 0 0 0 0 0 0 0 0 0 0 0 0 
acc 0.786998 0.786998 0.786998 0.786998 0.786998 0.786998 0.786998 0.786998 0.786998 0.786998 0.786998 0.786998 0.786998 0.786998 0.786998 0.786998 0.786998 0.786998 0.786998 0.786998 
std_acc 7.1615e-05 7.1615e-05 7.1615e-05 7.1615e-05 7.1615e-05 7.1615e-05 7.1615e-05 7.1615e-05 7.1615e-05 7.1615e-05 7.1615e-05 7.1615e-05 7.1615e-05 7.1615e-05 7.1615e-05 7.1615e-05 7.1615e-05 7.1615e-05 7.1615e-05 7.1615e-05 
f1 0.746449 0.746449 0.746449 0.746449 0.746449 0.746449 0.746449 0.746449 0.746449 0.746449 0.746449 0.746449 0.746449 0.746449 0.746449 0.746449 0.746449 0.746449 0.746449 0.746449 
std_f1 2.74076e-05 2.74076e-05 2.74076e-05 2.74076e-05 2.74076e-05 2.74076e-05 2.74076e-05 2.74076e-05 2.74076e-05 2.74076e-05 2.74076e-05 2.74076e-05 2.74076e-05 2.74076e-05 2.74076e-05 2.74076e-05 2.74076e-05 2.74076e-05 2.74076e-05 2.74076e-05 
time 2.33388 2.33388 2.33388 2.33388 2.33388 2.33388 2.33388 2.33388 2.33388 2.33388 2.33388 2.33388 2.33388 2.33388 2.33388 2.33388 2.33388 2.33388 2.33388 2.33388 
std_time 0.0107455 0.0107455 0.0107455 0.0107455 0.0107455 0.0107455 0.0107455 0.0107455 0.0107455 0.0107455 0.0107455 0.0107455 0.0107455 0.0107455 0.0107455 0.0107455 0.0107455 0.0107455 0.0107455 0.0107455 
AAROW
que 0.000563318 0.00124786 0.00199442 0.00276418 0.00501305 0.00704827 0.0107518 0.016205 0.0248188 0.0381892 0.0591135 0.0932551 0.146445 0.227602 0.341597 0.484559 0.634876 0.765846 0.861592 0.923685 
std_que 0.000224847 3.00063e-05 7.60159e-06 0.00042929 6.64139e-05 4.36091e-05 0.000153632 0.000132828 0.000259254 4.84101e-05 6.00125e-06 9.40196e-05 6.60138e-05 0.000732553 0.000561317 0.000512107 0.000154432 9.32195e-05 0.000254453 2.80058e-05 
acc 0.660408 0.740263 0.75915 0.739316 0.777574 0.776259 0.780937 0.783711 0.7851 0.785652 0.785992 0.786749 0.787052 0.78727 0.787374 0.787315 0.787299 0.787092 0.787019 0.78694 
std_acc 0.0611724 0.00358315 0.00294702 0.0320519 0.000352474 0.00420168 0.000207643 0.000608127 6.2413e-05 2.20046e-05 0.000228848 7.1615e-05 0.000188839 2.36049e-05 4.44093e-05 7.08148e-05 8.40175e-06 6.12128e-05 1.64034e-05 1.04022e-05 
f1 0.47341 0.677793 0.708272 0.662195 0.735739 0.731016 0.737717 0.742864 0.743559 0.74494 0.744684 0.746616 0.747494 0.747661 0.748298 0.747866 0.747603 0.746913 0.746656 0.746294 
std_f1 0.201415 0.0139522 0.00464003 0.0665834 0.000389042 0.00762617 0.00238943 0.000171069 0.000449357 0.000201006 0.000266196 0.000288056 0.000425883 0.000105481 0.000111102 1.35124e-05 0.000146163 0.000200231 9.10482e-05 4.63548e-05 
time 0.538563 0.544933 0.547386 0.549838 0.561677 0.567757 0.577953 0.600059 0.622177 0.661669 0.717812 0.81002 0.940916 1.13217 1.36368 1.63036 1.86431 2.06017 2.19508 2.25934 
std_time 0.0052445 5.75e-05 0.0008495 0.00386 0.005267 0.003574 0.0035715 0.0025815 0.0030255 0.00318 0.001024 0.001892 0.0006265 0.003039 0.0045015 0.0063755 0.000963 0.006316 0.022441 0.004176 
AAROW2
que 0.0043165 0.00821171 0.0090959 0.0101249 0.0137445 0.0216225 0.0391646 0.0747712 0.146704 0.2814 0.485241 0.704788 0.861693 0.944417 0.979218 0.992614 0.997258 0.99907 0.999675 0.99988 
std_que 0.00425889 0.000522909 0.000158033 7.1615e-05 0.000120025 4.92103e-05 0.000390882 8.04168e-05 0.000420488 0.000160834 7.96166e-05 0.000690544 7.72161e-05 9.602e-05 9.602e-05 0.000103222 1.08023e-05 4.801e-06 8.00167e-06 6.40134e-06 
acc 0.662293 0.762662 0.784875 0.781501 0.785536 0.784195 0.786155 0.786735 0.787017 0.787257 0.787325 0.787144 0.78716 0.787012 0.786998 0.786951 0.787015 0.786912 0.786906 0.786866 
std_acc 0.11994 0.0214525 0.000553316 0.00387681 0.000126826 0.000512907 0.000235249 0.000181238 4.48094e-05 6.20129e-05 4.801e-05 8.80184e-06 8.96187e-05 6.64139e-05 1.76037e-05 1.60033e-05 1.64034e-05 7.1615e-05 8.40175e-06 1.56033e-05 
f1 0.37028 0.704599 0.745353 0.739402 0.745205 0.74148 0.745483 0.746407 0.747381 0.748059 0.747798 0.747188 0.747152 0.746445 0.746419 0.746295 0.746366 0.74619 0.746191 0.746051 
std_f1 0.37028 0.0399504 0.00179684 0.00700009 0.000794331 0.000956888 0.000192004 0.000561393 0.000117318 0.000212026 0.000153853 0.000226212 0.000224717 0.000152247 8.29148e-05 0.000111646 8.17678e-05 0.000170088 2.39159e-05 0.000111927 
time 1.73685 1.76092 1.76048 1.77262 1.77349 1.7884 1.81864 1.87796 2.00537 2.20265 2.46351 2.67938 2.8231 2.87879 2.91173 2.91284 2.94169 2.93318 3.05522 2.92881 
std_time 0.0133455 0.0026995 0.006628 0.0150805 0.00394 0.0057485 0.007084 0.000378 0.006006 0.008089 0.009661 0.0021145 0.001375 0.0070965 0.016346 0.0130145 0.006025 0.000232 0.123489 0.003108 
RAROW
que 0.0043149 0.00829093 0.00906389 0.00998528 0.0137497 0.0216021 0.0392258 0.0746056 0.146509 0.281545 0.484992 0.704534 0.861778 0.944327 0.979156 0.992712 0.997293 0.999111 0.999672 0.999883 
std_que 0.00426129 0.000540513 0.000180438 2.48052e-05 0.000128427 8.00167e-07 0.000358475 0.000247652 0.00028686 0.000212444 0.000112023 0.000944197 1.60033e-05 0.000178437 5.7612e-05 0.000134028 6.00125e-06 2.80058e-06 2.76058e-05 6.40134e-06 
acc 0.666354 0.755442 0.761238 0.759993 0.766771 0.77004 0.778101 0.782168 0.784459 0.785595 0.786353 0.786715 0.786936 0.786926 0.786966 0.786948 0.787018 0.786897 0.786913 0.786862 
std_acc 0.09193 0.000708948 0.000852578 0.000723351 0.00218926 0.00243091 0.00116064 0.000508906 0.000396483 5.40113e-05 2.48052e-05 0.000116824 1.60033e-05 3.80079e-05 4.00084e-06 1.12023e-05 1.64034e-05 6.44134e-05 1.04022e-05 1.32028e-05 
f1 0.635937 0.682634 0.702621 0.687376 0.706584 0.709442 0.726259 0.734942 0.740885 0.743212 0.744507 0.74578 0.746225 0.746079 0.746309 0.74628 0.746362 0.746161 0.746202 0.746044 
std_f1 0.0722024 0.000729043 0.00532367 0.00167532 0.00915335 0.0061722 0.00237059 0.00167213 0.0015024 0.000325981 1.3528e-05 0.000403286 2.44741e-05 4.75944e-05 0.000121523 0.000108357 8.15294e-05 0.000145074 2.27903e-05 0.000111249 
time 0.572456 0.578569 0.58351 0.584276 0.595942 0.607309 0.639574 0.703488 0.835025 1.07957 1.45529 1.84314 2.11685 2.26279 2.33937 2.35344 2.35488 2.3656 2.40172 2.3678 
std_time 0.012412 0.0010675 0.000111 0.0009025 0.0041065 0.00029 0.0006305 9.35e-05 0.001276 0.0006195 0.002693 0.003993 0.000856 0.003638 0.020891 0.003786 0.004004 0.00416 0.0386565 0.0060985 
